/*--------------------------------*- C++ -*----------------------------------*\
| =========                 |                                                 |
| \\      /  F ield         | OpenFOAM: The Open Source CFD Toolbox           |
|  \\    /   O peration     | Version:  v1906                                 |
|   \\  /    A nd           | Web:      www.OpenFOAM.com                      |
|    \\/     M anipulation  |                                                 |
\*---------------------------------------------------------------------------*/
FoamFile
{
    version     2.0;
    format      ascii;
    class       volScalarField;
    location    "19.44";
    object      k;
}
// * * * * * * * * * * * * * * * * * * * * * * * * * * * * * * * * * * * * * //

dimensions      [0 2 -2 0 0 0 0];


internalField   nonuniform List<scalar> 
1380
(
0.041265
0.041265
0.041265
0.041265
0.041265
0.041265
0.041265
0.041265
0.041265
0.041265
0.041265
0.041265
0.041265
0.041265
0.041265
0.041265
0.041265
0.041265
0.041265
0.041265
0.0419849
0.0419849
0.0419849
0.0419849
0.0419849
0.0419849
0.0419849
0.0419849
0.0419849
0.0419849
0.0419849
0.0419849
0.0419849
0.0419849
0.0419849
0.0419849
0.0419849
0.0419849
0.0419849
0.0419849
0.0408833
0.0408833
0.0408833
0.0408833
0.0408833
0.0408833
0.0408833
0.0408833
0.0408833
0.0408833
0.0408833
0.0408833
0.0408833
0.0408833
0.0408833
0.0408833
0.0408833
0.0408833
0.0408833
0.0408833
0.0397342
0.0397342
0.0397342
0.0397342
0.0397342
0.0397342
0.0397342
0.0397342
0.0397342
0.0397342
0.0397342
0.0397342
0.0397342
0.0397342
0.0397342
0.0397342
0.0397342
0.0397342
0.0397342
0.0397342
0.0386548
0.0386548
0.0386548
0.0386548
0.0386548
0.0386548
0.0386548
0.0386548
0.0386548
0.0386548
0.0386548
0.0386548
0.0386548
0.0386548
0.0386548
0.0386548
0.0386548
0.0386548
0.0386548
0.0386548
0.0376174
0.0376174
0.0376174
0.0376174
0.0376174
0.0376174
0.0376174
0.0376174
0.0376174
0.0376174
0.0376174
0.0376174
0.0376174
0.0376174
0.0376174
0.0376174
0.0376174
0.0376174
0.0376174
0.0376174
0.036602
0.036602
0.036602
0.036602
0.036602
0.036602
0.036602
0.036602
0.036602
0.036602
0.036602
0.036602
0.036602
0.036602
0.036602
0.036602
0.036602
0.036602
0.036602
0.036602
0.0355986
0.0355986
0.0355986
0.0355986
0.0355986
0.0355986
0.0355986
0.0355986
0.0355986
0.0355986
0.0355986
0.0355986
0.0355986
0.0355986
0.0355986
0.0355986
0.0355986
0.0355986
0.0355986
0.0355986
0.0346025
0.0346025
0.0346025
0.0346025
0.0346025
0.0346025
0.0346025
0.0346025
0.0346025
0.0346025
0.0346025
0.0346025
0.0346025
0.0346025
0.0346025
0.0346025
0.0346025
0.0346025
0.0346025
0.0346025
0.0336116
0.0336116
0.0336116
0.0336116
0.0336116
0.0336116
0.0336116
0.0336116
0.0336116
0.0336116
0.0336116
0.0336116
0.0336116
0.0336116
0.0336116
0.0336116
0.0336116
0.0336116
0.0336116
0.0336116
0.0326252
0.0326252
0.0326252
0.0326252
0.0326252
0.0326252
0.0326252
0.0326252
0.0326252
0.0326252
0.0326252
0.0326252
0.0326252
0.0326252
0.0326252
0.0326252
0.0326252
0.0326252
0.0326252
0.0326252
0.0316435
0.0316435
0.0316435
0.0316435
0.0316435
0.0316435
0.0316435
0.0316435
0.0316435
0.0316435
0.0316435
0.0316435
0.0316435
0.0316435
0.0316435
0.0316435
0.0316435
0.0316435
0.0316435
0.0316435
0.030661
0.030661
0.030661
0.030661
0.030661
0.030661
0.030661
0.030661
0.030661
0.030661
0.030661
0.030661
0.030661
0.030661
0.030661
0.030661
0.030661
0.030661
0.030661
0.030661
0.0296717
0.0296717
0.0296717
0.0296717
0.0296717
0.0296717
0.0296717
0.0296717
0.0296717
0.0296717
0.0296717
0.0296717
0.0296717
0.0296717
0.0296717
0.0296717
0.0296717
0.0296717
0.0296717
0.0296717
0.0286714
0.0286714
0.0286714
0.0286714
0.0286714
0.0286714
0.0286714
0.0286714
0.0286714
0.0286714
0.0286714
0.0286714
0.0286714
0.0286714
0.0286714
0.0286714
0.0286714
0.0286714
0.0286714
0.0286714
0.0276578
0.0276578
0.0276578
0.0276578
0.0276578
0.0276578
0.0276578
0.0276578
0.0276578
0.0276578
0.0276578
0.0276578
0.0276578
0.0276578
0.0276578
0.0276578
0.0276578
0.0276578
0.0276578
0.0276578
0.0266308
0.0266308
0.0266308
0.0266308
0.0266308
0.0266308
0.0266308
0.0266308
0.0266308
0.0266308
0.0266308
0.0266308
0.0266308
0.0266308
0.0266308
0.0266308
0.0266308
0.0266308
0.0266308
0.0266308
0.0255909
0.0255909
0.0255909
0.0255909
0.0255909
0.0255909
0.0255909
0.0255909
0.0255909
0.0255909
0.0255909
0.0255909
0.0255909
0.0255909
0.0255909
0.0255909
0.0255909
0.0255909
0.0255909
0.0255909
0.0245386
0.0245386
0.0245386
0.0245386
0.0245386
0.0245386
0.0245386
0.0245386
0.0245386
0.0245386
0.0245386
0.0245386
0.0245386
0.0245386
0.0245386
0.0245386
0.0245386
0.0245386
0.0245386
0.0245386
0.0234716
0.0234716
0.0234716
0.0234716
0.0234716
0.0234716
0.0234716
0.0234716
0.0234715
0.0234715
0.0234715
0.0234715
0.0234715
0.0234715
0.0234715
0.0234715
0.0234715
0.0234715
0.0234715
0.0234716
0.0223621
0.0223621
0.0223621
0.0223621
0.0223621
0.0223621
0.0223621
0.0223621
0.0223621
0.0223621
0.0223621
0.0223621
0.0223621
0.0223621
0.0223621
0.0223621
0.0223621
0.0223621
0.0223621
0.0223621
0.0211827
0.0211827
0.0211827
0.0211827
0.0211827
0.0211827
0.0211827
0.0211827
0.0211827
0.0211827
0.0211827
0.0211827
0.0211827
0.0211827
0.0211827
0.0211827
0.0211827
0.0211827
0.0211827
0.0211827
0.0199293
0.0199293
0.0199293
0.0199293
0.0199293
0.0199293
0.0199293
0.0199293
0.0199293
0.0199293
0.0199293
0.0199293
0.0199293
0.0199293
0.0199293
0.0199293
0.0199293
0.0199293
0.0199293
0.0199293
0.0186035
0.0186035
0.0186035
0.0186035
0.0186035
0.0186035
0.0186035
0.0186035
0.0186035
0.0186035
0.0186035
0.0186035
0.0186035
0.0186035
0.0186034
0.0186034
0.0186034
0.0186034
0.0186034
0.0186035
0.0172297
0.0172297
0.0172297
0.0172297
0.0172297
0.0172297
0.0172297
0.0172297
0.0172297
0.0172297
0.0172297
0.0172297
0.0172297
0.0172297
0.0172297
0.0172297
0.0172297
0.0172297
0.0172297
0.0172297
0.0158412
0.0158412
0.0158412
0.0158412
0.0158412
0.0158412
0.0158412
0.0158412
0.0158412
0.0158412
0.0158412
0.0158412
0.0158412
0.0158412
0.0158412
0.0158412
0.0158412
0.0158412
0.0158412
0.0158412
0.01447
0.01447
0.01447
0.01447
0.01447
0.01447
0.01447
0.01447
0.01447
0.01447
0.01447
0.01447
0.01447
0.01447
0.01447
0.01447
0.01447
0.01447
0.01447
0.01447
0.0131411
0.0131411
0.0131411
0.0131411
0.0131411
0.0131411
0.0131411
0.0131411
0.0131411
0.0131411
0.0131411
0.0131411
0.0131411
0.0131411
0.0131411
0.0131411
0.0131411
0.0131411
0.0131411
0.0131411
0.0118544
0.0118544
0.0118544
0.0118544
0.0118544
0.0118544
0.0118544
0.0118544
0.0118544
0.0118544
0.0118544
0.0118544
0.0118544
0.0118544
0.0118544
0.0118544
0.0118544
0.0118544
0.0118544
0.0118544
0.0106004
0.0106004
0.0106004
0.0106004
0.0106004
0.0106004
0.0106004
0.0106004
0.0106004
0.0106004
0.0106004
0.0106004
0.0106004
0.0106004
0.0106004
0.0106004
0.0106004
0.0106004
0.0106004
0.0106004
0.00938404
0.00938404
0.00938403
0.00938403
0.00938403
0.00938403
0.00938403
0.00938403
0.00938403
0.00938403
0.00938403
0.00938403
0.00938403
0.00938402
0.00938402
0.00938402
0.00938402
0.00938402
0.00938402
0.00938403
0.00822392
0.00822392
0.00822392
0.00822392
0.00822392
0.00822391
0.00822391
0.00822391
0.00822391
0.00822391
0.00822391
0.00822391
0.00822391
0.00822391
0.00822391
0.00822391
0.00822391
0.00822391
0.00822391
0.00822392
0.00714964
0.00714964
0.00714964
0.00714964
0.00714964
0.00714964
0.00714964
0.00714964
0.00714963
0.00714963
0.00714963
0.00714963
0.00714963
0.00714963
0.00714963
0.00714963
0.00714963
0.00714963
0.00714963
0.00714964
0.00619874
0.00619874
0.00619874
0.00619874
0.00619874
0.00619874
0.00619873
0.00619873
0.00619873
0.00619873
0.00619873
0.00619873
0.00619873
0.00619873
0.00619873
0.00619873
0.00619873
0.00619873
0.00619873
0.00619874
0.00540575
0.00540575
0.00540575
0.00540575
0.00540575
0.00540575
0.00540575
0.00540575
0.00540575
0.00540575
0.00540575
0.00540575
0.00540575
0.00540574
0.00540574
0.00540574
0.00540574
0.00540575
0.00540575
0.00540575
0.00478876
0.00478876
0.00478876
0.00478876
0.00478876
0.00478876
0.00478876
0.00478876
0.00478876
0.00478876
0.00478876
0.00478876
0.00478876
0.00478876
0.00478876
0.00478876
0.00478876
0.00478876
0.00478876
0.00478876
0.00434179
0.00434179
0.00434179
0.00434179
0.00434179
0.00434179
0.00434179
0.00434179
0.00434179
0.00434179
0.00434179
0.00434179
0.00434179
0.00434179
0.00434179
0.00434178
0.00434178
0.00434178
0.00434179
0.00434179
0.00403789
0.00403789
0.00403789
0.00403789
0.00403789
0.00403789
0.00403789
0.00403789
0.00403789
0.00403789
0.00403789
0.00403789
0.00403789
0.00403789
0.00403789
0.00403789
0.00403789
0.00403789
0.00403789
0.00403789
0.00383987
0.00383987
0.00383987
0.00383987
0.00383987
0.00383987
0.00383987
0.00383987
0.00383987
0.00383987
0.00383987
0.00383987
0.00383987
0.00383987
0.00383987
0.00383987
0.00383987
0.00383987
0.00383987
0.00383987
0.0037151
0.0037151
0.0037151
0.0037151
0.0037151
0.0037151
0.0037151
0.0037151
0.0037151
0.0037151
0.0037151
0.0037151
0.0037151
0.0037151
0.0037151
0.0037151
0.0037151
0.0037151
0.0037151
0.0037151
0.00364248
0.00364248
0.00364248
0.00364248
0.00364248
0.00364248
0.00364248
0.00364248
0.00364248
0.00364248
0.00364248
0.00364248
0.00364248
0.00364248
0.00364248
0.00364248
0.00364248
0.00364248
0.00364248
0.00364248
0.00360203
0.00360203
0.00360203
0.00360203
0.00360203
0.00360203
0.00360203
0.00360203
0.00360203
0.00360203
0.00360203
0.00360203
0.00360203
0.00360203
0.00360203
0.00360203
0.00360203
0.00360203
0.00360203
0.00360203
0.0035775
0.0035775
0.0035775
0.0035775
0.0035775
0.0035775
0.0035775
0.0035775
0.0035775
0.0035775
0.0035775
0.0035775
0.0035775
0.0035775
0.0035775
0.0035775
0.0035775
0.0035775
0.0035775
0.0035775
0.00355784
0.00355784
0.00355784
0.00355784
0.00355784
0.00355784
0.00355784
0.00355784
0.00355784
0.00355784
0.00355784
0.00355784
0.00355784
0.00355784
0.00355784
0.00355784
0.00355784
0.00355784
0.00355784
0.00355784
0.00353454
0.00353454
0.00353454
0.00353454
0.00353454
0.00353454
0.00353454
0.00353454
0.00353454
0.00353454
0.00353454
0.00353454
0.00353454
0.00353454
0.00353454
0.00353454
0.00353454
0.00353454
0.00353454
0.00353454
0.00350051
0.00350051
0.00350051
0.00350051
0.00350051
0.00350051
0.00350051
0.00350051
0.00350051
0.00350051
0.00350051
0.00350051
0.00350051
0.00350051
0.00350051
0.00350051
0.00350051
0.00350051
0.00350051
0.00350051
0.0034496
0.0034496
0.0034496
0.0034496
0.0034496
0.0034496
0.0034496
0.0034496
0.0034496
0.0034496
0.0034496
0.0034496
0.0034496
0.0034496
0.0034496
0.0034496
0.0034496
0.0034496
0.0034496
0.0034496
0.00337651
0.00337651
0.00337651
0.00337651
0.00337651
0.00337651
0.00337651
0.00337651
0.00337651
0.00337651
0.00337651
0.00337651
0.00337651
0.00337651
0.00337651
0.00337651
0.00337651
0.00337651
0.00337651
0.00337651
0.00327683
0.00327683
0.00327683
0.00327683
0.00327683
0.00327683
0.00327683
0.00327683
0.00327683
0.00327683
0.00327683
0.00327683
0.00327683
0.00327683
0.00327683
0.00327683
0.00327683
0.00327683
0.00327683
0.00327683
0.00314717
0.00314717
0.00314717
0.00314717
0.00314717
0.00314717
0.00314717
0.00314717
0.00314717
0.00314717
0.00314717
0.00314717
0.00314717
0.00314717
0.00314717
0.00314717
0.00314717
0.00314717
0.00314717
0.00314717
0.00298535
0.00298535
0.00298535
0.00298535
0.00298535
0.00298535
0.00298535
0.00298535
0.00298535
0.00298535
0.00298535
0.00298535
0.00298535
0.00298535
0.00298535
0.00298535
0.00298535
0.00298535
0.00298535
0.00298535
0.00279063
0.00279063
0.00279063
0.00279063
0.00279063
0.00279063
0.00279063
0.00279063
0.00279063
0.00279063
0.00279063
0.00279063
0.00279063
0.00279063
0.00279063
0.00279063
0.00279063
0.00279063
0.00279063
0.00279063
0.00256392
0.00256392
0.00256392
0.00256392
0.00256392
0.00256392
0.00256392
0.00256392
0.00256392
0.00256392
0.00256392
0.00256392
0.00256392
0.00256392
0.00256392
0.00256392
0.00256392
0.00256392
0.00256392
0.00256392
0.00230791
0.00230791
0.00230791
0.00230791
0.00230791
0.00230791
0.00230791
0.00230791
0.00230791
0.00230791
0.00230791
0.00230791
0.00230791
0.00230791
0.00230791
0.00230791
0.00230791
0.00230791
0.00230791
0.00230791
0.00203142
0.00203142
0.00203142
0.00203142
0.00203142
0.00203142
0.00203142
0.00203142
0.00203142
0.00203142
0.00203142
0.00203142
0.00203142
0.00203142
0.00203142
0.00203142
0.00203142
0.00203142
0.00203142
0.00203142
0.00174423
0.00174423
0.00174423
0.00174423
0.00174423
0.00174423
0.00174423
0.00174423
0.00174423
0.00174423
0.00174423
0.00174423
0.00174423
0.00174423
0.00174423
0.00174423
0.00174423
0.00174423
0.00174423
0.00174423
0.00145029
0.00145029
0.00145029
0.00145029
0.00145029
0.00145029
0.00145029
0.00145029
0.00145029
0.00145029
0.00145029
0.00145029
0.00145029
0.00145029
0.00145029
0.00145029
0.00145029
0.00145029
0.00145029
0.00145029
0.00115939
0.00115939
0.00115939
0.00115939
0.00115939
0.00115939
0.00115939
0.00115939
0.00115939
0.00115939
0.00115939
0.00115939
0.00115939
0.00115939
0.00115939
0.00115939
0.00115939
0.00115939
0.00115939
0.00115939
0.000890532
0.000890532
0.000890532
0.000890532
0.000890532
0.000890532
0.000890532
0.000890532
0.000890532
0.000890532
0.000890532
0.000890532
0.000890532
0.000890532
0.000890532
0.000890532
0.000890532
0.000890532
0.000890532
0.000890532
0.000663542
0.000663542
0.000663542
0.000663542
0.000663542
0.000663542
0.000663542
0.000663542
0.000663542
0.000663542
0.000663542
0.000663542
0.000663542
0.000663542
0.000663542
0.000663542
0.000663542
0.000663542
0.000663542
0.000663542
0.000486904
0.000486904
0.000486904
0.000486904
0.000486904
0.000486904
0.000486904
0.000486904
0.000486904
0.000486904
0.000486904
0.000486904
0.000486904
0.000486904
0.000486904
0.000486904
0.000486904
0.000486904
0.000486904
0.000486904
0.000352766
0.000352766
0.000352766
0.000352766
0.000352766
0.000352766
0.000352766
0.000352766
0.000352766
0.000352766
0.000352766
0.000352766
0.000352766
0.000352766
0.000352766
0.000352766
0.000352766
0.000352766
0.000352766
0.000352766
0.000244026
0.000244026
0.000244026
0.000244026
0.000244026
0.000244026
0.000244026
0.000244026
0.000244026
0.000244026
0.000244026
0.000244026
0.000244026
0.000244026
0.000244026
0.000244026
0.000244026
0.000244026
0.000244026
0.000244026
0.00014619
0.00014619
0.00014619
0.00014619
0.00014619
0.00014619
0.00014619
0.00014619
0.00014619
0.00014619
0.00014619
0.00014619
0.00014619
0.00014619
0.00014619
0.00014619
0.00014619
0.00014619
0.00014619
0.00014619
5.63137e-05
5.63137e-05
5.63137e-05
5.63137e-05
5.63137e-05
5.63137e-05
5.63137e-05
5.63137e-05
5.63137e-05
5.63137e-05
5.63137e-05
5.63137e-05
5.63137e-05
5.63137e-05
5.63137e-05
5.63137e-05
5.63137e-05
5.63137e-05
5.63137e-05
5.63137e-05
6.28872e-06
6.28872e-06
6.28872e-06
6.28872e-06
6.28872e-06
6.28872e-06
6.28872e-06
6.28872e-06
6.28872e-06
6.28873e-06
6.28873e-06
6.28873e-06
6.28873e-06
6.28873e-06
6.28873e-06
6.28873e-06
6.28873e-06
6.28873e-06
6.28873e-06
6.28873e-06
7.88941e-08
7.88941e-08
7.88941e-08
7.88942e-08
7.88942e-08
7.88942e-08
7.88942e-08
7.88942e-08
7.88942e-08
7.88943e-08
7.88943e-08
7.88943e-08
7.88943e-08
7.88943e-08
7.88943e-08
7.88943e-08
7.88944e-08
7.88944e-08
7.88944e-08
7.88944e-08
1.69728e-10
1.69728e-10
1.69728e-10
1.69728e-10
1.69728e-10
1.69728e-10
1.69728e-10
1.69728e-10
1.69728e-10
1.69728e-10
1.69728e-10
1.69728e-10
1.69728e-10
1.69728e-10
1.69728e-10
1.69728e-10
1.69728e-10
1.69728e-10
1.69728e-10
1.69728e-10
3.34677e-13
3.34677e-13
3.34677e-13
3.34677e-13
3.34677e-13
3.34678e-13
3.34678e-13
3.34678e-13
3.34678e-13
3.34678e-13
3.34678e-13
3.34678e-13
3.34678e-13
3.34678e-13
3.34678e-13
3.34678e-13
3.34678e-13
3.34678e-13
3.34678e-13
3.34678e-13
)
;

boundaryField
{
    top
    {
        type            symmetryPlane;
    }
    bottom
    {
        type            kqRWallFunction;
        value           uniform 0.041265;
    }
    inlet
    {
        type            cyclic;
    }
    outlet
    {
        type            cyclic;
    }
    frontAndBack
    {
        type            empty;
    }
}


// ************************************************************************* //
