/*--------------------------------*- C++ -*----------------------------------*\
| =========                 |                                                 |
| \\      /  F ield         | OpenFOAM: The Open Source CFD Toolbox           |
|  \\    /   O peration     | Version:  v1906                                 |
|   \\  /    A nd           | Web:      www.OpenFOAM.com                      |
|    \\/     M anipulation  |                                                 |
\*---------------------------------------------------------------------------*/
FoamFile
{
    version     2.0;
    format      ascii;
    class       volScalarField;
    location    "19.44";
    object      k_0;
}
// * * * * * * * * * * * * * * * * * * * * * * * * * * * * * * * * * * * * * //

dimensions      [0 2 -2 0 0 0 0];


internalField   nonuniform List<scalar> 
1380
(
0.0412679
0.0412679
0.0412679
0.0412679
0.0412679
0.0412679
0.0412679
0.0412679
0.0412679
0.0412679
0.0412679
0.0412679
0.0412679
0.0412679
0.0412679
0.0412679
0.0412679
0.0412679
0.0412679
0.0412679
0.0419872
0.0419872
0.0419872
0.0419872
0.0419872
0.0419872
0.0419872
0.0419872
0.0419872
0.0419872
0.0419872
0.0419872
0.0419872
0.0419872
0.0419872
0.0419872
0.0419872
0.0419872
0.0419872
0.0419872
0.0408851
0.0408851
0.0408851
0.0408851
0.0408851
0.0408851
0.0408851
0.0408851
0.0408851
0.0408851
0.0408851
0.0408851
0.0408851
0.0408851
0.0408851
0.0408851
0.0408851
0.0408851
0.0408851
0.0408851
0.0397356
0.0397356
0.0397356
0.0397356
0.0397356
0.0397356
0.0397356
0.0397356
0.0397356
0.0397356
0.0397356
0.0397356
0.0397356
0.0397356
0.0397356
0.0397356
0.0397356
0.0397356
0.0397356
0.0397356
0.0386559
0.0386559
0.0386559
0.0386559
0.0386559
0.0386559
0.0386559
0.0386559
0.0386559
0.0386559
0.0386559
0.0386559
0.0386559
0.0386559
0.0386559
0.0386559
0.0386559
0.0386559
0.0386559
0.0386559
0.0376181
0.0376181
0.0376181
0.0376181
0.0376181
0.0376181
0.0376181
0.0376181
0.0376181
0.0376181
0.0376181
0.0376181
0.0376181
0.0376181
0.0376181
0.0376181
0.0376181
0.0376181
0.0376181
0.0376181
0.0366025
0.0366025
0.0366025
0.0366025
0.0366025
0.0366025
0.0366025
0.0366025
0.0366025
0.0366025
0.0366025
0.0366025
0.0366025
0.0366025
0.0366025
0.0366025
0.0366025
0.0366025
0.0366025
0.0366025
0.0355988
0.0355988
0.0355988
0.0355988
0.0355988
0.0355988
0.0355988
0.0355988
0.0355988
0.0355988
0.0355988
0.0355988
0.0355988
0.0355988
0.0355988
0.0355988
0.0355988
0.0355988
0.0355988
0.0355988
0.0346025
0.0346025
0.0346025
0.0346025
0.0346025
0.0346025
0.0346025
0.0346025
0.0346025
0.0346025
0.0346025
0.0346025
0.0346025
0.0346025
0.0346025
0.0346025
0.0346025
0.0346025
0.0346025
0.0346025
0.0336113
0.0336113
0.0336113
0.0336113
0.0336113
0.0336113
0.0336113
0.0336113
0.0336113
0.0336113
0.0336113
0.0336113
0.0336113
0.0336113
0.0336113
0.0336113
0.0336113
0.0336113
0.0336113
0.0336113
0.0326248
0.0326248
0.0326248
0.0326248
0.0326248
0.0326248
0.0326248
0.0326248
0.0326248
0.0326248
0.0326248
0.0326248
0.0326248
0.0326248
0.0326248
0.0326248
0.0326248
0.0326248
0.0326248
0.0326248
0.0316428
0.0316428
0.0316428
0.0316428
0.0316428
0.0316428
0.0316428
0.0316428
0.0316428
0.0316428
0.0316428
0.0316428
0.0316428
0.0316428
0.0316428
0.0316428
0.0316428
0.0316428
0.0316428
0.0316428
0.0306602
0.0306602
0.0306602
0.0306602
0.0306602
0.0306602
0.0306602
0.0306602
0.0306602
0.0306602
0.0306602
0.0306602
0.0306602
0.0306602
0.0306602
0.0306602
0.0306602
0.0306602
0.0306602
0.0306602
0.0296707
0.0296707
0.0296707
0.0296707
0.0296707
0.0296707
0.0296707
0.0296707
0.0296707
0.0296707
0.0296707
0.0296707
0.0296707
0.0296707
0.0296707
0.0296707
0.0296707
0.0296707
0.0296707
0.0296707
0.0286701
0.0286701
0.0286701
0.0286701
0.0286701
0.0286701
0.0286701
0.0286701
0.0286701
0.0286701
0.0286701
0.0286701
0.0286701
0.0286701
0.0286701
0.0286701
0.0286701
0.0286701
0.0286701
0.0286701
0.0276564
0.0276564
0.0276564
0.0276564
0.0276564
0.0276564
0.0276564
0.0276564
0.0276564
0.0276564
0.0276564
0.0276564
0.0276564
0.0276564
0.0276564
0.0276564
0.0276564
0.0276564
0.0276564
0.0276564
0.0266292
0.0266292
0.0266292
0.0266292
0.0266292
0.0266292
0.0266292
0.0266292
0.0266292
0.0266292
0.0266292
0.0266292
0.0266292
0.0266292
0.0266292
0.0266292
0.0266292
0.0266292
0.0266292
0.0266292
0.0255891
0.0255891
0.0255891
0.0255891
0.0255891
0.0255891
0.0255891
0.0255891
0.0255891
0.0255891
0.0255891
0.0255891
0.0255891
0.0255891
0.0255891
0.0255891
0.0255891
0.0255891
0.0255891
0.0255891
0.0245367
0.0245367
0.0245367
0.0245367
0.0245367
0.0245367
0.0245367
0.0245367
0.0245367
0.0245367
0.0245366
0.0245366
0.0245366
0.0245366
0.0245366
0.0245366
0.0245366
0.0245366
0.0245366
0.0245367
0.0234694
0.0234694
0.0234694
0.0234694
0.0234694
0.0234694
0.0234694
0.0234694
0.0234694
0.0234694
0.0234694
0.0234694
0.0234694
0.0234694
0.0234694
0.0234694
0.0234694
0.0234694
0.0234694
0.0234694
0.0223598
0.0223598
0.0223598
0.0223598
0.0223598
0.0223598
0.0223598
0.0223598
0.0223598
0.0223598
0.0223598
0.0223598
0.0223598
0.0223598
0.0223597
0.0223597
0.0223597
0.0223597
0.0223597
0.0223598
0.0211801
0.0211801
0.0211801
0.0211801
0.0211801
0.0211801
0.0211801
0.0211801
0.0211801
0.0211801
0.0211801
0.0211801
0.0211801
0.0211801
0.0211801
0.0211801
0.0211801
0.0211801
0.0211801
0.0211801
0.0199266
0.0199266
0.0199266
0.0199266
0.0199266
0.0199266
0.0199266
0.0199266
0.0199266
0.0199266
0.0199266
0.0199266
0.0199266
0.0199266
0.0199265
0.0199265
0.0199265
0.0199265
0.0199266
0.0199266
0.0186006
0.0186006
0.0186006
0.0186006
0.0186006
0.0186006
0.0186006
0.0186006
0.0186006
0.0186006
0.0186006
0.0186006
0.0186006
0.0186006
0.0186006
0.0186006
0.0186006
0.0186006
0.0186006
0.0186006
0.0172268
0.0172268
0.0172268
0.0172268
0.0172268
0.0172268
0.0172268
0.0172268
0.0172268
0.0172268
0.0172268
0.0172268
0.0172268
0.0172268
0.0172268
0.0172268
0.0172268
0.0172268
0.0172268
0.0172268
0.0158383
0.0158383
0.0158383
0.0158383
0.0158383
0.0158383
0.0158383
0.0158383
0.0158383
0.0158383
0.0158383
0.0158383
0.0158383
0.0158383
0.0158383
0.0158383
0.0158383
0.0158383
0.0158383
0.0158383
0.0144671
0.0144671
0.0144671
0.0144671
0.0144671
0.0144671
0.0144671
0.0144671
0.0144671
0.0144671
0.0144671
0.0144671
0.0144671
0.0144671
0.0144671
0.0144671
0.0144671
0.0144671
0.0144671
0.0144671
0.0131383
0.0131383
0.0131383
0.0131383
0.0131383
0.0131383
0.0131383
0.0131383
0.0131383
0.0131383
0.0131383
0.0131383
0.0131383
0.0131383
0.0131383
0.0131383
0.0131383
0.0131383
0.0131383
0.0131383
0.0118517
0.0118517
0.0118517
0.0118517
0.0118517
0.0118517
0.0118517
0.0118517
0.0118517
0.0118517
0.0118517
0.0118517
0.0118517
0.0118517
0.0118517
0.0118517
0.0118517
0.0118517
0.0118517
0.0118517
0.0105978
0.0105978
0.0105978
0.0105978
0.0105978
0.0105978
0.0105978
0.0105978
0.0105978
0.0105978
0.0105978
0.0105978
0.0105978
0.0105978
0.0105978
0.0105978
0.0105978
0.0105978
0.0105978
0.0105978
0.00938158
0.00938158
0.00938158
0.00938158
0.00938158
0.00938158
0.00938158
0.00938158
0.00938158
0.00938158
0.00938157
0.00938157
0.00938157
0.00938157
0.00938157
0.00938157
0.00938157
0.00938157
0.00938157
0.00938158
0.00822164
0.00822164
0.00822164
0.00822164
0.00822164
0.00822164
0.00822164
0.00822164
0.00822164
0.00822164
0.00822164
0.00822163
0.00822163
0.00822163
0.00822163
0.00822163
0.00822163
0.00822163
0.00822163
0.00822164
0.00714762
0.00714762
0.00714762
0.00714762
0.00714762
0.00714762
0.00714762
0.00714762
0.00714762
0.00714762
0.00714762
0.00714762
0.00714761
0.00714761
0.00714761
0.00714761
0.00714761
0.00714761
0.00714761
0.00714762
0.00619706
0.00619706
0.00619706
0.00619706
0.00619706
0.00619706
0.00619706
0.00619706
0.00619706
0.00619706
0.00619706
0.00619706
0.00619706
0.00619706
0.00619706
0.00619706
0.00619706
0.00619706
0.00619706
0.00619706
0.00540447
0.00540447
0.00540447
0.00540447
0.00540446
0.00540446
0.00540446
0.00540447
0.00540447
0.00540447
0.00540447
0.00540446
0.00540446
0.00540446
0.00540446
0.00540446
0.00540446
0.00540446
0.00540447
0.00540447
0.00478788
0.00478788
0.00478788
0.00478788
0.00478788
0.00478788
0.00478788
0.00478788
0.00478788
0.00478788
0.00478788
0.00478788
0.00478788
0.00478788
0.00478788
0.00478788
0.00478787
0.00478787
0.00478788
0.00478788
0.00434125
0.00434125
0.00434125
0.00434125
0.00434125
0.00434125
0.00434125
0.00434125
0.00434125
0.00434125
0.00434125
0.00434125
0.00434125
0.00434125
0.00434125
0.00434125
0.00434125
0.00434125
0.00434125
0.00434125
0.00403763
0.00403763
0.00403763
0.00403763
0.00403763
0.00403763
0.00403763
0.00403763
0.00403763
0.00403763
0.00403763
0.00403763
0.00403763
0.00403763
0.00403763
0.00403763
0.00403763
0.00403763
0.00403763
0.00403763
0.0038398
0.0038398
0.0038398
0.0038398
0.0038398
0.0038398
0.0038398
0.0038398
0.0038398
0.0038398
0.0038398
0.0038398
0.0038398
0.0038398
0.0038398
0.0038398
0.0038398
0.0038398
0.0038398
0.0038398
0.00371516
0.00371516
0.00371516
0.00371516
0.00371516
0.00371516
0.00371516
0.00371516
0.00371516
0.00371516
0.00371516
0.00371516
0.00371516
0.00371516
0.00371516
0.00371516
0.00371516
0.00371516
0.00371516
0.00371516
0.00364263
0.00364263
0.00364263
0.00364263
0.00364263
0.00364263
0.00364263
0.00364263
0.00364263
0.00364263
0.00364263
0.00364263
0.00364263
0.00364263
0.00364263
0.00364263
0.00364263
0.00364263
0.00364263
0.00364263
0.00360224
0.00360224
0.00360224
0.00360224
0.00360224
0.00360224
0.00360224
0.00360224
0.00360224
0.00360224
0.00360224
0.00360224
0.00360224
0.00360224
0.00360224
0.00360224
0.00360224
0.00360224
0.00360224
0.00360224
0.00357774
0.00357774
0.00357774
0.00357774
0.00357774
0.00357774
0.00357774
0.00357774
0.00357774
0.00357774
0.00357774
0.00357774
0.00357774
0.00357774
0.00357774
0.00357774
0.00357774
0.00357774
0.00357774
0.00357774
0.0035581
0.0035581
0.0035581
0.0035581
0.0035581
0.0035581
0.0035581
0.0035581
0.0035581
0.0035581
0.0035581
0.0035581
0.0035581
0.0035581
0.0035581
0.0035581
0.0035581
0.0035581
0.0035581
0.0035581
0.00353481
0.00353481
0.00353481
0.00353481
0.00353481
0.00353481
0.00353481
0.00353481
0.00353481
0.00353481
0.00353481
0.00353481
0.00353481
0.00353481
0.00353481
0.00353481
0.00353481
0.00353481
0.00353481
0.00353481
0.00350077
0.00350077
0.00350077
0.00350077
0.00350077
0.00350077
0.00350077
0.00350077
0.00350077
0.00350077
0.00350077
0.00350077
0.00350077
0.00350077
0.00350077
0.00350077
0.00350077
0.00350077
0.00350077
0.00350077
0.00344984
0.00344984
0.00344984
0.00344984
0.00344984
0.00344984
0.00344984
0.00344984
0.00344984
0.00344984
0.00344984
0.00344984
0.00344984
0.00344984
0.00344984
0.00344984
0.00344984
0.00344984
0.00344984
0.00344984
0.00337673
0.00337673
0.00337673
0.00337673
0.00337673
0.00337673
0.00337673
0.00337673
0.00337673
0.00337673
0.00337673
0.00337673
0.00337673
0.00337673
0.00337673
0.00337673
0.00337673
0.00337673
0.00337673
0.00337673
0.00327703
0.00327703
0.00327703
0.00327703
0.00327703
0.00327703
0.00327703
0.00327703
0.00327703
0.00327703
0.00327703
0.00327703
0.00327703
0.00327703
0.00327703
0.00327703
0.00327703
0.00327703
0.00327703
0.00327703
0.00314734
0.00314734
0.00314734
0.00314734
0.00314734
0.00314734
0.00314734
0.00314734
0.00314734
0.00314734
0.00314734
0.00314734
0.00314734
0.00314734
0.00314734
0.00314734
0.00314734
0.00314734
0.00314734
0.00314734
0.00298549
0.00298549
0.00298549
0.00298549
0.00298549
0.00298549
0.00298549
0.00298549
0.00298549
0.00298549
0.00298549
0.00298549
0.00298549
0.00298549
0.00298549
0.00298549
0.00298549
0.00298549
0.00298549
0.00298549
0.00279074
0.00279074
0.00279074
0.00279074
0.00279074
0.00279074
0.00279074
0.00279074
0.00279074
0.00279074
0.00279074
0.00279074
0.00279074
0.00279074
0.00279074
0.00279074
0.00279074
0.00279074
0.00279074
0.00279074
0.002564
0.002564
0.002564
0.002564
0.002564
0.002564
0.002564
0.002564
0.002564
0.002564
0.002564
0.002564
0.002564
0.002564
0.002564
0.002564
0.002564
0.002564
0.002564
0.002564
0.00230795
0.00230795
0.00230795
0.00230795
0.00230795
0.00230795
0.00230795
0.00230795
0.00230795
0.00230795
0.00230795
0.00230795
0.00230795
0.00230795
0.00230795
0.00230795
0.00230795
0.00230795
0.00230795
0.00230795
0.00203143
0.00203143
0.00203143
0.00203143
0.00203143
0.00203143
0.00203143
0.00203143
0.00203143
0.00203143
0.00203143
0.00203143
0.00203143
0.00203143
0.00203143
0.00203143
0.00203143
0.00203143
0.00203143
0.00203143
0.00174422
0.00174422
0.00174422
0.00174422
0.00174422
0.00174422
0.00174422
0.00174422
0.00174422
0.00174422
0.00174422
0.00174422
0.00174422
0.00174422
0.00174422
0.00174422
0.00174422
0.00174422
0.00174422
0.00174422
0.00145026
0.00145026
0.00145026
0.00145026
0.00145026
0.00145026
0.00145026
0.00145026
0.00145026
0.00145026
0.00145026
0.00145026
0.00145026
0.00145026
0.00145026
0.00145026
0.00145026
0.00145026
0.00145026
0.00145026
0.00115935
0.00115935
0.00115935
0.00115935
0.00115935
0.00115935
0.00115935
0.00115935
0.00115935
0.00115935
0.00115935
0.00115935
0.00115935
0.00115935
0.00115935
0.00115935
0.00115935
0.00115935
0.00115935
0.00115935
0.00089049
0.00089049
0.00089049
0.00089049
0.00089049
0.00089049
0.00089049
0.00089049
0.00089049
0.00089049
0.00089049
0.00089049
0.00089049
0.00089049
0.00089049
0.00089049
0.00089049
0.00089049
0.00089049
0.00089049
0.000663511
0.000663511
0.000663511
0.000663511
0.000663511
0.000663511
0.000663511
0.000663511
0.000663511
0.000663511
0.000663511
0.000663511
0.000663511
0.000663511
0.000663511
0.000663511
0.000663511
0.000663511
0.000663511
0.000663511
0.000486886
0.000486886
0.000486886
0.000486886
0.000486886
0.000486886
0.000486886
0.000486886
0.000486886
0.000486886
0.000486886
0.000486886
0.000486886
0.000486886
0.000486886
0.000486886
0.000486886
0.000486886
0.000486886
0.000486886
0.000352758
0.000352758
0.000352758
0.000352758
0.000352758
0.000352758
0.000352758
0.000352758
0.000352758
0.000352758
0.000352758
0.000352758
0.000352758
0.000352758
0.000352758
0.000352758
0.000352758
0.000352758
0.000352758
0.000352758
0.000244022
0.000244022
0.000244022
0.000244022
0.000244022
0.000244022
0.000244022
0.000244022
0.000244022
0.000244022
0.000244022
0.000244022
0.000244022
0.000244022
0.000244022
0.000244022
0.000244022
0.000244022
0.000244022
0.000244022
0.000146185
0.000146185
0.000146185
0.000146185
0.000146185
0.000146185
0.000146185
0.000146185
0.000146185
0.000146185
0.000146185
0.000146185
0.000146185
0.000146185
0.000146185
0.000146185
0.000146185
0.000146185
0.000146185
0.000146185
5.63077e-05
5.63077e-05
5.63077e-05
5.63077e-05
5.63077e-05
5.63077e-05
5.63077e-05
5.63077e-05
5.63077e-05
5.63077e-05
5.63077e-05
5.63077e-05
5.63077e-05
5.63077e-05
5.63077e-05
5.63077e-05
5.63077e-05
5.63077e-05
5.63077e-05
5.63077e-05
6.287e-06
6.287e-06
6.287e-06
6.287e-06
6.287e-06
6.287e-06
6.287e-06
6.287e-06
6.287e-06
6.287e-06
6.287e-06
6.287e-06
6.287e-06
6.287e-06
6.287e-06
6.287e-06
6.287e-06
6.28701e-06
6.28701e-06
6.28701e-06
7.88517e-08
7.88517e-08
7.88517e-08
7.88517e-08
7.88517e-08
7.88518e-08
7.88518e-08
7.88518e-08
7.88518e-08
7.88518e-08
7.88518e-08
7.88519e-08
7.88519e-08
7.88519e-08
7.88519e-08
7.88519e-08
7.88519e-08
7.88519e-08
7.8852e-08
7.8852e-08
1.69626e-10
1.69626e-10
1.69626e-10
1.69626e-10
1.69626e-10
1.69626e-10
1.69626e-10
1.69626e-10
1.69626e-10
1.69626e-10
1.69626e-10
1.69627e-10
1.69627e-10
1.69627e-10
1.69627e-10
1.69627e-10
1.69627e-10
1.69627e-10
1.69627e-10
1.69627e-10
3.3449e-13
3.3449e-13
3.3449e-13
3.3449e-13
3.3449e-13
3.3449e-13
3.3449e-13
3.3449e-13
3.3449e-13
3.3449e-13
3.3449e-13
3.3449e-13
3.3449e-13
3.3449e-13
3.34491e-13
3.34491e-13
3.34491e-13
3.34491e-13
3.34491e-13
3.34491e-13
)
;

boundaryField
{
    top
    {
        type            symmetryPlane;
    }
    bottom
    {
        type            kqRWallFunction;
        value           uniform 0.0412679;
    }
    inlet
    {
        type            cyclic;
    }
    outlet
    {
        type            cyclic;
    }
    frontAndBack
    {
        type            empty;
    }
}


// ************************************************************************* //
