/*--------------------------------*- C++ -*----------------------------------*\
| =========                 |                                                 |
| \\      /  F ield         | OpenFOAM: The Open Source CFD Toolbox           |
|  \\    /   O peration     | Version:  v1906                                 |
|   \\  /    A nd           | Web:      www.OpenFOAM.com                      |
|    \\/     M anipulation  |                                                 |
\*---------------------------------------------------------------------------*/
FoamFile
{
    version     2.0;
    format      ascii;
    class       volScalarField;
    location    "19.44";
    object      nut;
}
// * * * * * * * * * * * * * * * * * * * * * * * * * * * * * * * * * * * * * //

dimensions      [0 2 -1 0 0 0 0];


internalField   nonuniform List<scalar> 
1380
(
3.62067e-05
3.62067e-05
3.62067e-05
3.62067e-05
3.62067e-05
3.62067e-05
3.62067e-05
3.62067e-05
3.62067e-05
3.62067e-05
3.62067e-05
3.62067e-05
3.62067e-05
3.62067e-05
3.62067e-05
3.62067e-05
3.62067e-05
3.62067e-05
3.62067e-05
3.62067e-05
8.6493e-05
8.6493e-05
8.6493e-05
8.6493e-05
8.6493e-05
8.6493e-05
8.6493e-05
8.6493e-05
8.6493e-05
8.6493e-05
8.6493e-05
8.6493e-05
8.6493e-05
8.6493e-05
8.6493e-05
8.6493e-05
8.6493e-05
8.6493e-05
8.6493e-05
8.6493e-05
0.000135441
0.000135441
0.000135441
0.000135441
0.000135441
0.000135441
0.000135441
0.000135441
0.000135441
0.000135441
0.000135441
0.000135441
0.000135441
0.000135441
0.000135441
0.000135441
0.000135441
0.000135441
0.000135441
0.000135441
0.000182465
0.000182465
0.000182465
0.000182465
0.000182465
0.000182465
0.000182465
0.000182465
0.000182465
0.000182465
0.000182465
0.000182465
0.000182465
0.000182465
0.000182465
0.000182465
0.000182465
0.000182465
0.000182465
0.000182465
0.000226816
0.000226816
0.000226816
0.000226816
0.000226816
0.000226816
0.000226816
0.000226816
0.000226816
0.000226816
0.000226816
0.000226816
0.000226816
0.000226816
0.000226816
0.000226816
0.000226816
0.000226816
0.000226816
0.000226816
0.000268208
0.000268208
0.000268208
0.000268208
0.000268208
0.000268208
0.000268208
0.000268208
0.000268208
0.000268208
0.000268208
0.000268208
0.000268208
0.000268208
0.000268208
0.000268208
0.000268208
0.000268208
0.000268208
0.000268208
0.00030655
0.00030655
0.00030655
0.00030655
0.00030655
0.00030655
0.00030655
0.00030655
0.00030655
0.00030655
0.00030655
0.00030655
0.00030655
0.00030655
0.00030655
0.00030655
0.00030655
0.00030655
0.00030655
0.00030655
0.00034183
0.00034183
0.00034183
0.00034183
0.00034183
0.00034183
0.00034183
0.00034183
0.00034183
0.00034183
0.00034183
0.00034183
0.00034183
0.00034183
0.00034183
0.00034183
0.00034183
0.00034183
0.00034183
0.00034183
0.00037407
0.00037407
0.00037407
0.00037407
0.00037407
0.00037407
0.00037407
0.00037407
0.00037407
0.00037407
0.00037407
0.00037407
0.00037407
0.00037407
0.00037407
0.00037407
0.00037407
0.00037407
0.00037407
0.00037407
0.000403307
0.000403307
0.000403307
0.000403307
0.000403307
0.000403307
0.000403307
0.000403307
0.000403307
0.000403307
0.000403307
0.000403307
0.000403307
0.000403307
0.000403307
0.000403307
0.000403307
0.000403307
0.000403307
0.000403307
0.000429586
0.000429586
0.000429586
0.000429586
0.000429586
0.000429586
0.000429586
0.000429586
0.000429586
0.000429586
0.000429586
0.000429586
0.000429586
0.000429586
0.000429586
0.000429586
0.000429586
0.000429586
0.000429586
0.000429586
0.000452952
0.000452953
0.000452953
0.000452952
0.000452952
0.000452952
0.000452952
0.000452952
0.000452952
0.000452952
0.000452952
0.000452952
0.000452952
0.000452952
0.000452952
0.000452952
0.000452952
0.000452952
0.000452952
0.000452952
0.000470426
0.000470426
0.000470426
0.000470426
0.000470426
0.000470426
0.000470426
0.000470426
0.000470426
0.000470426
0.000470426
0.000470426
0.000470426
0.000470426
0.000470426
0.000470426
0.000470426
0.000470426
0.000470426
0.000470426
0.000483628
0.000483628
0.000483628
0.000483628
0.000483628
0.000483628
0.000483628
0.000483628
0.000483628
0.000483628
0.000483628
0.000483628
0.000483628
0.000483628
0.000483628
0.000483627
0.000483627
0.000483627
0.000483627
0.000483628
0.000493862
0.000493862
0.000493862
0.000493862
0.000493862
0.000493862
0.000493862
0.000493862
0.000493862
0.000493862
0.000493862
0.000493862
0.000493862
0.000493862
0.000493862
0.000493862
0.000493862
0.000493862
0.000493862
0.000493862
0.000501835
0.000501835
0.000501835
0.000501835
0.000501835
0.000501835
0.000501835
0.000501835
0.000501835
0.000501835
0.000501835
0.000501835
0.000501835
0.000501835
0.000501835
0.000501835
0.000501835
0.000501835
0.000501835
0.000501835
0.000507824
0.000507824
0.000507824
0.000507824
0.000507824
0.000507824
0.000507824
0.000507824
0.000507824
0.000507824
0.000507824
0.000507824
0.000507824
0.000507824
0.000507824
0.000507824
0.000507824
0.000507824
0.000507824
0.000507824
0.00051184
0.00051184
0.00051184
0.00051184
0.00051184
0.00051184
0.00051184
0.00051184
0.00051184
0.00051184
0.00051184
0.00051184
0.000511839
0.000511839
0.000511839
0.000511839
0.000511839
0.000511839
0.000511839
0.00051184
0.000513737
0.000513737
0.000513737
0.000513737
0.000513737
0.000513737
0.000513737
0.000513737
0.000513737
0.000513737
0.000513737
0.000513737
0.000513737
0.000513737
0.000513737
0.000513737
0.000513737
0.000513737
0.000513737
0.000513737
0.000513323
0.000513323
0.000513323
0.000513323
0.000513323
0.000513323
0.000513323
0.000513323
0.000513323
0.000513323
0.000513323
0.000513323
0.000513323
0.000513323
0.000513323
0.000513323
0.000513323
0.000513323
0.000513323
0.000513323
0.000510397
0.000510397
0.000510397
0.000510397
0.000510397
0.000510397
0.000510397
0.000510397
0.000510397
0.000510397
0.000510397
0.000510397
0.000510397
0.000510397
0.000510397
0.000510397
0.000510397
0.000510397
0.000510397
0.000510397
0.000504892
0.000504892
0.000504892
0.000504892
0.000504892
0.000504892
0.000504892
0.000504892
0.000504892
0.000504892
0.000504892
0.000504892
0.000504892
0.000504892
0.000504892
0.000504892
0.000504892
0.000504892
0.000504892
0.000504892
0.000497262
0.000497262
0.000497262
0.000497262
0.000497262
0.000497262
0.000497262
0.000497262
0.000497262
0.000497262
0.000497262
0.000497262
0.000497262
0.000497262
0.000497262
0.000497262
0.000497262
0.000497262
0.000497262
0.000497262
0.000488903
0.000488903
0.000488903
0.000488903
0.000488903
0.000488903
0.000488903
0.000488903
0.000488903
0.000488903
0.000488903
0.000488903
0.000488903
0.000488902
0.000488902
0.000488902
0.000488902
0.000488902
0.000488902
0.000488903
0.000482501
0.000482501
0.000482501
0.000482501
0.000482501
0.000482501
0.000482501
0.000482501
0.000482501
0.000482501
0.000482501
0.000482501
0.000482501
0.000482501
0.000482501
0.000482501
0.000482501
0.000482501
0.000482501
0.000482501
0.000480592
0.000480592
0.000480592
0.000480592
0.000480592
0.000480592
0.000480592
0.000480592
0.000480592
0.000480592
0.000480592
0.000480592
0.000480592
0.000480592
0.000480591
0.000480591
0.000480591
0.000480591
0.000480591
0.000480592
0.000483359
0.000483359
0.000483359
0.000483359
0.000483359
0.000483359
0.000483359
0.000483359
0.000483359
0.000483359
0.000483358
0.000483358
0.000483358
0.000483358
0.000483358
0.000483358
0.000483358
0.000483358
0.000483358
0.000483359
0.000485727
0.000485727
0.000485727
0.000485727
0.000485727
0.000485727
0.000485726
0.000485726
0.000485726
0.000485726
0.000485726
0.000485726
0.000485726
0.000485726
0.000485726
0.000485726
0.000485726
0.000485726
0.000485726
0.000485726
0.000473264
0.000473264
0.000473264
0.000473264
0.000473264
0.000473264
0.000473264
0.000473264
0.000473264
0.000473264
0.000473264
0.000473264
0.000473264
0.000473264
0.000473264
0.000473264
0.000473264
0.000473264
0.000473264
0.000473264
0.000451426
0.000451426
0.000451426
0.000451426
0.000451426
0.000451426
0.000451426
0.000451426
0.000451426
0.000451426
0.000451426
0.000451426
0.000451426
0.000451425
0.000451425
0.000451425
0.000451425
0.000451425
0.000451425
0.000451426
0.000428987
0.000428987
0.000428987
0.000428987
0.000428987
0.000428987
0.000428987
0.000428987
0.000428987
0.000428987
0.000428987
0.000428987
0.000428987
0.000428987
0.000428987
0.000428987
0.000428987
0.000428987
0.000428987
0.000428987
0.000407757
0.000407757
0.000407757
0.000407757
0.000407757
0.000407757
0.000407757
0.000407757
0.000407757
0.000407756
0.000407756
0.000407756
0.000407756
0.000407756
0.000407756
0.000407756
0.000407756
0.000407756
0.000407756
0.000407757
0.000390039
0.000390039
0.000390039
0.000390039
0.000390039
0.000390039
0.000390039
0.000390039
0.000390039
0.000390039
0.000390039
0.000390038
0.000390038
0.000390038
0.000390038
0.000390038
0.000390038
0.000390038
0.000390038
0.000390039
0.000378607
0.000378607
0.000378607
0.000378607
0.000378607
0.000378607
0.000378607
0.000378607
0.000378607
0.000378607
0.000378607
0.000378607
0.000378607
0.000378607
0.000378607
0.000378607
0.000378607
0.000378607
0.000378607
0.000378607
0.000376347
0.000376347
0.000376347
0.000376347
0.000376347
0.000376347
0.000376347
0.000376347
0.000376347
0.000376347
0.000376347
0.000376347
0.000376347
0.000376347
0.000376347
0.000376347
0.000376347
0.000376347
0.000376347
0.000376347
0.000385444
0.000385444
0.000385444
0.000385444
0.000385444
0.000385444
0.000385444
0.000385444
0.000385444
0.000385444
0.000385444
0.000385444
0.000385444
0.000385444
0.000385444
0.000385444
0.000385444
0.000385444
0.000385444
0.000385444
0.00040647
0.00040647
0.00040647
0.00040647
0.00040647
0.00040647
0.00040647
0.00040647
0.00040647
0.00040647
0.00040647
0.00040647
0.00040647
0.00040647
0.00040647
0.00040647
0.00040647
0.00040647
0.00040647
0.00040647
0.000438406
0.000438406
0.000438406
0.000438406
0.000438406
0.000438406
0.000438406
0.000438406
0.000438406
0.000438406
0.000438406
0.000438406
0.000438406
0.000438406
0.000438407
0.000438407
0.000438407
0.000438407
0.000438407
0.000438406
0.000481735
0.000481736
0.000481736
0.000481736
0.000481736
0.000481736
0.000481736
0.000481736
0.000481736
0.000481736
0.000481736
0.000481736
0.000481736
0.000481736
0.000481736
0.000481736
0.000481736
0.000481736
0.000481736
0.000481736
0.000538074
0.000538074
0.000538074
0.000538074
0.000538074
0.000538074
0.000538074
0.000538074
0.000538074
0.000538074
0.000538074
0.000538074
0.000538074
0.000538074
0.000538074
0.000538074
0.000538074
0.000538074
0.000538074
0.000538074
0.000593217
0.000593217
0.000593217
0.000593217
0.000593217
0.000593218
0.000593218
0.000593218
0.000593218
0.000593218
0.000593218
0.000593218
0.000593218
0.000593218
0.000593218
0.000593218
0.000593218
0.000593218
0.000593218
0.000593218
0.000635036
0.000635036
0.000635036
0.000635036
0.000635036
0.000635036
0.000635036
0.000635036
0.000635036
0.000635036
0.000635036
0.000635036
0.000635036
0.000635036
0.000635036
0.000635036
0.000635036
0.000635036
0.000635036
0.000635036
0.000665735
0.000665735
0.000665735
0.000665735
0.000665735
0.000665735
0.000665735
0.000665736
0.000665736
0.000665736
0.000665736
0.000665736
0.000665736
0.000665736
0.000665736
0.000665736
0.000665736
0.000665736
0.000665736
0.000665736
0.00068755
0.00068755
0.00068755
0.00068755
0.00068755
0.00068755
0.00068755
0.00068755
0.00068755
0.00068755
0.00068755
0.00068755
0.00068755
0.00068755
0.00068755
0.00068755
0.00068755
0.00068755
0.00068755
0.00068755
0.000702265
0.000702265
0.000702265
0.000702265
0.000702265
0.000702265
0.000702265
0.000702265
0.000702265
0.000702265
0.000702265
0.000702265
0.000702265
0.000702265
0.000702265
0.000702265
0.000702265
0.000702265
0.000702265
0.000702265
0.000711134
0.000711134
0.000711134
0.000711134
0.000711134
0.000711134
0.000711134
0.000711134
0.000711134
0.000711134
0.000711134
0.000711134
0.000711134
0.000711134
0.000711134
0.000711134
0.000711134
0.000711134
0.000711134
0.000711134
0.000714914
0.000714914
0.000714914
0.000714914
0.000714914
0.000714914
0.000714914
0.000714914
0.000714914
0.000714914
0.000714914
0.000714914
0.000714914
0.000714914
0.000714914
0.000714914
0.000714914
0.000714914
0.000714914
0.000714914
0.000713915
0.000713915
0.000713915
0.000713915
0.000713915
0.000713915
0.000713915
0.000713915
0.000713915
0.000713915
0.000713915
0.000713915
0.000713915
0.000713915
0.000713915
0.000713915
0.000713915
0.000713915
0.000713915
0.000713915
0.000708061
0.000708061
0.000708061
0.000708061
0.000708061
0.000708061
0.000708061
0.000708061
0.000708061
0.000708061
0.000708061
0.000708061
0.000708061
0.000708061
0.000708061
0.000708061
0.000708061
0.000708061
0.000708061
0.000708061
0.000696957
0.000696957
0.000696957
0.000696957
0.000696957
0.000696957
0.000696957
0.000696957
0.000696957
0.000696957
0.000696957
0.000696957
0.000696957
0.000696957
0.000696957
0.000696957
0.000696957
0.000696957
0.000696957
0.000696957
0.000679935
0.000679935
0.000679935
0.000679935
0.000679935
0.000679935
0.000679935
0.000679935
0.000679935
0.000679935
0.000679935
0.000679935
0.000679935
0.000679935
0.000679935
0.000679935
0.000679935
0.000679935
0.000679935
0.000679935
0.000656151
0.000656151
0.000656151
0.000656151
0.000656151
0.000656151
0.000656151
0.000656151
0.000656151
0.000656151
0.000656151
0.000656151
0.000656151
0.000656151
0.000656151
0.000656151
0.000656151
0.000656151
0.000656151
0.000656151
0.00062476
0.00062476
0.00062476
0.00062476
0.00062476
0.00062476
0.00062476
0.00062476
0.00062476
0.00062476
0.00062476
0.00062476
0.00062476
0.00062476
0.00062476
0.00062476
0.00062476
0.00062476
0.00062476
0.00062476
0.000585195
0.000585195
0.000585195
0.000585195
0.000585195
0.000585195
0.000585195
0.000585195
0.000585195
0.000585195
0.000585195
0.000585195
0.000585195
0.000585195
0.000585195
0.000585195
0.000585195
0.000585195
0.000585195
0.000585195
0.00053729
0.00053729
0.00053729
0.00053729
0.00053729
0.00053729
0.00053729
0.00053729
0.00053729
0.00053729
0.00053729
0.00053729
0.00053729
0.00053729
0.00053729
0.00053729
0.00053729
0.00053729
0.00053729
0.00053729
0.000483005
0.000483005
0.000483005
0.000483005
0.000483005
0.000483005
0.000483005
0.000483005
0.000483005
0.000483005
0.000483005
0.000483005
0.000483005
0.000483005
0.000483005
0.000483005
0.000483005
0.000483005
0.000483005
0.000483005
0.000424796
0.000424796
0.000424796
0.000424796
0.000424796
0.000424796
0.000424796
0.000424796
0.000424796
0.000424796
0.000424796
0.000424796
0.000424796
0.000424796
0.000424796
0.000424796
0.000424796
0.000424796
0.000424796
0.000424796
0.000365681
0.000365681
0.000365681
0.000365681
0.000365681
0.000365681
0.000365681
0.000365681
0.000365681
0.000365681
0.000365681
0.000365681
0.000365681
0.000365681
0.000365681
0.000365681
0.000365681
0.000365681
0.000365681
0.000365681
0.000309885
0.000309885
0.000309885
0.000309885
0.000309885
0.000309885
0.000309885
0.000309885
0.000309885
0.000309885
0.000309885
0.000309885
0.000309885
0.000309885
0.000309885
0.000309885
0.000309885
0.000309885
0.000309885
0.000309885
0.000261288
0.000261288
0.000261288
0.000261288
0.000261288
0.000261288
0.000261288
0.000261288
0.000261288
0.000261288
0.000261288
0.000261288
0.000261288
0.000261288
0.000261288
0.000261288
0.000261288
0.000261288
0.000261288
0.000261288
0.000220264
0.000220264
0.000220264
0.000220264
0.000220264
0.000220264
0.000220264
0.000220264
0.000220264
0.000220264
0.000220264
0.000220264
0.000220264
0.000220264
0.000220264
0.000220264
0.000220264
0.000220264
0.000220264
0.000220264
0.000182391
0.000182391
0.000182391
0.000182391
0.000182391
0.000182391
0.000182391
0.000182391
0.000182391
0.000182391
0.000182391
0.000182391
0.000182391
0.000182391
0.000182391
0.000182391
0.000182391
0.000182391
0.000182391
0.000182391
0.000141391
0.000141391
0.000141391
0.000141391
0.000141391
0.000141391
0.000141391
0.000141391
0.000141391
0.000141391
0.000141391
0.000141391
0.000141391
0.000141391
0.000141391
0.000141391
0.000141391
0.000141391
0.000141391
0.000141391
9.34265e-05
9.34265e-05
9.34265e-05
9.34265e-05
9.34265e-05
9.34265e-05
9.34265e-05
9.34265e-05
9.34265e-05
9.34265e-05
9.34265e-05
9.34265e-05
9.34265e-05
9.34265e-05
9.34265e-05
9.34265e-05
9.34265e-05
9.34265e-05
9.34265e-05
9.34265e-05
4.35233e-05
4.35233e-05
4.35233e-05
4.35233e-05
4.35233e-05
4.35233e-05
4.35233e-05
4.35233e-05
4.35233e-05
4.35233e-05
4.35233e-05
4.35233e-05
4.35233e-05
4.35233e-05
4.35233e-05
4.35233e-05
4.35233e-05
4.35233e-05
4.35233e-05
4.35233e-05
8.98477e-06
8.98477e-06
8.98477e-06
8.98477e-06
8.98477e-06
8.98478e-06
8.98478e-06
8.98478e-06
8.98478e-06
8.98478e-06
8.98478e-06
8.98478e-06
8.98478e-06
8.98478e-06
8.98478e-06
8.98478e-06
8.98478e-06
8.98478e-06
8.98479e-06
8.98479e-06
1.26893e-07
1.26893e-07
1.26893e-07
1.26893e-07
1.26893e-07
1.26893e-07
1.26893e-07
1.26893e-07
1.26893e-07
1.26893e-07
1.26893e-07
1.26893e-07
1.26893e-07
1.26893e-07
1.26893e-07
1.26893e-07
1.26893e-07
1.26893e-07
1.26893e-07
1.26893e-07
2.73367e-10
2.73367e-10
2.73368e-10
2.73368e-10
2.73368e-10
2.73368e-10
2.73368e-10
2.73368e-10
2.73368e-10
2.73368e-10
2.73368e-10
2.73368e-10
2.73368e-10
2.73368e-10
2.73368e-10
2.73368e-10
2.73368e-10
2.73368e-10
2.73368e-10
2.73369e-10
5.39041e-13
5.39041e-13
5.39041e-13
5.39041e-13
5.39041e-13
5.39041e-13
5.39041e-13
5.39041e-13
5.39042e-13
5.39042e-13
5.39042e-13
5.39042e-13
5.39042e-13
5.39042e-13
5.39042e-13
5.39042e-13
5.39042e-13
5.39042e-13
5.39043e-13
5.39043e-13
)
;

boundaryField
{
    top
    {
        type            symmetryPlane;
    }
    bottom
    {
        type            nutkRoughWallFunction;
        Cmu             0.09;
        kappa           0.41;
        E               9.8;
        Cs              uniform 0.5;
        Ks              uniform 0.00084;
        value           uniform 1.14106e-05;
    }
    inlet
    {
        type            cyclic;
    }
    outlet
    {
        type            cyclic;
    }
    frontAndBack
    {
        type            empty;
    }
}


// ************************************************************************* //
