/*--------------------------------*- C++ -*----------------------------------*\
| =========                 |                                                 |
| \\      /  F ield         | OpenFOAM: The Open Source CFD Toolbox           |
|  \\    /   O peration     | Version:  v1906                                 |
|   \\  /    A nd           | Web:      www.OpenFOAM.com                      |
|    \\/     M anipulation  |                                                 |
\*---------------------------------------------------------------------------*/
FoamFile
{
    version     2.0;
    format      ascii;
    class       volScalarField;
    location    "19.44";
    object      omega_0;
}
// * * * * * * * * * * * * * * * * * * * * * * * * * * * * * * * * * * * * * //

dimensions      [0 0 -1 0 0 0 0];


internalField   nonuniform List<scalar> 
1380
(
1139.75
1139.75
1139.75
1139.75
1139.75
1139.75
1139.75
1139.75
1139.75
1139.75
1139.75
1139.75
1139.75
1139.75
1139.75
1139.75
1139.75
1139.75
1139.75
1139.75
485.431
485.431
485.431
485.431
485.431
485.431
485.431
485.431
485.431
485.431
485.431
485.431
485.431
485.431
485.431
485.431
485.431
485.431
485.431
485.431
301.863
301.863
301.863
301.863
301.863
301.863
301.863
301.863
301.863
301.863
301.863
301.863
301.863
301.863
301.863
301.863
301.863
301.863
301.863
301.863
217.771
217.771
217.771
217.771
217.771
217.771
217.771
217.771
217.771
217.771
217.771
217.771
217.771
217.771
217.771
217.771
217.771
217.771
217.771
217.771
170.429
170.429
170.429
170.429
170.429
170.429
170.429
170.429
170.429
170.429
170.429
170.429
170.429
170.429
170.429
170.429
170.429
170.429
170.429
170.429
140.258
140.258
140.258
140.258
140.258
140.258
140.258
140.258
140.258
140.258
140.258
140.258
140.258
140.258
140.258
140.258
140.258
140.258
140.258
140.258
119.403
119.403
119.403
119.403
119.403
119.403
119.403
119.403
119.403
119.403
119.403
119.403
119.403
119.403
119.403
119.403
119.403
119.403
119.403
119.403
104.144
104.144
104.144
104.144
104.144
104.144
104.144
104.144
104.144
104.144
104.144
104.144
104.144
104.144
104.144
104.144
104.144
104.144
104.144
104.144
92.5051
92.5051
92.5051
92.5051
92.5051
92.5052
92.5052
92.5052
92.5052
92.5052
92.5052
92.5052
92.5052
92.5052
92.5052
92.5052
92.5052
92.5052
92.5052
92.5051
83.342
83.342
83.342
83.342
83.342
83.342
83.342
83.342
83.342
83.342
83.342
83.342
83.342
83.342
83.342
83.342
83.342
83.342
83.342
83.342
75.9475
75.9475
75.9475
75.9475
75.9475
75.9475
75.9475
75.9475
75.9475
75.9475
75.9475
75.9475
75.9475
75.9475
75.9475
75.9475
75.9475
75.9475
75.9475
75.9475
69.8621
69.8621
69.8621
69.8621
69.8621
69.8621
69.8621
69.8621
69.8621
69.8621
69.8621
69.8621
69.8621
69.8621
69.8621
69.8621
69.8621
69.8621
69.8621
69.8621
64.7527
64.7527
64.7527
64.7527
64.7527
64.7527
64.7527
64.7527
64.7527
64.7528
64.7528
64.7528
64.7528
64.7528
64.7528
64.7528
64.7528
64.7528
64.7528
64.7527
60.3738
60.3738
60.3738
60.3738
60.3738
60.3738
60.3738
60.3738
60.3738
60.3738
60.3738
60.3738
60.3738
60.3738
60.3738
60.3738
60.3738
60.3738
60.3738
60.3738
56.556
56.556
56.556
56.556
56.556
56.556
56.556
56.556
56.556
56.556
56.556
56.556
56.556
56.556
56.556
56.556
56.556
56.556
56.556
56.556
53.18
53.18
53.18
53.18
53.18
53.18
53.18
53.18
53.18
53.18
53.18
53.18
53.18
53.18
53.18
53.18
53.18
53.18
53.18
53.18
50.1587
50.1587
50.1587
50.1587
50.1587
50.1587
50.1587
50.1587
50.1587
50.1587
50.1587
50.1587
50.1587
50.1587
50.1587
50.1587
50.1587
50.1587
50.1587
50.1587
47.4263
47.4263
47.4263
47.4263
47.4263
47.4263
47.4263
47.4263
47.4263
47.4263
47.4263
47.4263
47.4263
47.4263
47.4263
47.4263
47.4263
47.4263
47.4263
47.4263
44.931
44.931
44.931
44.931
44.931
44.931
44.931
44.931
44.931
44.931
44.931
44.931
44.931
44.931
44.931
44.931
44.931
44.931
44.931
44.931
42.6244
42.6244
42.6244
42.6244
42.6244
42.6244
42.6244
42.6244
42.6244
42.6244
42.6244
42.6244
42.6244
42.6244
42.6244
42.6244
42.6244
42.6244
42.6244
42.6244
40.4185
40.4185
40.4185
40.4185
40.4185
40.4185
40.4185
40.4185
40.4185
40.4185
40.4185
40.4185
40.4185
40.4185
40.4185
40.4185
40.4185
40.4185
40.4185
40.4185
38.2488
38.2488
38.2488
38.2488
38.2488
38.2488
38.2488
38.2488
38.2488
38.2488
38.2488
38.2488
38.2488
38.2488
38.2488
38.2488
38.2488
38.2488
38.2488
38.2488
36.102
36.102
36.102
36.102
36.102
36.102
36.102
36.102
36.102
36.102
36.102
36.102
36.102
36.102
36.102
36.102
36.102
36.102
36.102
36.102
33.9814
33.9814
33.9814
33.9814
33.9814
33.9814
33.9814
33.9814
33.9814
33.9814
33.9814
33.9814
33.9814
33.9814
33.9814
33.9814
33.9814
33.9814
33.9814
33.9814
31.9643
31.9643
31.9643
31.9643
31.9643
31.9643
31.9643
31.9643
31.9643
31.9643
31.9643
31.9643
31.9643
31.9643
31.9643
31.9643
31.9643
31.9643
31.9643
31.9643
30.0775
30.0775
30.0775
30.0775
30.0775
30.0775
30.0775
30.0775
30.0775
30.0775
30.0775
30.0775
30.0775
30.0775
30.0775
30.0775
30.0775
30.0775
30.0775
30.0775
28.3056
28.3056
28.3056
28.3056
28.3056
28.3056
28.3056
28.3056
28.3056
28.3056
28.3056
28.3056
28.3056
28.3056
28.3056
28.3056
28.3056
28.3056
28.3056
28.3056
26.6373
26.6373
26.6373
26.6373
26.6373
26.6373
26.6373
26.6373
26.6373
26.6373
26.6373
26.6373
26.6373
26.6373
26.6373
26.6373
26.6373
26.6373
26.6373
26.6373
25.0471
25.0471
25.0471
25.0471
25.0471
25.0471
25.0471
25.0471
25.0471
25.0471
25.0471
25.0471
25.0471
25.0471
25.0471
25.0471
25.0471
25.0471
25.0471
25.0471
23.4807
23.4807
23.4807
23.4807
23.4807
23.4807
23.4807
23.4807
23.4807
23.4807
23.4807
23.4807
23.4807
23.4807
23.4807
23.4807
23.4807
23.4807
23.4807
23.4807
21.8732
21.8732
21.8732
21.8732
21.8732
21.8732
21.8732
21.8732
21.8732
21.8732
21.8732
21.8732
21.8732
21.8732
21.8732
21.8732
21.8732
21.8732
21.8732
21.8732
20.1666
20.1666
20.1666
20.1666
20.1666
20.1666
20.1666
20.1666
20.1666
20.1666
20.1666
20.1666
20.1666
20.1666
20.1666
20.1666
20.1666
20.1666
20.1666
20.1666
18.328
18.328
18.328
18.328
18.328
18.328
18.328
18.328
18.328
18.328
18.328
18.328
18.328
18.328
18.328
18.328
18.328
18.328
18.328
18.328
16.3696
16.3696
16.3696
16.3696
16.3696
16.3696
16.3696
16.3695
16.3696
16.3696
16.3696
16.3696
16.3696
16.3696
16.3696
16.3696
16.3696
16.3696
16.3696
16.3696
14.3607
14.3607
14.3607
14.3607
14.3607
14.3607
14.3607
14.3607
14.3607
14.3607
14.3607
14.3607
14.3607
14.3607
14.3607
14.3607
14.3607
14.3607
14.3607
14.3607
12.4212
12.4212
12.4212
12.4212
12.4212
12.4212
12.4212
12.4212
12.4212
12.4212
12.4212
12.4211
12.4211
12.4211
12.4211
12.4211
12.4211
12.4211
12.4211
12.4211
10.6793
10.6793
10.6793
10.6793
10.6793
10.6793
10.6793
10.6793
10.6793
10.6793
10.6793
10.6793
10.6793
10.6793
10.6793
10.6793
10.6793
10.6793
10.6793
10.6793
9.20845
9.20845
9.20845
9.20845
9.20845
9.20845
9.20845
9.20845
9.20845
9.20845
9.20845
9.20845
9.20844
9.20844
9.20844
9.20844
9.20844
9.20844
9.20844
9.20845
7.96914
7.96914
7.96914
7.96914
7.96914
7.96914
7.96914
7.96914
7.96914
7.96914
7.96914
7.96914
7.96913
7.96913
7.96913
7.96913
7.96913
7.96913
7.96913
7.96914
6.90308
6.90308
6.90308
6.90308
6.90308
6.90308
6.90308
6.90308
6.90307
6.90307
6.90307
6.90307
6.90307
6.90307
6.90307
6.90307
6.90307
6.90307
6.90307
6.90308
6.13953
6.13953
6.13953
6.13953
6.13953
6.13953
6.13953
6.13953
6.13953
6.13953
6.13953
6.13953
6.13953
6.13953
6.13953
6.13953
6.13953
6.13953
6.13953
6.13953
5.6719
5.6719
5.6719
5.6719
5.6719
5.6719
5.6719
5.6719
5.6719
5.6719
5.6719
5.6719
5.6719
5.6719
5.6719
5.6719
5.6719
5.6719
5.6719
5.6719
5.37371
5.37371
5.37371
5.37371
5.37371
5.37371
5.37371
5.37371
5.37371
5.37371
5.37371
5.37371
5.37371
5.37371
5.37371
5.37371
5.37371
5.37371
5.37371
5.37371
5.17475
5.17475
5.17475
5.17475
5.17475
5.17475
5.17475
5.17475
5.17475
5.17475
5.17475
5.17475
5.17475
5.17475
5.17475
5.17475
5.17475
5.17475
5.17475
5.17475
5.03323
5.03323
5.03323
5.03323
5.03323
5.03323
5.03323
5.03323
5.03323
5.03323
5.03323
5.03323
5.03323
5.03323
5.03323
5.03323
5.03323
5.03323
5.03323
5.03323
4.92263
4.92263
4.92263
4.92263
4.92263
4.92263
4.92263
4.92263
4.92263
4.92263
4.92263
4.92263
4.92263
4.92263
4.92264
4.92264
4.92264
4.92264
4.92264
4.92263
4.8254
4.8254
4.8254
4.8254
4.8254
4.8254
4.8254
4.8254
4.8254
4.8254
4.8254
4.8254
4.8254
4.8254
4.8254
4.8254
4.8254
4.8254
4.8254
4.8254
4.72978
4.72978
4.72978
4.72978
4.72978
4.72978
4.72978
4.72978
4.72978
4.72978
4.72978
4.72978
4.72978
4.72978
4.72978
4.72978
4.72978
4.72978
4.72978
4.72978
4.62809
4.62809
4.62809
4.62809
4.62809
4.62809
4.62809
4.62809
4.62809
4.62809
4.62809
4.62809
4.62809
4.62809
4.62809
4.62809
4.62809
4.62809
4.62809
4.62809
4.51578
4.51578
4.51578
4.51578
4.51578
4.51578
4.51578
4.51578
4.51578
4.51578
4.51578
4.51578
4.51578
4.51578
4.51578
4.51578
4.51578
4.51578
4.51578
4.51578
4.39081
4.39081
4.39081
4.39081
4.39081
4.39081
4.39081
4.39081
4.39081
4.39081
4.39081
4.39081
4.39081
4.39081
4.39081
4.39081
4.39081
4.39081
4.39081
4.39081
4.25319
4.25319
4.25319
4.25319
4.25319
4.25319
4.25319
4.25319
4.25319
4.25319
4.25319
4.25319
4.25319
4.25319
4.25319
4.25319
4.25319
4.25319
4.25319
4.25319
4.10399
4.10399
4.10399
4.10399
4.10399
4.10399
4.10399
4.10399
4.10399
4.10399
4.10399
4.10399
4.10399
4.10399
4.10399
4.10399
4.10399
4.10399
4.10399
4.10399
3.94395
3.94395
3.94395
3.94395
3.94395
3.94395
3.94395
3.94395
3.94395
3.94395
3.94395
3.94395
3.94395
3.94395
3.94395
3.94395
3.94395
3.94395
3.94395
3.94395
3.78097
3.78097
3.78097
3.78097
3.78097
3.78097
3.78097
3.78097
3.78097
3.78097
3.78097
3.78097
3.78097
3.78097
3.78097
3.78097
3.78097
3.78097
3.78097
3.78097
3.6113
3.6113
3.6113
3.6113
3.6113
3.6113
3.6113
3.6113
3.6113
3.6113
3.6113
3.6113
3.6113
3.6113
3.6113
3.6113
3.6113
3.6113
3.6113
3.6113
3.41415
3.41415
3.41415
3.41415
3.41415
3.41415
3.41415
3.41415
3.41415
3.41415
3.41415
3.41415
3.41415
3.41415
3.41415
3.41415
3.41415
3.41415
3.41415
3.41415
3.17053
3.17053
3.17053
3.17053
3.17053
3.17053
3.17053
3.17053
3.17053
3.17053
3.17053
3.17053
3.17053
3.17053
3.17053
3.17053
3.17053
3.17053
3.17053
3.17053
2.87373
2.87373
2.87373
2.87373
2.87373
2.87373
2.87373
2.87373
2.87373
2.87373
2.87373
2.87373
2.87373
2.87373
2.87373
2.87373
2.87373
2.87373
2.87373
2.87373
2.53946
2.53946
2.53946
2.53946
2.53946
2.53946
2.53946
2.53946
2.53946
2.53946
2.53946
2.53946
2.53946
2.53946
2.53946
2.53946
2.53946
2.53946
2.53946
2.53946
2.2105
2.2105
2.2105
2.2105
2.2105
2.2105
2.2105
2.2105
2.2105
2.2105
2.2105
2.2105
2.2105
2.2105
2.2105
2.2105
2.2105
2.2105
2.2105
2.2105
1.93409
1.93409
1.93409
1.93409
1.93409
1.93409
1.93409
1.93409
1.93409
1.93409
1.93409
1.93409
1.93409
1.93409
1.93409
1.93409
1.93409
1.93409
1.93409
1.93409
1.72589
1.72589
1.72589
1.72589
1.72589
1.72589
1.72589
1.72589
1.72589
1.72589
1.72589
1.72589
1.72589
1.72589
1.72589
1.72589
1.72589
1.72589
1.72589
1.72589
1.56477
1.56477
1.56477
1.56477
1.56477
1.56477
1.56477
1.56477
1.56477
1.56477
1.56477
1.56477
1.56477
1.56477
1.56477
1.56477
1.56477
1.56477
1.56477
1.56477
1.29384
1.29384
1.29384
1.29384
1.29384
1.29384
1.29384
1.29384
1.29384
1.29384
1.29384
1.29384
1.29384
1.29384
1.29384
1.29384
1.29384
1.29384
1.29384
1.29384
0.699915
0.699915
0.699915
0.699915
0.699915
0.699915
0.699915
0.699915
0.699915
0.699915
0.699915
0.699915
0.699915
0.699915
0.699915
0.699915
0.699915
0.699915
0.699915
0.699915
0.621744
0.621744
0.621744
0.621744
0.621744
0.621744
0.621744
0.621744
0.621744
0.621744
0.621744
0.621744
0.621744
0.621744
0.621744
0.621744
0.621744
0.621744
0.621744
0.621744
0.620884
0.620884
0.620884
0.620884
0.620884
0.620884
0.620884
0.620884
0.620884
0.620884
0.620884
0.620884
0.620884
0.620884
0.620884
0.620884
0.620884
0.620884
0.620884
0.620884
0.620882
0.620882
0.620882
0.620882
0.620882
0.620882
0.620882
0.620882
0.620882
0.620882
0.620882
0.620882
0.620882
0.620882
0.620882
0.620882
0.620882
0.620882
0.620882
0.620882
)
;

boundaryField
{
    top
    {
        type            symmetryPlane;
    }
    bottom
    {
        type            omegaWallFunction;
        Cmu             0.09;
        kappa           0.41;
        E               9.8;
        beta1           0.075;
        blended         true;
        value           uniform 1139.75;
    }
    inlet
    {
        type            cyclic;
    }
    outlet
    {
        type            cyclic;
    }
    frontAndBack
    {
        type            empty;
    }
}


// ************************************************************************* //
