/*--------------------------------*- C++ -*----------------------------------*\
| =========                 |                                                 |
| \\      /  F ield         | OpenFOAM: The Open Source CFD Toolbox           |
|  \\    /   O peration     | Version:  v1906                                 |
|   \\  /    A nd           | Web:      www.OpenFOAM.com                      |
|    \\/     M anipulation  |                                                 |
\*---------------------------------------------------------------------------*/
FoamFile
{
    version     2.0;
    format      ascii;
    class       volScalarField;
    location    "19.44";
    object      omega;
}
// * * * * * * * * * * * * * * * * * * * * * * * * * * * * * * * * * * * * * //

dimensions      [0 0 -1 0 0 0 0];


internalField   nonuniform List<scalar> 
1380
(
1139.71
1139.71
1139.71
1139.71
1139.71
1139.71
1139.71
1139.71
1139.71
1139.71
1139.71
1139.71
1139.71
1139.71
1139.71
1139.71
1139.71
1139.71
1139.71
1139.71
485.414
485.414
485.414
485.414
485.414
485.414
485.414
485.414
485.414
485.414
485.414
485.414
485.414
485.414
485.414
485.414
485.414
485.414
485.414
485.414
301.852
301.852
301.852
301.852
301.852
301.852
301.852
301.852
301.852
301.852
301.852
301.852
301.852
301.852
301.852
301.852
301.852
301.852
301.852
301.852
217.764
217.764
217.764
217.764
217.764
217.764
217.764
217.764
217.764
217.764
217.764
217.764
217.764
217.764
217.764
217.764
217.764
217.764
217.764
217.764
170.424
170.424
170.424
170.424
170.424
170.424
170.424
170.424
170.424
170.424
170.424
170.424
170.424
170.424
170.424
170.424
170.424
170.424
170.424
170.424
140.254
140.254
140.254
140.254
140.254
140.254
140.254
140.254
140.254
140.254
140.254
140.254
140.254
140.254
140.254
140.254
140.254
140.254
140.254
140.254
119.4
119.4
119.4
119.4
119.4
119.4
119.4
119.4
119.4
119.4
119.4
119.4
119.4
119.4
119.4
119.4
119.4
119.4
119.4
119.4
104.141
104.141
104.141
104.141
104.141
104.141
104.141
104.141
104.141
104.141
104.141
104.141
104.141
104.141
104.141
104.141
104.141
104.141
104.141
104.141
92.5028
92.5028
92.5028
92.5028
92.5028
92.5028
92.5028
92.5028
92.5028
92.5028
92.5028
92.5028
92.5028
92.5028
92.5028
92.5028
92.5028
92.5028
92.5028
92.5028
83.3399
83.3399
83.3399
83.3399
83.3399
83.3399
83.3399
83.3399
83.3399
83.3399
83.3399
83.3399
83.3399
83.3399
83.3399
83.3399
83.3399
83.3399
83.3399
83.3399
75.9457
75.9457
75.9457
75.9457
75.9457
75.9457
75.9457
75.9457
75.9457
75.9457
75.9457
75.9457
75.9457
75.9457
75.9457
75.9457
75.9457
75.9457
75.9457
75.9457
69.8605
69.8604
69.8604
69.8604
69.8604
69.8604
69.8605
69.8605
69.8605
69.8605
69.8605
69.8605
69.8605
69.8605
69.8605
69.8605
69.8605
69.8605
69.8605
69.8605
64.7513
64.7513
64.7513
64.7513
64.7513
64.7513
64.7513
64.7513
64.7513
64.7513
64.7513
64.7513
64.7513
64.7513
64.7513
64.7513
64.7513
64.7513
64.7513
64.7513
60.3725
60.3725
60.3725
60.3725
60.3726
60.3726
60.3726
60.3726
60.3726
60.3726
60.3726
60.3726
60.3726
60.3726
60.3726
60.3726
60.3726
60.3726
60.3726
60.3726
56.555
56.555
56.555
56.555
56.555
56.555
56.555
56.555
56.555
56.555
56.555
56.555
56.555
56.555
56.555
56.555
56.555
56.555
56.555
56.555
53.1793
53.1793
53.1793
53.1793
53.1793
53.1793
53.1793
53.1793
53.1793
53.1793
53.1793
53.1793
53.1793
53.1793
53.1793
53.1793
53.1793
53.1793
53.1793
53.1793
50.1582
50.1582
50.1582
50.1582
50.1582
50.1582
50.1582
50.1582
50.1582
50.1582
50.1582
50.1582
50.1582
50.1582
50.1582
50.1582
50.1582
50.1582
50.1582
50.1582
47.426
47.426
47.426
47.426
47.426
47.426
47.426
47.426
47.426
47.426
47.426
47.426
47.426
47.426
47.426
47.426
47.426
47.426
47.426
47.426
44.9309
44.9309
44.9309
44.9309
44.9309
44.9309
44.9309
44.9309
44.9309
44.9309
44.9309
44.9309
44.9309
44.9309
44.9309
44.9309
44.9309
44.9309
44.9309
44.9309
42.6245
42.6245
42.6245
42.6245
42.6245
42.6245
42.6245
42.6245
42.6245
42.6245
42.6245
42.6245
42.6245
42.6245
42.6245
42.6245
42.6245
42.6245
42.6245
42.6245
40.4189
40.4189
40.4189
40.4189
40.4189
40.4189
40.4189
40.4189
40.4189
40.4189
40.4189
40.4189
40.4189
40.4189
40.4189
40.4189
40.4189
40.4189
40.4189
40.4189
38.2494
38.2494
38.2494
38.2494
38.2494
38.2494
38.2494
38.2494
38.2494
38.2494
38.2494
38.2494
38.2494
38.2494
38.2494
38.2494
38.2494
38.2494
38.2494
38.2494
36.1028
36.1028
36.1028
36.1028
36.1028
36.1028
36.1028
36.1028
36.1028
36.1028
36.1028
36.1028
36.1028
36.1028
36.1028
36.1028
36.1028
36.1028
36.1028
36.1028
33.9823
33.9823
33.9823
33.9823
33.9823
33.9823
33.9823
33.9823
33.9823
33.9823
33.9823
33.9823
33.9823
33.9823
33.9823
33.9823
33.9823
33.9823
33.9823
33.9823
31.9653
31.9653
31.9653
31.9653
31.9653
31.9653
31.9653
31.9653
31.9653
31.9653
31.9653
31.9653
31.9653
31.9653
31.9653
31.9653
31.9653
31.9653
31.9653
31.9653
30.0784
30.0784
30.0784
30.0784
30.0784
30.0784
30.0784
30.0784
30.0784
30.0784
30.0784
30.0784
30.0784
30.0784
30.0784
30.0784
30.0784
30.0784
30.0784
30.0784
28.3065
28.3065
28.3065
28.3065
28.3065
28.3065
28.3065
28.3065
28.3065
28.3065
28.3065
28.3065
28.3065
28.3065
28.3065
28.3065
28.3065
28.3065
28.3065
28.3065
26.6382
26.6382
26.6382
26.6382
26.6382
26.6382
26.6382
26.6382
26.6382
26.6382
26.6382
26.6382
26.6382
26.6382
26.6382
26.6382
26.6382
26.6382
26.6382
26.6382
25.0482
25.0482
25.0482
25.0482
25.0482
25.0482
25.0482
25.0482
25.0482
25.0482
25.0482
25.0482
25.0482
25.0482
25.0482
25.0482
25.0482
25.0482
25.0482
25.0482
23.482
23.482
23.482
23.482
23.482
23.482
23.482
23.482
23.482
23.482
23.482
23.482
23.482
23.482
23.482
23.482
23.482
23.482
23.482
23.482
21.8748
21.8748
21.8748
21.8748
21.8748
21.8748
21.8748
21.8748
21.8748
21.8748
21.8748
21.8748
21.8748
21.8748
21.8748
21.8748
21.8748
21.8748
21.8748
21.8748
20.1687
20.1687
20.1687
20.1687
20.1687
20.1687
20.1687
20.1687
20.1687
20.1687
20.1687
20.1687
20.1687
20.1687
20.1687
20.1687
20.1687
20.1687
20.1687
20.1687
18.3306
18.3306
18.3306
18.3306
18.3306
18.3306
18.3306
18.3306
18.3306
18.3306
18.3306
18.3306
18.3306
18.3306
18.3306
18.3306
18.3306
18.3306
18.3306
18.3306
16.3725
16.3725
16.3725
16.3725
16.3725
16.3725
16.3725
16.3725
16.3725
16.3725
16.3725
16.3725
16.3725
16.3725
16.3725
16.3725
16.3725
16.3725
16.3725
16.3725
14.3638
14.3637
14.3637
14.3637
14.3637
14.3637
14.3637
14.3638
14.3638
14.3638
14.3637
14.3637
14.3637
14.3637
14.3637
14.3637
14.3637
14.3637
14.3637
14.3638
12.424
12.424
12.424
12.424
12.424
12.424
12.424
12.424
12.424
12.424
12.424
12.424
12.424
12.424
12.424
12.424
12.424
12.424
12.424
12.424
10.6817
10.6817
10.6817
10.6817
10.6817
10.6817
10.6817
10.6817
10.6817
10.6817
10.6817
10.6817
10.6817
10.6817
10.6817
10.6817
10.6817
10.6817
10.6817
10.6817
9.21039
9.21039
9.21039
9.21039
9.21039
9.21039
9.21039
9.21039
9.21039
9.21038
9.21038
9.21038
9.21038
9.21038
9.21038
9.21038
9.21038
9.21038
9.21038
9.21039
7.97092
7.97092
7.97092
7.97092
7.97092
7.97092
7.97092
7.97091
7.97091
7.97091
7.97091
7.97091
7.97091
7.97091
7.97091
7.97091
7.97091
7.97091
7.97091
7.97092
6.90444
6.90444
6.90444
6.90444
6.90444
6.90444
6.90444
6.90444
6.90444
6.90444
6.90444
6.90444
6.90444
6.90443
6.90443
6.90443
6.90443
6.90443
6.90443
6.90444
6.14021
6.14021
6.14021
6.14021
6.14021
6.14021
6.14021
6.14021
6.14021
6.14021
6.14021
6.14021
6.14021
6.14021
6.14021
6.14021
6.14021
6.14021
6.14021
6.14021
5.67217
5.67217
5.67217
5.67217
5.67217
5.67217
5.67217
5.67217
5.67217
5.67217
5.67217
5.67217
5.67217
5.67217
5.67217
5.67217
5.67217
5.67217
5.67217
5.67217
5.37375
5.37375
5.37375
5.37375
5.37375
5.37375
5.37375
5.37375
5.37375
5.37375
5.37375
5.37375
5.37375
5.37375
5.37375
5.37375
5.37375
5.37375
5.37375
5.37375
5.17466
5.17466
5.17466
5.17466
5.17466
5.17466
5.17466
5.17466
5.17466
5.17466
5.17466
5.17466
5.17466
5.17466
5.17466
5.17466
5.17466
5.17466
5.17466
5.17466
5.03306
5.03306
5.03306
5.03306
5.03306
5.03306
5.03306
5.03306
5.03306
5.03306
5.03306
5.03306
5.03306
5.03306
5.03306
5.03306
5.03306
5.03306
5.03306
5.03306
4.92243
4.92243
4.92243
4.92243
4.92243
4.92243
4.92243
4.92243
4.92243
4.92244
4.92244
4.92244
4.92244
4.92244
4.92244
4.92244
4.92244
4.92244
4.92244
4.92243
4.82519
4.82519
4.82519
4.82519
4.82519
4.82519
4.82519
4.82519
4.82519
4.82519
4.82519
4.82519
4.82519
4.82519
4.82519
4.82519
4.82519
4.82519
4.82519
4.82519
4.72957
4.72957
4.72957
4.72957
4.72957
4.72957
4.72957
4.72957
4.72957
4.72957
4.72957
4.72957
4.72957
4.72957
4.72957
4.72957
4.72957
4.72957
4.72957
4.72957
4.62789
4.62789
4.62789
4.62789
4.62789
4.62789
4.62789
4.62789
4.62789
4.62789
4.62789
4.62789
4.62789
4.62789
4.62789
4.62789
4.62789
4.62789
4.62789
4.62789
4.51559
4.51559
4.51559
4.51559
4.51559
4.51559
4.51559
4.51559
4.51559
4.51559
4.51559
4.51559
4.51559
4.51559
4.51559
4.51559
4.51559
4.51559
4.51559
4.51559
4.39064
4.39064
4.39064
4.39064
4.39064
4.39064
4.39064
4.39064
4.39064
4.39064
4.39064
4.39064
4.39064
4.39064
4.39064
4.39065
4.39065
4.39065
4.39065
4.39064
4.25304
4.25304
4.25304
4.25304
4.25304
4.25304
4.25304
4.25304
4.25304
4.25304
4.25304
4.25304
4.25304
4.25304
4.25304
4.25304
4.25304
4.25304
4.25304
4.25304
4.10385
4.10385
4.10385
4.10385
4.10385
4.10385
4.10385
4.10385
4.10385
4.10385
4.10385
4.10385
4.10386
4.10386
4.10386
4.10386
4.10386
4.10386
4.10386
4.10385
3.94383
3.94383
3.94383
3.94383
3.94383
3.94383
3.94383
3.94383
3.94383
3.94383
3.94383
3.94383
3.94383
3.94383
3.94383
3.94383
3.94383
3.94383
3.94383
3.94383
3.78086
3.78086
3.78086
3.78086
3.78086
3.78086
3.78086
3.78086
3.78087
3.78087
3.78087
3.78087
3.78087
3.78087
3.78087
3.78087
3.78087
3.78087
3.78087
3.78086
3.61121
3.61121
3.61121
3.61121
3.61121
3.61121
3.61121
3.61121
3.61121
3.61121
3.61121
3.61121
3.61121
3.61121
3.61121
3.61121
3.61121
3.61121
3.61121
3.61121
3.41409
3.41409
3.41409
3.41409
3.41409
3.41409
3.41409
3.41409
3.41409
3.41409
3.41409
3.41409
3.41409
3.41409
3.41409
3.41409
3.41409
3.41409
3.41409
3.41409
3.17051
3.17051
3.17051
3.17051
3.17051
3.17051
3.17051
3.17051
3.17051
3.17051
3.17051
3.17051
3.17051
3.17051
3.17051
3.17051
3.17051
3.17051
3.17051
3.17051
2.87375
2.87375
2.87375
2.87375
2.87375
2.87375
2.87375
2.87375
2.87375
2.87375
2.87375
2.87375
2.87375
2.87375
2.87375
2.87375
2.87375
2.87375
2.87375
2.87375
2.53951
2.53951
2.53951
2.53951
2.53951
2.53951
2.53951
2.53951
2.53951
2.53951
2.53951
2.53951
2.53951
2.53951
2.53951
2.53951
2.53951
2.53951
2.53951
2.53951
2.21054
2.21054
2.21054
2.21054
2.21054
2.21054
2.21054
2.21054
2.21054
2.21054
2.21054
2.21054
2.21054
2.21054
2.21054
2.21054
2.21054
2.21054
2.21054
2.21054
1.93412
1.93412
1.93412
1.93412
1.93412
1.93412
1.93412
1.93412
1.93412
1.93412
1.93412
1.93412
1.93412
1.93412
1.93412
1.93412
1.93412
1.93412
1.93412
1.93412
1.7259
1.7259
1.7259
1.7259
1.7259
1.7259
1.7259
1.7259
1.7259
1.7259
1.7259
1.7259
1.7259
1.7259
1.7259
1.7259
1.7259
1.7259
1.7259
1.7259
1.56476
1.56476
1.56476
1.56476
1.56476
1.56476
1.56476
1.56476
1.56476
1.56476
1.56476
1.56476
1.56476
1.56476
1.56476
1.56476
1.56476
1.56476
1.56476
1.56476
1.29388
1.29388
1.29388
1.29388
1.29388
1.29388
1.29388
1.29388
1.29388
1.29388
1.29388
1.29388
1.29388
1.29388
1.29388
1.29388
1.29388
1.29388
1.29388
1.29388
0.699931
0.699931
0.699931
0.699931
0.699931
0.699931
0.699931
0.699931
0.699931
0.699931
0.699931
0.699931
0.699931
0.699931
0.699931
0.699931
0.699931
0.699931
0.699931
0.699931
0.621739
0.621739
0.621739
0.621739
0.621739
0.621739
0.621739
0.621739
0.621739
0.621739
0.621739
0.621739
0.621739
0.621738
0.621738
0.621738
0.621738
0.621738
0.621738
0.621738
0.620877
0.620877
0.620877
0.620877
0.620877
0.620877
0.620877
0.620877
0.620877
0.620877
0.620877
0.620877
0.620877
0.620877
0.620877
0.620877
0.620877
0.620877
0.620877
0.620877
0.620876
0.620876
0.620876
0.620876
0.620876
0.620876
0.620876
0.620876
0.620876
0.620876
0.620876
0.620876
0.620876
0.620876
0.620876
0.620876
0.620876
0.620876
0.620876
0.620876
)
;

boundaryField
{
    top
    {
        type            symmetryPlane;
    }
    bottom
    {
        type            omegaWallFunction;
        Cmu             0.09;
        kappa           0.41;
        E               9.8;
        beta1           0.075;
        blended         true;
        value           uniform 1139.71;
    }
    inlet
    {
        type            cyclic;
    }
    outlet
    {
        type            cyclic;
    }
    frontAndBack
    {
        type            empty;
    }
}


// ************************************************************************* //
