/*--------------------------------*- C++ -*----------------------------------*\
| =========                 |                                                 |
| \\      /  F ield         | OpenFOAM: The Open Source CFD Toolbox           |
|  \\    /   O peration     | Version:  v1906                                 |
|   \\  /    A nd           | Web:      www.OpenFOAM.com                      |
|    \\/     M anipulation  |                                                 |
\*---------------------------------------------------------------------------*/
FoamFile
{
    version     2.0;
    format      ascii;
    class       volSymmTensorField;
    location    "19.44";
    object      UPrime2Mean;
}
// * * * * * * * * * * * * * * * * * * * * * * * * * * * * * * * * * * * * * //

dimensions      [0 2 -2 0 0 0 0];


internalField   nonuniform List<symmTensor> 
1380
(
(0.377436 -4.52541e-11 0 1.07586e-17 0 0)
(0.377436 4.44944e-11 0 8.8312e-18 0 0)
(0.377436 9.80949e-11 0 5.97512e-18 0 0)
(0.377436 8.70771e-11 0 3.94776e-18 0 0)
(0.377436 7.89967e-11 0 2.71993e-18 0 0)
(0.377436 6.9146e-11 0 1.98336e-18 0 0)
(0.377436 5.90105e-11 0 1.53517e-18 0 0)
(0.377436 4.7357e-11 0 1.2503e-18 0 0)
(0.377436 3.46048e-11 0 1.07744e-18 0 0)
(0.377436 2.08692e-11 0 9.96634e-19 0 0)
(0.377436 7.07573e-12 0 9.9738e-19 0 0)
(0.377436 -7.18479e-12 0 1.08642e-18 0 0)
(0.377436 -2.16971e-11 0 1.28226e-18 0 0)
(0.377436 -3.69157e-11 0 1.61091e-18 0 0)
(0.377436 -5.18649e-11 0 2.13601e-18 0 0)
(0.377436 -6.6772e-11 0 2.98253e-18 0 0)
(0.377436 -7.80482e-11 0 4.31038e-18 0 0)
(0.377436 -9.0336e-11 0 6.32689e-18 0 0)
(0.377436 -6.17043e-11 0 8.5955e-18 0 0)
(0.377436 -9.09406e-11 0 1.0005e-17 0 0)
(0.722241 -4.04968e-10 0 9.03896e-18 0 0)
(0.722241 -4.38047e-10 0 7.02377e-18 0 0)
(0.722241 -1.59042e-10 0 4.61822e-18 0 0)
(0.722241 -1.0668e-10 0 3.21187e-18 0 0)
(0.722241 -7.73719e-11 0 2.41958e-18 0 0)
(0.722241 -5.89431e-11 0 1.94826e-18 0 0)
(0.722241 -4.64397e-11 0 1.67239e-18 0 0)
(0.722241 -3.99668e-11 0 1.52444e-18 0 0)
(0.722241 -3.6806e-11 0 1.47099e-18 0 0)
(0.722241 -3.46041e-11 0 1.49563e-18 0 0)
(0.722241 -3.13372e-11 0 1.59335e-18 0 0)
(0.722241 -2.45192e-11 0 1.76678e-18 0 0)
(0.722241 -1.23733e-11 0 2.02676e-18 0 0)
(0.722241 7.78311e-12 0 2.3906e-18 0 0)
(0.722241 3.85251e-11 0 2.88712e-18 0 0)
(0.722241 8.3953e-11 0 3.55993e-18 0 0)
(0.722241 1.46851e-10 0 4.46633e-18 0 0)
(0.722241 2.46004e-10 0 5.75259e-18 0 0)
(0.722241 5.06316e-10 0 7.45337e-18 0 0)
(0.722241 4.38316e-10 0 8.70437e-18 0 0)
(0.915799 -3.49662e-10 0 9.0343e-18 0 0)
(0.915799 -4.14213e-10 0 7.61971e-18 0 0)
(0.915799 -1.02916e-10 0 5.37956e-18 0 0)
(0.915799 -5.81177e-11 0 4.03826e-18 0 0)
(0.915799 -3.95533e-11 0 3.17627e-18 0 0)
(0.915799 -3.57352e-11 0 2.62167e-18 0 0)
(0.915799 -3.49552e-11 0 2.2979e-18 0 0)
(0.915799 -3.76365e-11 0 2.14146e-18 0 0)
(0.915799 -4.1103e-11 0 2.10562e-18 0 0)
(0.915799 -4.39361e-11 0 2.15511e-18 0 0)
(0.915799 -4.45323e-11 0 2.26715e-18 0 0)
(0.915799 -4.12069e-11 0 2.43195e-18 0 0)
(0.915799 -3.2618e-11 0 2.65468e-18 0 0)
(0.915799 -1.66191e-11 0 2.95041e-18 0 0)
(0.915799 8.32934e-12 0 3.34206e-18 0 0)
(0.915799 4.57566e-11 0 3.86533e-18 0 0)
(0.915799 1.01882e-10 0 4.54848e-18 0 0)
(0.915799 1.98038e-10 0 5.4504e-18 0 0)
(0.915799 4.99412e-10 0 7.00874e-18 0 0)
(0.915799 4.43231e-10 0 8.39323e-18 0 0)
(1.0566 -3.11522e-10 0 8.59983e-18 0 0)
(1.0566 -4.32026e-10 0 7.5795e-18 0 0)
(1.0566 -1.38479e-10 0 5.28395e-18 0 0)
(1.0566 -1.01041e-10 0 3.93386e-18 0 0)
(1.0566 -8.99592e-11 0 3.16523e-18 0 0)
(1.0566 -8.60313e-11 0 2.75269e-18 0 0)
(1.0566 -8.1474e-11 0 2.58381e-18 0 0)
(1.0566 -7.67259e-11 0 2.56964e-18 0 0)
(1.0566 -7.02332e-11 0 2.64025e-18 0 0)
(1.0566 -6.26749e-11 0 2.73903e-18 0 0)
(1.0566 -5.2823e-11 0 2.82963e-18 0 0)
(1.0566 -3.77026e-11 0 2.9028e-18 0 0)
(1.0566 -1.66761e-11 0 2.97099e-18 0 0)
(1.0566 1.06878e-11 0 3.07005e-18 0 0)
(1.0566 4.40536e-11 0 3.25491e-18 0 0)
(1.0566 8.66523e-11 0 3.5966e-18 0 0)
(1.0566 1.41436e-10 0 4.17019e-18 0 0)
(1.0566 2.43475e-10 0 5.0826e-18 0 0)
(1.0566 5.34879e-10 0 6.89785e-18 0 0)
(1.0566 4.92692e-10 0 8.37095e-18 0 0)
(1.16913 -1.78789e-10 0 9.70259e-18 0 0)
(1.16913 -3.16622e-10 0 8.71506e-18 0 0)
(1.16913 -4.45925e-11 0 6.15795e-18 0 0)
(1.16913 -1.35152e-11 0 4.36032e-18 0 0)
(1.16913 -2.672e-11 0 3.33481e-18 0 0)
(1.16913 -5.05848e-11 0 2.87364e-18 0 0)
(1.16913 -7.59066e-11 0 2.88597e-18 0 0)
(1.16913 -9.74186e-11 0 3.23574e-18 0 0)
(1.16913 -1.11488e-10 0 3.73457e-18 0 0)
(1.16913 -1.17634e-10 0 4.19038e-18 0 0)
(1.16913 -1.20689e-10 0 4.42119e-18 0 0)
(1.16913 -1.10594e-10 0 4.39028e-18 0 0)
(1.16913 -8.97684e-11 0 4.13278e-18 0 0)
(1.16913 -6.23226e-11 0 3.73934e-18 0 0)
(1.16913 -2.33954e-11 0 3.42603e-18 0 0)
(1.16913 3.00602e-11 0 3.42122e-18 0 0)
(1.16913 1.00919e-10 0 3.9338e-18 0 0)
(1.16913 2.22263e-10 0 5.16897e-18 0 0)
(1.16913 5.31607e-10 0 7.55771e-18 0 0)
(1.16913 5.59993e-10 0 9.57587e-18 0 0)
(1.26326 -2.21185e-10 0 1.0312e-17 0 0)
(1.26326 -3.59496e-10 0 8.97056e-18 0 0)
(1.26326 -1.0316e-10 0 6.24984e-18 0 0)
(1.26326 -4.83513e-11 0 4.36006e-18 0 0)
(1.26326 -4.23883e-11 0 3.44643e-18 0 0)
(1.26326 -3.77459e-11 0 3.19005e-18 0 0)
(1.26326 -2.86339e-11 0 3.44688e-18 0 0)
(1.26326 -2.14993e-11 0 4.00889e-18 0 0)
(1.26326 -1.92742e-11 0 4.59956e-18 0 0)
(1.26326 -1.95413e-11 0 4.999e-18 0 0)
(1.26326 -2.08779e-11 0 5.09005e-18 0 0)
(1.26326 -2.07512e-11 0 4.89472e-18 0 0)
(1.26326 -1.95654e-11 0 4.48286e-18 0 0)
(1.26326 -1.5871e-11 0 3.98175e-18 0 0)
(1.26326 -1.09607e-11 0 3.58302e-18 0 0)
(1.26326 -2.64308e-12 0 3.55825e-18 0 0)
(1.26326 2.00959e-11 0 4.1965e-18 0 0)
(1.26326 1.16024e-10 0 5.71508e-18 0 0)
(1.26326 3.95046e-10 0 8.4659e-18 0 0)
(1.26326 4.58302e-10 0 1.06066e-17 0 0)
(1.34429 1.6798e-10 0 3.26789e-17 0 0)
(1.34429 2.85804e-11 0 3.04017e-17 0 0)
(1.34429 2.3736e-10 0 2.39553e-17 0 0)
(1.34429 2.35466e-10 0 1.56275e-17 0 0)
(1.34429 1.59365e-10 0 9.07169e-18 0 0)
(1.34429 6.63071e-11 0 6.20779e-18 0 0)
(1.34429 -3.47818e-11 0 7.36057e-18 0 0)
(1.34429 -1.30071e-10 0 1.19556e-17 0 0)
(1.34429 -2.13183e-10 0 1.87254e-17 0 0)
(1.34429 -2.91297e-10 0 2.46825e-17 0 0)
(1.34429 -3.23761e-10 0 2.705e-17 0 0)
(1.34429 -3.34793e-10 0 2.60917e-17 0 0)
(1.34429 -3.31801e-10 0 2.20265e-17 0 0)
(1.34429 -2.88585e-10 0 1.52721e-17 0 0)
(1.34429 -2.19815e-10 0 9.16576e-18 0 0)
(1.34429 -1.30644e-10 0 6.3714e-18 0 0)
(1.34429 -9.89137e-12 0 7.77228e-18 0 0)
(1.34429 1.65304e-10 0 1.35432e-17 0 0)
(1.34429 5.18226e-10 0 2.27465e-17 0 0)
(1.34429 7.31089e-10 0 3.09121e-17 0 0)
(1.41541 -2.35157e-10 0 3.18584e-17 0 0)
(1.41541 -3.61505e-10 0 2.93171e-17 0 0)
(1.41541 -1.39615e-10 0 2.36223e-17 0 0)
(1.41541 -4.30533e-11 0 1.68535e-17 0 0)
(1.41541 8.3706e-12 0 1.10835e-17 0 0)
(1.41541 4.45495e-11 0 7.75039e-18 0 0)
(1.41541 7.63946e-11 0 8.29865e-18 0 0)
(1.41541 1.091e-10 0 1.24932e-17 0 0)
(1.41541 1.4623e-10 0 1.83544e-17 0 0)
(1.41541 1.65137e-10 0 2.34126e-17 0 0)
(1.41541 1.50591e-10 0 2.58046e-17 0 0)
(1.41541 1.24292e-10 0 2.53053e-17 0 0)
(1.41541 8.54578e-11 0 2.21353e-17 0 0)
(1.41541 1.4493e-11 0 1.68956e-17 0 0)
(1.41541 -6.70988e-11 0 1.1328e-17 0 0)
(1.41541 -1.34133e-10 0 7.85043e-18 0 0)
(1.41541 -1.6964e-10 0 8.61034e-18 0 0)
(1.41541 -1.14846e-10 0 1.41115e-17 0 0)
(1.41541 9.36937e-11 0 2.36029e-17 0 0)
(1.41541 2.48676e-10 0 3.08583e-17 0 0)
(1.47872 6.00964e-10 0 4.22054e-16 0 0)
(1.47872 5.59544e-10 0 3.85018e-16 0 0)
(1.47872 6.65321e-10 0 3.09349e-16 0 0)
(1.47872 5.67422e-10 0 2.48557e-16 0 0)
(1.47872 4.18552e-10 0 1.98563e-16 0 0)
(1.47872 2.64668e-10 0 1.87725e-16 0 0)
(1.47872 1.17478e-10 0 2.14205e-16 0 0)
(1.47872 -3.32622e-11 0 2.72078e-16 0 0)
(1.47872 -1.78793e-10 0 3.46859e-16 0 0)
(1.47872 -4.05734e-10 0 3.87512e-16 0 0)
(1.47872 -5.81746e-10 0 4.14695e-16 0 0)
(1.47872 -6.59265e-10 0 3.81169e-16 0 0)
(1.47872 -6.23345e-10 0 3.07419e-16 0 0)
(1.47872 -5.33863e-10 0 2.48414e-16 0 0)
(1.47872 -4.74595e-10 0 1.98444e-16 0 0)
(1.47872 -4.06873e-10 0 1.86841e-16 0 0)
(1.47872 -3.03545e-10 0 2.13511e-16 0 0)
(1.47872 -9.9124e-11 0 2.72763e-16 0 0)
(1.47872 3.03492e-10 0 3.56432e-16 0 0)
(1.47872 7.62898e-10 0 4.01957e-16 0 0)
(1.53568 -3.48304e-09 0 2.28552e-16 0 0)
(1.53568 -3.40911e-09 0 2.16019e-16 0 0)
(1.53568 -2.77281e-09 0 1.8502e-16 0 0)
(1.53568 -2.11809e-09 0 1.54999e-16 0 0)
(1.53568 -1.26075e-09 0 1.33339e-16 0 0)
(1.53568 -2.50233e-10 0 1.25536e-16 0 0)
(1.53568 7.99492e-10 0 1.32529e-16 0 0)
(1.53568 1.81894e-09 0 1.51658e-16 0 0)
(1.53568 2.68176e-09 0 1.77052e-16 0 0)
(1.53568 3.2365e-09 0 1.989e-16 0 0)
(1.53568 3.64389e-09 0 2.14978e-16 0 0)
(1.53568 3.56639e-09 0 2.07212e-16 0 0)
(1.53568 3.01384e-09 0 1.80039e-16 0 0)
(1.53568 2.25457e-09 0 1.53398e-16 0 0)
(1.53568 1.22239e-09 0 1.32295e-16 0 0)
(1.53568 5.58703e-11 0 1.23994e-16 0 0)
(1.53568 -1.0939e-09 0 1.31698e-16 0 0)
(1.53568 -2.08081e-09 0 1.53345e-16 0 0)
(1.53568 -2.72299e-09 0 1.87982e-16 0 0)
(1.53568 -2.99416e-09 0 2.15963e-16 0 0)
(1.58733 2.32487e-09 0 4.93279e-16 0 0)
(1.58733 2.38779e-09 0 4.2094e-16 0 0)
(1.58733 2.13555e-09 0 4.17085e-16 0 0)
(1.58733 1.14945e-09 0 2.96451e-16 0 0)
(1.58733 1.72402e-10 0 2.47238e-16 0 0)
(1.58733 -4.65257e-10 0 2.41337e-16 0 0)
(1.58733 -8.97514e-10 0 2.61149e-16 0 0)
(1.58733 -1.18257e-09 0 3.02491e-16 0 0)
(1.58733 -1.51054e-09 0 3.78806e-16 0 0)
(1.58733 -1.81614e-09 0 5.14603e-16 0 0)
(1.58733 -1.91521e-09 0 4.50642e-16 0 0)
(1.58733 -1.7895e-09 0 3.94293e-16 0 0)
(1.58733 -1.36621e-09 0 4.0641e-16 0 0)
(1.58733 -6.16436e-10 0 2.97895e-16 0 0)
(1.58733 -1.90219e-10 0 2.50261e-16 0 0)
(1.58733 4.18625e-11 0 2.39444e-16 0 0)
(1.58733 1.86749e-10 0 2.56235e-16 0 0)
(1.58733 3.85234e-10 0 3.03226e-16 0 0)
(1.58733 1.02769e-09 0 3.95916e-16 0 0)
(1.58733 1.99949e-09 0 5.54013e-16 0 0)
(1.63446 -3.01798e-09 0 2.69024e-16 0 0)
(1.63446 -2.02381e-09 0 2.5656e-16 0 0)
(1.63446 -1.58061e-09 0 2.48574e-16 0 0)
(1.63446 -3.74693e-10 0 1.67587e-16 0 0)
(1.63446 2.42491e-10 0 1.27765e-16 0 0)
(1.63446 4.56647e-10 0 1.15065e-16 0 0)
(1.63446 5.47999e-10 0 1.17964e-16 0 0)
(1.63446 7.95959e-10 0 1.38825e-16 0 0)
(1.63446 1.58414e-09 0 1.94296e-16 0 0)
(1.63446 3.00178e-09 0 2.9304e-16 0 0)
(1.63446 3.34835e-09 0 2.60564e-16 0 0)
(1.63446 2.77603e-09 0 2.30904e-16 0 0)
(1.63446 1.86207e-09 0 2.40675e-16 0 0)
(1.63446 5.2183e-10 0 1.63285e-16 0 0)
(1.63446 -2.29291e-10 0 1.25635e-16 0 0)
(1.63446 -5.74977e-10 0 1.1398e-16 0 0)
(1.63446 -8.00245e-10 0 1.16818e-16 0 0)
(1.63446 -1.16807e-09 0 1.36805e-16 0 0)
(1.63446 -2.06678e-09 0 1.93103e-16 0 0)
(1.63446 -3.34859e-09 0 2.87024e-16 0 0)
(1.6777 2.91866e-10 0 4.13682e-16 0 0)
(1.6777 -2.60686e-10 0 3.64537e-16 0 0)
(1.6777 -3.24915e-10 0 3.65564e-16 0 0)
(1.6777 -3.52142e-10 0 2.78849e-16 0 0)
(1.6777 -1.79313e-10 0 2.2223e-16 0 0)
(1.6777 -6.23915e-12 0 1.9838e-16 0 0)
(1.6777 1.059e-10 0 2.11317e-16 0 0)
(1.6777 4.33386e-11 0 2.61641e-16 0 0)
(1.6777 -2.55391e-10 0 3.46229e-16 0 0)
(1.6777 -4.69324e-10 0 4.55045e-16 0 0)
(1.6777 -4.16954e-10 0 4.07208e-16 0 0)
(1.6777 -1.55341e-10 0 3.61343e-16 0 0)
(1.6777 -1.44257e-10 0 3.62757e-16 0 0)
(1.6777 2.86953e-11 0 2.75022e-16 0 0)
(1.6777 1.71908e-10 0 2.15734e-16 0 0)
(1.6777 1.40782e-10 0 1.90936e-16 0 0)
(1.6777 1.19968e-10 0 2.05358e-16 0 0)
(1.6777 2.78411e-10 0 2.60356e-16 0 0)
(1.6777 6.57629e-10 0 3.50132e-16 0 0)
(1.6777 7.6152e-10 0 4.61032e-16 0 0)
(1.71751 -2.68134e-09 0 1.65164e-16 0 0)
(1.71751 -2.70317e-09 0 1.59319e-16 0 0)
(1.71751 -2.26747e-09 0 1.31202e-16 0 0)
(1.71751 -1.61191e-09 0 9.33174e-17 0 0)
(1.71751 -8.3413e-10 0 6.53886e-17 0 0)
(1.71751 -7.14644e-12 0 5.26708e-17 0 0)
(1.71751 8.34154e-10 0 5.6873e-17 0 0)
(1.71751 1.56613e-09 0 7.67125e-17 0 0)
(1.71751 2.16043e-09 0 1.08234e-16 0 0)
(1.71751 2.53903e-09 0 1.44343e-16 0 0)
(1.71751 2.6669e-09 0 1.64908e-16 0 0)
(1.71751 2.54662e-09 0 1.59408e-16 0 0)
(1.71751 2.1655e-09 0 1.31486e-16 0 0)
(1.71751 1.56524e-09 0 9.35861e-17 0 0)
(1.71751 8.13601e-10 0 6.60859e-17 0 0)
(1.71751 -1.69964e-11 0 5.39667e-17 0 0)
(1.71751 -8.71616e-10 0 5.83333e-17 0 0)
(1.71751 -1.59658e-09 0 7.84352e-17 0 0)
(1.71751 -2.04927e-09 0 1.10445e-16 0 0)
(1.71751 -2.30674e-09 0 1.4443e-16 0 0)
(1.7543 7.77377e-10 0 1.9667e-16 0 0)
(1.7543 5.19977e-10 0 1.79136e-16 0 0)
(1.7543 3.49531e-10 0 1.49669e-16 0 0)
(1.7543 1.46778e-10 0 1.28354e-16 0 0)
(1.7543 -7.28901e-11 0 1.1363e-16 0 0)
(1.7543 -2.60339e-10 0 1.13402e-16 0 0)
(1.7543 -4.02921e-10 0 1.26982e-16 0 0)
(1.7543 -5.48331e-10 0 1.50509e-16 0 0)
(1.7543 -6.5698e-10 0 1.77498e-16 0 0)
(1.7543 -6.91763e-10 0 1.90743e-16 0 0)
(1.7543 -7.31103e-10 0 1.94294e-16 0 0)
(1.7543 -6.20052e-10 0 1.77353e-16 0 0)
(1.7543 -4.11357e-10 0 1.4871e-16 0 0)
(1.7543 -1.99766e-10 0 1.27651e-16 0 0)
(1.7543 7.20565e-12 0 1.12983e-16 0 0)
(1.7543 1.91716e-10 0 1.13025e-16 0 0)
(1.7543 3.49165e-10 0 1.27182e-16 0 0)
(1.7543 5.38051e-10 0 1.51595e-16 0 0)
(1.7543 8.24484e-10 0 1.77819e-16 0 0)
(1.7543 1.00572e-09 0 1.92238e-16 0 0)
(1.78835 8.61373e-13 0 2.2551e-17 0 0)
(1.78835 -8.38334e-11 0 2.09804e-17 0 0)
(1.78835 -1.92324e-11 0 1.74286e-17 0 0)
(1.78835 2.15125e-11 0 1.23602e-17 0 0)
(1.78835 3.24201e-11 0 7.13689e-18 0 0)
(1.78835 3.30424e-11 0 3.77396e-18 0 0)
(1.78835 3.35689e-11 0 3.92708e-18 0 0)
(1.78835 4.02224e-11 0 7.52801e-18 0 0)
(1.78835 4.7004e-11 0 1.28651e-17 0 0)
(1.78835 4.3478e-11 0 1.75967e-17 0 0)
(1.78835 3.93877e-11 0 2.02327e-17 0 0)
(1.78835 1.61298e-11 0 1.9852e-17 0 0)
(1.78835 -2.78621e-11 0 1.66413e-17 0 0)
(1.78835 -7.18106e-11 0 1.18023e-17 0 0)
(1.78835 -1.1473e-10 0 6.76621e-18 0 0)
(1.78835 -1.39557e-10 0 3.79958e-18 0 0)
(1.78835 -1.41095e-10 0 4.57208e-18 0 0)
(1.78835 -1.055e-10 0 9.02052e-18 0 0)
(1.78835 6.65755e-11 0 1.51592e-17 0 0)
(1.78835 2.25496e-10 0 2.07735e-17 0 0)
(1.81993 3.55036e-10 0 1.34744e-17 0 0)
(1.81993 2.36082e-10 0 1.19383e-17 0 0)
(1.81993 2.11654e-10 0 9.93224e-18 0 0)
(1.81993 1.55327e-10 0 7.19078e-18 0 0)
(1.81993 5.11798e-11 0 4.78896e-18 0 0)
(1.81993 -3.99634e-11 0 3.70544e-18 0 0)
(1.81993 -1.16934e-10 0 4.07569e-18 0 0)
(1.81993 -1.82428e-10 0 5.72849e-18 0 0)
(1.81993 -2.47263e-10 0 8.15916e-18 0 0)
(1.81993 -2.74206e-10 0 1.03064e-17 0 0)
(1.81993 -2.74118e-10 0 1.11781e-17 0 0)
(1.81993 -2.64008e-10 0 1.06603e-17 0 0)
(1.81993 -2.4024e-10 0 8.87626e-18 0 0)
(1.81993 -1.87983e-10 0 6.42113e-18 0 0)
(1.81993 -1.17405e-10 0 4.29826e-18 0 0)
(1.81993 -4.75078e-11 0 3.63103e-18 0 0)
(1.81993 3.06151e-11 0 4.62385e-18 0 0)
(1.81993 1.37616e-10 0 7.08194e-18 0 0)
(1.81993 3.58873e-10 0 1.0183e-17 0 0)
(1.81993 5.50797e-10 0 1.32505e-17 0 0)
(1.84925 1.09941e-10 0 3.76331e-18 0 0)
(1.84925 1.67817e-11 0 2.81883e-18 0 0)
(1.84925 1.84818e-11 0 2.45079e-18 0 0)
(1.84925 2.43477e-11 0 2.03981e-18 0 0)
(1.84925 -9.32162e-13 0 1.72045e-18 0 0)
(1.84925 -1.80145e-11 0 1.5054e-18 0 0)
(1.84925 -3.26284e-11 0 1.44661e-18 0 0)
(1.84925 -4.25286e-11 0 1.52071e-18 0 0)
(1.84925 -4.77825e-11 0 1.62824e-18 0 0)
(1.84925 -4.77223e-11 0 1.68429e-18 0 0)
(1.84925 -4.85195e-11 0 1.65495e-18 0 0)
(1.84925 -5.27821e-11 0 1.53728e-18 0 0)
(1.84925 -6.11333e-11 0 1.37699e-18 0 0)
(1.84925 -7.10495e-11 0 1.26025e-18 0 0)
(1.84925 -7.81695e-11 0 1.2627e-18 0 0)
(1.84925 -8.26443e-11 0 1.48692e-18 0 0)
(1.84925 -6.61268e-11 0 1.99856e-18 0 0)
(1.84925 -2.15637e-11 0 2.74516e-18 0 0)
(1.84925 1.35715e-10 0 3.47516e-18 0 0)
(1.84925 2.79276e-10 0 4.44059e-18 0 0)
(1.8765 1.5588e-10 0 3.1165e-18 0 0)
(1.8765 5.92101e-11 0 2.38507e-18 0 0)
(1.8765 3.96175e-11 0 2.08749e-18 0 0)
(1.8765 2.71835e-11 0 1.70968e-18 0 0)
(1.8765 -1.03142e-11 0 1.44049e-18 0 0)
(1.8765 -3.837e-11 0 1.25476e-18 0 0)
(1.8765 -5.80179e-11 0 1.15981e-18 0 0)
(1.8765 -7.0745e-11 0 1.13324e-18 0 0)
(1.8765 -7.80345e-11 0 1.13767e-18 0 0)
(1.8765 -7.91356e-11 0 1.13153e-18 0 0)
(1.8765 -7.45608e-11 0 1.09122e-18 0 0)
(1.8765 -6.96582e-11 0 1.02329e-18 0 0)
(1.8765 -6.41669e-11 0 9.54106e-19 0 0)
(1.8765 -5.58064e-11 0 9.2902e-19 0 0)
(1.8765 -4.59689e-11 0 1.00829e-18 0 0)
(1.8765 -3.70832e-11 0 1.25003e-18 0 0)
(1.8765 -1.55216e-11 0 1.67242e-18 0 0)
(1.8765 2.81133e-11 0 2.22593e-18 0 0)
(1.8765 1.67729e-10 0 2.7794e-18 0 0)
(1.8765 2.9895e-10 0 3.67308e-18 0 0)
(1.90191 9.80065e-11 0 2.7379e-18 0 0)
(1.90191 1.90558e-11 0 2.1781e-18 0 0)
(1.90191 2.46527e-12 0 1.87678e-18 0 0)
(1.90191 3.36699e-12 0 1.525e-18 0 0)
(1.90191 -1.70137e-11 0 1.31247e-18 0 0)
(1.90191 -2.88745e-11 0 1.15942e-18 0 0)
(1.90191 -3.47099e-11 0 1.04887e-18 0 0)
(1.90191 -3.75257e-11 0 9.60762e-19 0 0)
(1.90191 -3.9113e-11 0 8.80637e-19 0 0)
(1.90191 -3.8992e-11 0 8.02916e-19 0 0)
(1.90191 -3.85123e-11 0 7.36374e-19 0 0)
(1.90191 -3.78808e-11 0 6.97604e-19 0 0)
(1.90191 -3.844e-11 0 7.0092e-19 0 0)
(1.90191 -3.99107e-11 0 7.67072e-19 0 0)
(1.90191 -4.21957e-11 0 9.16426e-19 0 0)
(1.90191 -4.81304e-11 0 1.16835e-18 0 0)
(1.90191 -4.27497e-11 0 1.52521e-18 0 0)
(1.90191 -1.87913e-11 0 1.95983e-18 0 0)
(1.90191 9.65164e-11 0 2.41488e-18 0 0)
(1.90191 2.10347e-10 0 3.21038e-18 0 0)
(1.92618 7.96037e-11 0 2.71617e-18 0 0)
(1.92618 1.63652e-11 0 2.27446e-18 0 0)
(1.92618 -1.77906e-12 0 1.96198e-18 0 0)
(1.92618 -2.40604e-12 0 1.57113e-18 0 0)
(1.92618 -1.94108e-11 0 1.33745e-18 0 0)
(1.92618 -2.70118e-11 0 1.17107e-18 0 0)
(1.92618 -2.81019e-11 0 1.05238e-18 0 0)
(1.92618 -2.58205e-11 0 9.62603e-19 0 0)
(1.92618 -2.17759e-11 0 8.86307e-19 0 0)
(1.92618 -1.73909e-11 0 8.13187e-19 0 0)
(1.92618 -1.28955e-11 0 7.56865e-19 0 0)
(1.92618 -8.66447e-12 0 7.34811e-19 0 0)
(1.92618 -6.94227e-12 0 7.49889e-19 0 0)
(1.92618 -8.08214e-12 0 8.16438e-19 0 0)
(1.92618 -1.15379e-11 0 9.52021e-19 0 0)
(1.92618 -2.05804e-11 0 1.17819e-18 0 0)
(1.92618 -2.55398e-11 0 1.50932e-18 0 0)
(1.92618 -1.62829e-11 0 1.9375e-18 0 0)
(1.92618 6.67011e-11 0 2.42465e-18 0 0)
(1.92618 1.6314e-10 0 3.13046e-18 0 0)
(1.94979 3.23597e-11 0 2.42888e-18 0 0)
(1.94979 -6.05491e-12 0 2.0837e-18 0 0)
(1.94979 -2.64574e-11 0 2.00666e-18 0 0)
(1.94979 -3.27984e-11 0 1.75042e-18 0 0)
(1.94979 -5.22044e-11 0 1.47747e-18 0 0)
(1.94979 -5.51083e-11 0 1.22798e-18 0 0)
(1.94979 -4.76195e-11 0 1.03043e-18 0 0)
(1.94979 -3.52532e-11 0 8.86653e-19 0 0)
(1.94979 -2.09067e-11 0 7.90526e-19 0 0)
(1.94979 -6.41839e-12 0 7.30281e-19 0 0)
(1.94979 6.19258e-12 0 7.02127e-19 0 0)
(1.94979 1.67841e-11 0 7.1584e-19 0 0)
(1.94979 2.38786e-11 0 7.71053e-19 0 0)
(1.94979 2.63288e-11 0 8.75117e-19 0 0)
(1.94979 2.23024e-11 0 1.03863e-18 0 0)
(1.94979 7.15403e-12 0 1.27285e-18 0 0)
(1.94979 -1.06875e-11 0 1.58162e-18 0 0)
(1.94979 -2.88253e-11 0 1.93986e-18 0 0)
(1.94979 1.64751e-11 0 2.33535e-18 0 0)
(1.94979 1.02695e-10 0 2.81155e-18 0 0)
(1.97264 -6.22502e-11 0 2.51706e-18 0 0)
(1.97264 -2.16934e-11 0 1.97564e-18 0 0)
(1.97264 -9.06513e-12 0 1.91437e-18 0 0)
(1.97264 -8.66552e-12 0 1.69046e-18 0 0)
(1.97264 -2.94235e-11 0 1.4106e-18 0 0)
(1.97264 -2.77335e-11 0 1.16316e-18 0 0)
(1.97264 -1.46849e-11 0 9.82365e-19 0 0)
(1.97264 3.90467e-12 0 8.69755e-19 0 0)
(1.97264 2.28739e-11 0 8.06473e-19 0 0)
(1.97264 4.0206e-11 0 7.75828e-19 0 0)
(1.97264 5.43304e-11 0 7.65287e-19 0 0)
(1.97264 6.44271e-11 0 7.77596e-19 0 0)
(1.97264 6.85807e-11 0 8.13899e-19 0 0)
(1.97264 6.4857e-11 0 8.80586e-19 0 0)
(1.97264 5.11364e-11 0 9.91576e-19 0 0)
(1.97264 2.08185e-11 0 1.16425e-18 0 0)
(1.97264 -2.21803e-11 0 1.41825e-18 0 0)
(1.97264 -6.69004e-11 0 1.76646e-18 0 0)
(1.97264 -5.19678e-11 0 2.20543e-18 0 0)
(1.97264 -8.00199e-12 0 2.8506e-18 0 0)
(1.99467 -6.17204e-11 0 4.63375e-18 0 0)
(1.99467 7.57254e-12 0 3.46951e-18 0 0)
(1.99467 5.90045e-11 0 2.82277e-18 0 0)
(1.99467 7.04402e-11 0 2.14093e-18 0 0)
(1.99467 5.05597e-11 0 1.79176e-18 0 0)
(1.99467 4.31097e-11 0 1.66456e-18 0 0)
(1.99467 4.14297e-11 0 1.64723e-18 0 0)
(1.99467 4.33728e-11 0 1.65989e-18 0 0)
(1.99467 4.47181e-11 0 1.65973e-18 0 0)
(1.99467 4.23353e-11 0 1.62415e-18 0 0)
(1.99467 3.5006e-11 0 1.56262e-18 0 0)
(1.99467 2.44111e-11 0 1.49705e-18 0 0)
(1.99467 1.17355e-11 0 1.41369e-18 0 0)
(1.99467 -6.06075e-12 0 1.34784e-18 0 0)
(1.99467 -3.18946e-11 0 1.36096e-18 0 0)
(1.99467 -6.60218e-11 0 1.52377e-18 0 0)
(1.99467 -1.03078e-10 0 1.92993e-18 0 0)
(1.99467 -1.25639e-10 0 2.72281e-18 0 0)
(1.99467 -9.73577e-11 0 3.75015e-18 0 0)
(1.99467 -4.94203e-11 0 5.05214e-18 0 0)
(2.01579 -7.87317e-11 0 5.46175e-18 0 0)
(2.01579 9.67348e-12 0 4.12561e-18 0 0)
(2.01579 8.23339e-11 0 3.40798e-18 0 0)
(2.01579 9.89996e-11 0 2.61728e-18 0 0)
(2.01579 8.0722e-11 0 2.20653e-18 0 0)
(2.01579 6.92617e-11 0 2.05971e-18 0 0)
(2.01579 6.23484e-11 0 2.03111e-18 0 0)
(2.01579 5.75474e-11 0 2.03262e-18 0 0)
(2.01579 5.21617e-11 0 2.01195e-18 0 0)
(2.01579 4.48068e-11 0 1.95704e-18 0 0)
(2.01579 3.49237e-11 0 1.88507e-18 0 0)
(2.01579 2.22868e-11 0 1.79135e-18 0 0)
(2.01579 6.68546e-12 0 1.70139e-18 0 0)
(2.01579 -1.3018e-11 0 1.64977e-18 0 0)
(2.01579 -3.66468e-11 0 1.68809e-18 0 0)
(2.01579 -6.70005e-11 0 1.88869e-18 0 0)
(2.01579 -9.7601e-11 0 2.36234e-18 0 0)
(2.01579 -1.19654e-10 0 3.23411e-18 0 0)
(2.01579 -9.08026e-11 0 4.313e-18 0 0)
(2.01579 -5.23508e-11 0 5.58407e-18 0 0)
(2.03592 -1.12196e-10 0 4.32061e-18 0 0)
(2.03592 -1.89994e-12 0 3.27773e-18 0 0)
(2.03592 6.45353e-11 0 2.88545e-18 0 0)
(2.03592 6.62377e-11 0 2.37481e-18 0 0)
(2.03592 3.84213e-11 0 2.01401e-18 0 0)
(2.03592 2.74503e-11 0 1.81907e-18 0 0)
(2.03592 2.64491e-11 0 1.72273e-18 0 0)
(2.03592 2.92733e-11 0 1.6653e-18 0 0)
(2.03592 3.31026e-11 0 1.62714e-18 0 0)
(2.03592 3.62151e-11 0 1.59706e-18 0 0)
(2.03592 3.64939e-11 0 1.55574e-18 0 0)
(2.03592 3.38634e-11 0 1.50526e-18 0 0)
(2.03592 2.77884e-11 0 1.46478e-18 0 0)
(2.03592 1.62426e-11 0 1.45573e-18 0 0)
(2.03592 -1.60743e-12 0 1.51391e-18 0 0)
(2.03592 -3.17646e-11 0 1.69917e-18 0 0)
(2.03592 -6.97046e-11 0 2.0884e-18 0 0)
(2.03592 -1.05055e-10 0 2.70235e-18 0 0)
(2.03592 -9.89375e-11 0 3.39747e-18 0 0)
(2.03592 -7.89128e-11 0 4.31433e-18 0 0)
(2.05498 -1.00473e-10 0 3.95722e-18 0 0)
(2.05498 1.28298e-11 0 3.1074e-18 0 0)
(2.05498 6.93257e-11 0 2.83601e-18 0 0)
(2.05498 6.3463e-11 0 2.40265e-18 0 0)
(2.05498 3.36723e-11 0 2.03029e-18 0 0)
(2.05498 2.25888e-11 0 1.7798e-18 0 0)
(2.05498 2.21371e-11 0 1.62233e-18 0 0)
(2.05498 2.63479e-11 0 1.53126e-18 0 0)
(2.05498 3.22993e-11 0 1.48253e-18 0 0)
(2.05498 3.80522e-11 0 1.45591e-18 0 0)
(2.05498 4.1182e-11 0 1.43671e-18 0 0)
(2.05498 4.14549e-11 0 1.41947e-18 0 0)
(2.05498 3.81088e-11 0 1.41853e-18 0 0)
(2.05498 2.90888e-11 0 1.44794e-18 0 0)
(2.05498 1.32515e-11 0 1.53923e-18 0 0)
(2.05498 -1.46548e-11 0 1.73882e-18 0 0)
(2.05498 -5.29655e-11 0 2.08335e-18 0 0)
(2.05498 -8.63409e-11 0 2.55033e-18 0 0)
(2.05498 -8.81323e-11 0 3.03642e-18 0 0)
(2.05498 -7.70966e-11 0 3.79421e-18 0 0)
(2.07287 -8.33121e-11 0 3.90187e-18 0 0)
(2.07287 2.40932e-11 0 3.29856e-18 0 0)
(2.07287 6.71827e-11 0 3.07176e-18 0 0)
(2.07287 4.94381e-11 0 2.59084e-18 0 0)
(2.07287 1.61274e-11 0 2.13739e-18 0 0)
(2.07287 1.81812e-12 0 1.81111e-18 0 0)
(2.07287 -8.66349e-13 0 1.59967e-18 0 0)
(2.07287 2.43986e-12 0 1.48663e-18 0 0)
(2.07287 8.93865e-12 0 1.44914e-18 0 0)
(2.07287 1.64178e-11 0 1.46561e-18 0 0)
(2.07287 2.25385e-11 0 1.51333e-18 0 0)
(2.07287 2.66405e-11 0 1.57368e-18 0 0)
(2.07287 2.75728e-11 0 1.64109e-18 0 0)
(2.07287 2.30892e-11 0 1.71411e-18 0 0)
(2.07287 1.16298e-11 0 1.8034e-18 0 0)
(2.07287 -1.12015e-11 0 1.93196e-18 0 0)
(2.07287 -4.57328e-11 0 2.13307e-18 0 0)
(2.07287 -7.24543e-11 0 2.40618e-18 0 0)
(2.07287 -7.62582e-11 0 2.73248e-18 0 0)
(2.07287 -7.23897e-11 0 3.45077e-18 0 0)
(2.08951 -5.03677e-11 0 4.22198e-18 0 0)
(2.08951 4.40161e-11 0 3.67309e-18 0 0)
(2.08951 6.97047e-11 0 3.34783e-18 0 0)
(2.08951 4.20091e-11 0 2.84554e-18 0 0)
(2.08951 1.17238e-11 0 2.41703e-18 0 0)
(2.08951 -1.96917e-12 0 2.10786e-18 0 0)
(2.08951 -4.99411e-12 0 1.91558e-18 0 0)
(2.08951 -1.75859e-12 0 1.82022e-18 0 0)
(2.08951 5.35976e-12 0 1.79959e-18 0 0)
(2.08951 1.40481e-11 0 1.83308e-18 0 0)
(2.08951 2.23313e-11 0 1.90198e-18 0 0)
(2.08951 2.88636e-11 0 1.98815e-18 0 0)
(2.08951 3.19725e-11 0 2.07844e-18 0 0)
(2.08951 2.94232e-11 0 2.16418e-18 0 0)
(2.08951 1.9966e-11 0 2.24242e-18 0 0)
(2.08951 5.58399e-13 0 2.3237e-18 0 0)
(2.08951 -3.14221e-11 0 2.4235e-18 0 0)
(2.08951 -5.3515e-11 0 2.56921e-18 0 0)
(2.08951 -5.75297e-11 0 2.83162e-18 0 0)
(2.08951 -5.34909e-11 0 3.53532e-18 0 0)
(2.10481 4.34884e-11 0 5.06803e-18 0 0)
(2.10481 9.75252e-11 0 4.51986e-18 0 0)
(2.10481 7.46705e-11 0 4.13019e-18 0 0)
(2.10481 1.64995e-11 0 3.66892e-18 0 0)
(2.10481 -3.61295e-11 0 3.30667e-18 0 0)
(2.10481 -7.15329e-11 0 3.05097e-18 0 0)
(2.10481 -9.08622e-11 0 2.89393e-18 0 0)
(2.10481 -9.62811e-11 0 2.81691e-18 0 0)
(2.10481 -9.09444e-11 0 2.80414e-18 0 0)
(2.10481 -7.72839e-11 0 2.84129e-18 0 0)
(2.10481 -5.46742e-11 0 2.91434e-18 0 0)
(2.10481 -2.62359e-11 0 3.01322e-18 0 0)
(2.10481 3.1058e-12 0 3.12722e-18 0 0)
(2.10481 2.87446e-11 0 3.24152e-18 0 0)
(2.10481 4.66326e-11 0 3.33328e-18 0 0)
(2.10481 5.11954e-11 0 3.39276e-18 0 0)
(2.10481 3.72065e-11 0 3.42889e-18 0 0)
(2.10481 2.60387e-11 0 3.48701e-18 0 0)
(2.10481 2.66032e-11 0 3.68864e-18 0 0)
(2.10481 2.63331e-11 0 4.28604e-18 0 0)
(2.11867 1.04368e-10 0 7.62455e-18 0 0)
(2.11867 1.37164e-10 0 6.97055e-18 0 0)
(2.11867 7.09048e-11 0 6.50959e-18 0 0)
(2.11867 -8.14956e-12 0 6.1746e-18 0 0)
(2.11867 -7.54159e-11 0 6.00564e-18 0 0)
(2.11867 -1.16483e-10 0 5.9242e-18 0 0)
(2.11867 -1.32349e-10 0 5.86923e-18 0 0)
(2.11867 -1.3157e-10 0 5.81244e-18 0 0)
(2.11867 -1.20337e-10 0 5.75375e-18 0 0)
(2.11867 -1.00171e-10 0 5.70652e-18 0 0)
(2.11867 -7.04603e-11 0 5.69141e-18 0 0)
(2.11867 -3.16582e-11 0 5.73545e-18 0 0)
(2.11867 1.37015e-11 0 5.86284e-18 0 0)
(2.11867 5.70886e-11 0 6.06916e-18 0 0)
(2.11867 8.91799e-11 0 6.28865e-18 0 0)
(2.11867 9.99349e-11 0 6.43676e-18 0 0)
(2.11867 8.3223e-11 0 6.48034e-18 0 0)
(2.11867 6.92151e-11 0 6.48205e-18 0 0)
(2.11867 6.42014e-11 0 6.59303e-18 0 0)
(2.11867 6.48314e-11 0 6.96725e-18 0 0)
(2.13099 5.70066e-10 0 1.59843e-17 0 0)
(2.13099 4.94408e-10 0 1.43808e-17 0 0)
(2.13099 2.76547e-10 0 1.28994e-17 0 0)
(2.13099 5.46047e-11 0 1.20215e-17 0 0)
(2.13099 -1.68099e-10 0 1.19234e-17 0 0)
(2.13099 -3.63013e-10 0 1.24544e-17 0 0)
(2.13099 -5.11072e-10 0 1.33065e-17 0 0)
(2.13099 -6.10233e-10 0 1.43671e-17 0 0)
(2.13099 -6.41023e-10 0 1.50512e-17 0 0)
(2.13099 -6.0726e-10 0 1.51082e-17 0 0)
(2.13099 -5.29184e-10 0 1.47605e-17 0 0)
(2.13099 -3.86547e-10 0 1.37921e-17 0 0)
(2.13099 -2.015e-10 0 1.27293e-17 0 0)
(2.13099 -1.37414e-11 0 1.22312e-17 0 0)
(2.13099 1.75605e-10 0 1.24315e-17 0 0)
(2.13099 3.40251e-10 0 1.31304e-17 0 0)
(2.13099 4.52503e-10 0 1.40326e-17 0 0)
(2.13099 5.20264e-10 0 1.5055e-17 0 0)
(2.13099 5.44499e-10 0 1.5843e-17 0 0)
(2.13099 5.34732e-10 0 1.60431e-17 0 0)
(2.1417 3.22005e-10 0 3.55769e-17 0 0)
(2.1417 1.91864e-10 0 3.23816e-17 0 0)
(2.1417 -4.88859e-11 0 3.03691e-17 0 0)
(2.1417 -2.49482e-10 0 3.01403e-17 0 0)
(2.1417 -4.19931e-10 0 3.16573e-17 0 0)
(2.1417 -5.4493e-10 0 3.42227e-17 0 0)
(2.1417 -5.97209e-10 0 3.6691e-17 0 0)
(2.1417 -5.70644e-10 0 3.83273e-17 0 0)
(2.1417 -5.0394e-10 0 3.87921e-17 0 0)
(2.1417 -4.05437e-10 0 3.7543e-17 0 0)
(2.1417 -2.57475e-10 0 3.50659e-17 0 0)
(2.1417 -7.18142e-11 0 3.25356e-17 0 0)
(2.1417 1.17616e-10 0 3.09707e-17 0 0)
(2.1417 2.90491e-10 0 3.11328e-17 0 0)
(2.1417 4.38015e-10 0 3.30142e-17 0 0)
(2.1417 5.42381e-10 0 3.57455e-17 0 0)
(2.1417 5.66203e-10 0 3.80748e-17 0 0)
(2.1417 5.12788e-10 0 3.94063e-17 0 0)
(2.1417 4.17092e-10 0 3.95387e-17 0 0)
(2.1417 3.38936e-10 0 3.79908e-17 0 0)
(2.15073 1.68135e-09 0 1.27567e-16 0 0)
(2.15073 1.24318e-09 0 1.10564e-16 0 0)
(2.15073 6.95845e-10 0 9.40564e-17 0 0)
(2.15073 2.41057e-10 0 8.57768e-17 0 0)
(2.15073 -2.30338e-10 0 8.54772e-17 0 0)
(2.15073 -7.10914e-10 0 9.07351e-17 0 0)
(2.15073 -1.21619e-09 0 9.56087e-17 0 0)
(2.15073 -1.75392e-09 0 1.00593e-16 0 0)
(2.15073 -2.1689e-09 0 1.17028e-16 0 0)
(2.15073 -2.1621e-09 0 1.31244e-16 0 0)
(2.15073 -1.86916e-09 0 1.29443e-16 0 0)
(2.15073 -1.38068e-09 0 1.14123e-16 0 0)
(2.15073 -8.3081e-10 0 9.75131e-17 0 0)
(2.15073 -2.97787e-10 0 8.84745e-17 0 0)
(2.15073 2.97014e-10 0 8.73593e-17 0 0)
(2.15073 9.53504e-10 0 9.16367e-17 0 0)
(2.15073 1.51612e-09 0 9.64531e-17 0 0)
(2.15073 1.9151e-09 0 1.02787e-16 0 0)
(2.15073 2.08345e-09 0 1.19856e-16 0 0)
(2.15073 1.93857e-09 0 1.32963e-16 0 0)
(2.15802 -1.2716e-09 0 2.86026e-16 0 0)
(2.15802 -1.11111e-09 0 2.38927e-16 0 0)
(2.15802 -9.25729e-10 0 1.99134e-16 0 0)
(2.15802 -6.65624e-10 0 1.76876e-16 0 0)
(2.15802 -3.90457e-10 0 1.7668e-16 0 0)
(2.15802 -1.2132e-10 0 1.98205e-16 0 0)
(2.15802 1.8283e-10 0 2.40335e-16 0 0)
(2.15802 5.93106e-10 0 2.93429e-16 0 0)
(2.15802 1.08779e-09 0 3.29085e-16 0 0)
(2.15802 1.29255e-09 0 3.25498e-16 0 0)
(2.15802 1.25931e-09 0 2.93118e-16 0 0)
(2.15802 1.15052e-09 0 2.5022e-16 0 0)
(2.15802 9.31106e-10 0 2.1e-16 0 0)
(2.15802 6.46705e-10 0 1.85906e-16 0 0)
(2.15802 3.47849e-10 0 1.84501e-16 0 0)
(2.15802 5.4639e-11 0 2.06493e-16 0 0)
(2.15802 -2.5025e-10 0 2.50349e-16 0 0)
(2.15802 -5.4681e-10 0 3.0408e-16 0 0)
(2.15802 -9.24016e-10 0 3.35812e-16 0 0)
(2.15802 -1.28537e-09 0 3.24583e-16 0 0)
(2.16357 -5.70932e-10 0 1.21624e-16 0 0)
(2.16357 -2.02892e-10 0 1.01075e-16 0 0)
(2.16357 -4.55352e-15 0 8.28976e-17 0 0)
(2.16357 1.76071e-10 0 7.32932e-17 0 0)
(2.16357 3.7176e-10 0 7.31662e-17 0 0)
(2.16357 5.46905e-10 0 7.97208e-17 0 0)
(2.16357 7.08509e-10 0 8.67657e-17 0 0)
(2.16357 9.01308e-10 0 9.42288e-17 0 0)
(2.16357 1.06903e-09 0 1.06557e-16 0 0)
(2.16357 1.06594e-09 0 1.16879e-16 0 0)
(2.16357 9.15246e-10 0 1.15032e-16 0 0)
(2.16357 6.38538e-10 0 1.01347e-16 0 0)
(2.16357 3.04482e-10 0 8.63542e-17 0 0)
(2.16357 -2.89965e-11 0 7.71773e-17 0 0)
(2.16357 -4.0421e-10 0 7.60943e-17 0 0)
(2.16357 -8.10845e-10 0 8.20159e-17 0 0)
(2.16357 -1.11577e-09 0 9.04645e-17 0 0)
(2.16357 -1.2733e-09 0 1.01416e-16 0 0)
(2.16357 -1.29822e-09 0 1.17709e-16 0 0)
(2.16357 -1.04375e-09 0 1.29388e-16 0 0)
(2.16735 -2.10702e-10 0 5.11557e-17 0 0)
(2.16735 -3.68441e-11 0 4.0858e-17 0 0)
(2.16735 2.16956e-11 0 3.35707e-17 0 0)
(2.16735 1.11376e-10 0 2.89927e-17 0 0)
(2.16735 2.09881e-10 0 2.72804e-17 0 0)
(2.16735 3.01353e-10 0 2.83187e-17 0 0)
(2.16735 3.74169e-10 0 3.15585e-17 0 0)
(2.16735 4.20924e-10 0 3.59104e-17 0 0)
(2.16735 4.36088e-10 0 3.97883e-17 0 0)
(2.16735 4.12492e-10 0 4.17854e-17 0 0)
(2.16735 3.50534e-10 0 4.14064e-17 0 0)
(2.16735 2.50812e-10 0 3.91453e-17 0 0)
(2.16735 1.16686e-10 0 3.62102e-17 0 0)
(2.16735 -3.46693e-11 0 3.41294e-17 0 0)
(2.16735 -1.8736e-10 0 3.4084e-17 0 0)
(2.16735 -3.31502e-10 0 3.66427e-17 0 0)
(2.16735 -4.57805e-10 0 4.18166e-17 0 0)
(2.16735 -5.57061e-10 0 4.88195e-17 0 0)
(2.16735 -6.16758e-10 0 5.57928e-17 0 0)
(2.16735 -5.22912e-10 0 5.79763e-17 0 0)
(2.16936 -7.78888e-11 0 9.27062e-18 0 0)
(2.16936 6.63234e-11 0 8.6343e-18 0 0)
(2.16936 8.85913e-11 0 8.09165e-18 0 0)
(2.16936 1.24712e-10 0 7.4859e-18 0 0)
(2.16936 1.69633e-10 0 6.88618e-18 0 0)
(2.16936 2.10805e-10 0 6.40665e-18 0 0)
(2.16936 2.43172e-10 0 6.16588e-18 0 0)
(2.16936 2.63687e-10 0 6.17159e-18 0 0)
(2.16936 2.63855e-10 0 6.39081e-18 0 0)
(2.16936 2.39591e-10 0 6.72159e-18 0 0)
(2.16936 1.95328e-10 0 7.01078e-18 0 0)
(2.16936 1.32112e-10 0 7.10993e-18 0 0)
(2.16936 4.9254e-11 0 7.00685e-18 0 0)
(2.16936 -4.53138e-11 0 6.8404e-18 0 0)
(2.16936 -1.42609e-10 0 6.75437e-18 0 0)
(2.16936 -2.38266e-10 0 6.85795e-18 0 0)
(2.16936 -3.31196e-10 0 7.24899e-18 0 0)
(2.16936 -4.14509e-10 0 7.98788e-18 0 0)
(2.16936 -4.74397e-10 0 8.91619e-18 0 0)
(2.16936 -3.79159e-10 0 9.61799e-18 0 0)
(2.16962 6.40794e-11 0 1.38753e-18 0 0)
(2.16962 1.59037e-10 0 1.15513e-18 0 0)
(2.16962 1.3468e-10 0 9.66494e-19 0 0)
(2.16962 1.19691e-10 0 8.70772e-19 0 0)
(2.16962 1.12518e-10 0 8.39758e-19 0 0)
(2.16962 1.08432e-10 0 8.50648e-19 0 0)
(2.16962 1.03743e-10 0 8.82303e-19 0 0)
(2.16962 9.68973e-11 0 9.21258e-19 0 0)
(2.16962 8.69313e-11 0 9.50931e-19 0 0)
(2.16962 7.29423e-11 0 9.59883e-19 0 0)
(2.16962 5.43337e-11 0 9.49306e-19 0 0)
(2.16962 2.97496e-11 0 9.26045e-19 0 0)
(2.16962 -5.10282e-13 0 9.01013e-19 0 0)
(2.16962 -3.65122e-11 0 8.88156e-19 0 0)
(2.16962 -7.5116e-11 0 9.00392e-19 0 0)
(2.16962 -1.19318e-10 0 9.46482e-19 0 0)
(2.16962 -1.68795e-10 0 1.03461e-18 0 0)
(2.16962 -2.24961e-10 0 1.17164e-18 0 0)
(2.16962 -2.6805e-10 0 1.34465e-18 0 0)
(2.16962 -1.91879e-10 0 1.50256e-18 0 0)
(2.16817 5.74637e-11 0 5.1811e-19 0 0)
(2.16817 1.36267e-10 0 3.35637e-19 0 0)
(2.16817 1.13446e-10 0 2.26072e-19 0 0)
(2.16817 9.28311e-11 0 1.72121e-19 0 0)
(2.16817 8.01978e-11 0 1.53416e-19 0 0)
(2.16817 7.15971e-11 0 1.54139e-19 0 0)
(2.16817 6.50718e-11 0 1.64217e-19 0 0)
(2.16817 5.83703e-11 0 1.7633e-19 0 0)
(2.16817 5.05992e-11 0 1.85262e-19 0 0)
(2.16817 4.08937e-11 0 1.87545e-19 0 0)
(2.16817 2.87882e-11 0 1.81588e-19 0 0)
(2.16817 1.33914e-11 0 1.68536e-19 0 0)
(2.16817 -5.39254e-12 0 1.51725e-19 0 0)
(2.16817 -2.8613e-11 0 1.36472e-19 0 0)
(2.16817 -5.48433e-11 0 1.30513e-19 0 0)
(2.16817 -8.82112e-11 0 1.43122e-19 0 0)
(2.16817 -1.29207e-10 0 1.8472e-19 0 0)
(2.16817 -1.81915e-10 0 2.71785e-19 0 0)
(2.16817 -2.24139e-10 0 4.03405e-19 0 0)
(2.16817 -1.5438e-10 0 5.52088e-19 0 0)
(2.16504 5.2597e-11 0 4.0175e-19 0 0)
(2.16504 1.24215e-10 0 2.50452e-19 0 0)
(2.16504 1.0722e-10 0 1.59964e-19 0 0)
(2.16504 8.70947e-11 0 1.15291e-19 0 0)
(2.16504 7.38677e-11 0 9.98125e-20 0 0)
(2.16504 6.46118e-11 0 1.00387e-19 0 0)
(2.16504 5.78585e-11 0 1.08295e-19 0 0)
(2.16504 5.18289e-11 0 1.17598e-19 0 0)
(2.16504 4.56302e-11 0 1.24162e-19 0 0)
(2.16504 3.83125e-11 0 1.25477e-19 0 0)
(2.16504 2.92534e-11 0 1.20742e-19 0 0)
(2.16504 1.7787e-11 0 1.10854e-19 0 0)
(2.16504 3.51872e-12 0 9.8297e-20 0 0)
(2.16504 -1.48846e-11 0 8.6998e-20 0 0)
(2.16504 -3.64728e-11 0 8.25733e-20 0 0)
(2.16504 -6.55625e-11 0 9.22119e-20 0 0)
(2.16504 -1.01699e-10 0 1.24342e-19 0 0)
(2.16504 -1.53578e-10 0 1.96395e-19 0 0)
(2.16504 -1.92228e-10 0 3.03561e-19 0 0)
(2.16504 -1.32208e-10 0 4.26234e-19 0 0)
(2.1603 3.05063e-11 0 3.23322e-19 0 0)
(2.1603 9.53137e-11 0 2.01381e-19 0 0)
(2.1603 8.56663e-11 0 1.27104e-19 0 0)
(2.1603 6.98592e-11 0 9.05772e-20 0 0)
(2.1603 5.94038e-11 0 7.82633e-20 0 0)
(2.1603 5.22835e-11 0 7.94148e-20 0 0)
(2.1603 4.72131e-11 0 8.64574e-20 0 0)
(2.1603 4.30249e-11 0 9.4415e-20 0 0)
(2.1603 3.88358e-11 0 1.00379e-19 0 0)
(2.1603 3.32653e-11 0 1.01896e-19 0 0)
(2.1603 2.60003e-11 0 9.85519e-20 0 0)
(2.1603 1.63472e-11 0 9.09175e-20 0 0)
(2.1603 3.77663e-12 0 8.08055e-20 0 0)
(2.1603 -1.29065e-11 0 7.11479e-20 0 0)
(2.1603 -3.30747e-11 0 6.64195e-20 0 0)
(2.1603 -6.07288e-11 0 7.21318e-20 0 0)
(2.1603 -9.44297e-11 0 9.51362e-20 0 0)
(2.1603 -1.45131e-10 0 1.52088e-19 0 0)
(2.1603 -1.81665e-10 0 2.38658e-19 0 0)
(2.1603 -1.29657e-10 0 3.39958e-19 0 0)
(2.15406 2.36288e-11 0 2.55299e-19 0 0)
(2.15406 7.9286e-11 0 1.62581e-19 0 0)
(2.15406 7.57557e-11 0 1.01781e-19 0 0)
(2.15406 6.50471e-11 0 7.11953e-20 0 0)
(2.15406 5.7582e-11 0 6.0329e-20 0 0)
(2.15406 5.26297e-11 0 6.11424e-20 0 0)
(2.15406 4.90651e-11 0 6.71266e-20 0 0)
(2.15406 4.62071e-11 0 7.4028e-20 0 0)
(2.15406 4.31424e-11 0 7.93861e-20 0 0)
(2.15406 3.87624e-11 0 8.13253e-20 0 0)
(2.15406 3.25593e-11 0 7.93109e-20 0 0)
(2.15406 2.4045e-11 0 7.3759e-20 0 0)
(2.15406 1.262e-11 0 6.59469e-20 0 0)
(2.15406 -2.7151e-12 0 5.81229e-20 0 0)
(2.15406 -2.16223e-11 0 5.36686e-20 0 0)
(2.15406 -4.76183e-11 0 5.70684e-20 0 0)
(2.15406 -7.83716e-11 0 7.38359e-20 0 0)
(2.15406 -1.25534e-10 0 1.19029e-19 0 0)
(2.15406 -1.57655e-10 0 1.87594e-19 0 0)
(2.15406 -1.11992e-10 0 2.65617e-19 0 0)
(2.14643 7.74943e-12 0 1.87477e-19 0 0)
(2.14643 5.54332e-11 0 1.24541e-19 0 0)
(2.14643 5.63347e-11 0 8.06815e-20 0 0)
(2.14643 5.06039e-11 0 5.69706e-20 0 0)
(2.14643 4.60608e-11 0 4.77114e-20 0 0)
(2.14643 4.30301e-11 0 4.79469e-20 0 0)
(2.14643 4.05689e-11 0 5.26909e-20 0 0)
(2.14643 3.84949e-11 0 5.85008e-20 0 0)
(2.14643 3.61126e-11 0 6.32642e-20 0 0)
(2.14643 3.25208e-11 0 6.5451e-20 0 0)
(2.14643 2.69019e-11 0 6.43827e-20 0 0)
(2.14643 1.91689e-11 0 6.03953e-20 0 0)
(2.14643 8.61953e-12 0 5.43542e-20 0 0)
(2.14643 -5.41635e-12 0 4.80115e-20 0 0)
(2.14643 -2.29144e-11 0 4.39911e-20 0 0)
(2.14643 -4.67929e-11 0 4.59026e-20 0 0)
(2.14643 -7.46982e-11 0 5.80956e-20 0 0)
(2.14643 -1.17306e-10 0 9.24693e-20 0 0)
(2.14643 -1.44477e-10 0 1.42031e-19 0 0)
(2.14643 -1.03291e-10 0 1.95253e-19 0 0)
(2.13758 7.14925e-12 0 1.31197e-19 0 0)
(2.13758 4.60587e-11 0 9.53426e-20 0 0)
(2.13758 4.8116e-11 0 6.92535e-20 0 0)
(2.13758 4.63189e-11 0 5.25486e-20 0 0)
(2.13758 4.40125e-11 0 4.39006e-20 0 0)
(2.13758 4.25946e-11 0 4.16182e-20 0 0)
(2.13758 4.12202e-11 0 4.30151e-20 0 0)
(2.13758 3.99823e-11 0 4.59442e-20 0 0)
(2.13758 3.80788e-11 0 4.8755e-20 0 0)
(2.13758 3.50932e-11 0 5.03705e-20 0 0)
(2.13758 3.01531e-11 0 5.00837e-20 0 0)
(2.13758 2.33329e-11 0 4.80405e-20 0 0)
(2.13758 1.39707e-11 0 4.47194e-20 0 0)
(2.13758 1.69258e-12 0 4.1329e-20 0 0)
(2.13758 -1.38496e-11 0 3.96881e-20 0 0)
(2.13758 -3.47542e-11 0 4.24111e-20 0 0)
(2.13758 -5.95234e-11 0 5.25608e-20 0 0)
(2.13758 -9.54723e-11 0 7.73015e-20 0 0)
(2.13758 -1.19045e-10 0 1.09672e-19 0 0)
(2.13758 -8.3598e-11 0 1.38177e-19 0 0)
(2.1277 2.09728e-12 0 8.16186e-20 0 0)
(2.1277 3.36402e-11 0 6.35894e-20 0 0)
(2.1277 3.41904e-11 0 5.26237e-20 0 0)
(2.1277 3.36734e-11 0 4.41313e-20 0 0)
(2.1277 3.18958e-11 0 3.84632e-20 0 0)
(2.1277 3.07837e-11 0 3.55343e-20 0 0)
(2.1277 2.95468e-11 0 3.45811e-20 0 0)
(2.1277 2.82609e-11 0 3.47521e-20 0 0)
(2.1277 2.63875e-11 0 3.52069e-20 0 0)
(2.1277 2.35742e-11 0 3.53042e-20 0 0)
(2.1277 1.92674e-11 0 3.46792e-20 0 0)
(2.1277 1.34552e-11 0 3.34148e-20 0 0)
(2.1277 5.70554e-12 0 3.19639e-20 0 0)
(2.1277 -4.12489e-12 0 3.12017e-20 0 0)
(2.1277 -1.66726e-11 0 3.22956e-20 0 0)
(2.1277 -3.32206e-11 0 3.67203e-20 0 0)
(2.1277 -5.40513e-11 0 4.62507e-20 0 0)
(2.1277 -8.06088e-11 0 6.26552e-20 0 0)
(2.1277 -1.01542e-10 0 8.13577e-20 0 0)
(2.1277 -7.19344e-11 0 9.09722e-20 0 0)
(2.11703 5.0728e-12 0 5.34047e-20 0 0)
(2.11703 2.92982e-11 0 4.00251e-20 0 0)
(2.11703 3.07898e-11 0 3.20703e-20 0 0)
(2.11703 2.92798e-11 0 2.62958e-20 0 0)
(2.11703 2.8136e-11 0 2.35621e-20 0 0)
(2.11703 2.73489e-11 0 2.2905e-20 0 0)
(2.11703 2.63307e-11 0 2.34674e-20 0 0)
(2.11703 2.52974e-11 0 2.44111e-20 0 0)
(2.11703 2.37158e-11 0 2.49703e-20 0 0)
(2.11703 2.14826e-11 0 2.46862e-20 0 0)
(2.11703 1.81946e-11 0 2.34134e-20 0 0)
(2.11703 1.38456e-11 0 2.13761e-20 0 0)
(2.11703 8.17543e-12 0 1.91743e-20 0 0)
(2.11703 1.09496e-12 0 1.76731e-20 0 0)
(2.11703 -8.09717e-12 0 1.80132e-20 0 0)
(2.11703 -1.97417e-11 0 2.153e-20 0 0)
(2.11703 -3.45023e-11 0 2.96884e-20 0 0)
(2.11703 -5.45124e-11 0 4.38853e-20 0 0)
(2.11703 -7.2808e-11 0 6.0286e-20 0 0)
(2.11703 -5.07707e-11 0 6.4928e-20 0 0)
(2.10579 -1.06769e-12 0 6.56179e-20 0 0)
(2.10579 1.82578e-11 0 5.67778e-20 0 0)
(2.10579 1.93846e-11 0 4.78956e-20 0 0)
(2.10579 1.85805e-11 0 4.0104e-20 0 0)
(2.10579 1.81856e-11 0 3.4843e-20 0 0)
(2.10579 1.76313e-11 0 3.14939e-20 0 0)
(2.10579 1.68668e-11 0 2.96734e-20 0 0)
(2.10579 1.60354e-11 0 2.88901e-20 0 0)
(2.10579 1.47472e-11 0 2.87297e-20 0 0)
(2.10579 1.29204e-11 0 2.8819e-20 0 0)
(2.10579 1.01514e-11 0 2.89496e-20 0 0)
(2.10579 6.76522e-12 0 2.90125e-20 0 0)
(2.10579 2.40189e-12 0 2.90633e-20 0 0)
(2.10579 -2.85839e-12 0 2.92466e-20 0 0)
(2.10579 -9.82669e-12 0 2.98123e-20 0 0)
(2.10579 -1.84792e-11 0 3.14914e-20 0 0)
(2.10579 -2.95153e-11 0 3.55476e-20 0 0)
(2.10579 -4.61663e-11 0 4.48547e-20 0 0)
(2.10579 -6.2777e-11 0 5.98034e-20 0 0)
(2.10579 -4.67572e-11 0 6.82974e-20 0 0)
(2.09423 2.71701e-12 0 1.30664e-19 0 0)
(2.09423 1.88138e-11 0 1.36141e-19 0 0)
(2.09423 1.94659e-11 0 1.30718e-19 0 0)
(2.09423 1.9165e-11 0 1.19336e-19 0 0)
(2.09423 1.88472e-11 0 1.05987e-19 0 0)
(2.09423 1.82071e-11 0 9.28617e-20 0 0)
(2.09423 1.75229e-11 0 8.15178e-20 0 0)
(2.09423 1.65936e-11 0 7.27854e-20 0 0)
(2.09423 1.52903e-11 0 6.71182e-20 0 0)
(2.09423 1.3592e-11 0 6.46828e-20 0 0)
(2.09423 1.1356e-11 0 6.54329e-20 0 0)
(2.09423 8.61034e-12 0 6.90823e-20 0 0)
(2.09423 5.29166e-12 0 7.51891e-20 0 0)
(2.09423 1.48182e-12 0 8.30752e-20 0 0)
(2.09423 -3.4345e-12 0 9.18201e-20 0 0)
(2.09423 -9.79727e-12 0 1.00324e-19 0 0)
(2.09423 -1.76569e-11 0 1.0758e-19 0 0)
(2.09423 -3.0939e-11 0 1.145e-19 0 0)
(2.09423 -4.63181e-11 0 1.22738e-19 0 0)
(2.09423 -3.53701e-11 0 1.2535e-19 0 0)
(2.08253 -1.37424e-12 0 1.59451e-19 0 0)
(2.08253 1.19523e-11 0 1.33805e-19 0 0)
(2.08253 1.15468e-11 0 1.21324e-19 0 0)
(2.08253 1.12685e-11 0 1.14628e-19 0 0)
(2.08253 1.13475e-11 0 1.10331e-19 0 0)
(2.08253 1.09176e-11 0 1.06321e-19 0 0)
(2.08253 1.0458e-11 0 1.02208e-19 0 0)
(2.08253 9.64517e-12 0 9.79052e-20 0 0)
(2.08253 8.48833e-12 0 9.36367e-20 0 0)
(2.08253 7.01589e-12 0 8.9749e-20 0 0)
(2.08253 5.05169e-12 0 8.66517e-20 0 0)
(2.08253 2.66859e-12 0 8.49295e-20 0 0)
(2.08253 -1.10557e-13 0 8.5206e-20 0 0)
(2.08253 -3.14444e-12 0 8.84873e-20 0 0)
(2.08253 -6.84231e-12 0 9.63436e-20 0 0)
(2.08253 -1.14589e-11 0 1.1011e-19 0 0)
(2.08253 -1.7107e-11 0 1.31301e-19 0 0)
(2.08253 -2.70998e-11 0 1.60643e-19 0 0)
(2.08253 -4.06347e-11 0 1.92826e-19 0 0)
(2.08253 -3.39038e-11 0 1.94706e-19 0 0)
(2.0708 1.35716e-12 0 2.26319e-20 0 0)
(2.0708 1.16986e-11 0 2.06405e-20 0 0)
(2.0708 1.04455e-11 0 1.4639e-20 0 0)
(2.0708 9.99818e-12 0 9.46177e-21 0 0)
(2.0708 1.03727e-11 0 6.75746e-21 0 0)
(2.0708 1.05164e-11 0 5.56903e-21 0 0)
(2.0708 1.08591e-11 0 5.47188e-21 0 0)
(2.0708 1.08687e-11 0 6.00587e-21 0 0)
(2.0708 1.05747e-11 0 6.81425e-21 0 0)
(2.0708 9.93221e-12 0 7.61591e-21 0 0)
(2.0708 8.88683e-12 0 8.22037e-21 0 0)
(2.0708 7.27127e-12 0 8.51635e-21 0 0)
(2.0708 5.43029e-12 0 8.58218e-21 0 0)
(2.0708 3.19509e-12 0 8.45547e-21 0 0)
(2.0708 4.73673e-13 0 8.28069e-21 0 0)
(2.0708 -3.18968e-12 0 8.21115e-21 0 0)
(2.0708 -7.8202e-12 0 8.31685e-21 0 0)
(2.0708 -1.61518e-11 0 9.31819e-21 0 0)
(2.0708 -2.90697e-11 0 1.24056e-20 0 0)
(2.0708 -2.64346e-11 0 1.79445e-20 0 0)
(2.05906 -2.28299e-12 0 1.26983e-20 0 0)
(2.05906 4.53738e-12 0 1.14725e-20 0 0)
(2.05906 2.32845e-12 0 7.08634e-21 0 0)
(2.05906 1.42159e-12 0 3.482e-21 0 0)
(2.05906 1.62495e-12 0 1.91667e-21 0 0)
(2.05906 2.03306e-12 0 1.51533e-21 0 0)
(2.05906 2.76642e-12 0 1.91131e-21 0 0)
(2.05906 3.21407e-12 0 2.71733e-21 0 0)
(2.05906 3.45122e-12 0 3.6074e-21 0 0)
(2.05906 3.38132e-12 0 4.34575e-21 0 0)
(2.05906 3.09594e-12 0 4.76103e-21 0 0)
(2.05906 2.34546e-12 0 4.71335e-21 0 0)
(2.05906 1.6198e-12 0 4.30869e-21 0 0)
(2.05906 5.82173e-13 0 3.62739e-21 0 0)
(2.05906 -5.84185e-13 0 2.84326e-21 0 0)
(2.05906 -2.52833e-12 0 2.26025e-21 0 0)
(2.05906 -5.57482e-12 0 2.26311e-21 0 0)
(2.05906 -1.1216e-11 0 3.32518e-21 0 0)
(2.05906 -2.32507e-11 0 5.76337e-21 0 0)
(2.05906 -2.4134e-11 0 9.15848e-21 0 0)
(2.04745 3.34092e-12 0 1.00206e-20 0 0)
(2.04745 7.87152e-12 0 8.56628e-21 0 0)
(2.04745 4.8405e-12 0 5.17343e-21 0 0)
(2.04745 3.42794e-12 0 2.31582e-21 0 0)
(2.04745 2.79305e-12 0 1.11521e-21 0 0)
(2.04745 2.88878e-12 0 8.74141e-22 0 0)
(2.04745 3.26098e-12 0 1.22661e-21 0 0)
(2.04745 3.47056e-12 0 1.88536e-21 0 0)
(2.04745 3.62412e-12 0 2.58542e-21 0 0)
(2.04745 3.63896e-12 0 3.13474e-21 0 0)
(2.04745 3.63426e-12 0 3.39741e-21 0 0)
(2.04745 3.42123e-12 0 3.27819e-21 0 0)
(2.04745 3.38318e-12 0 2.86289e-21 0 0)
(2.04745 3.27335e-12 0 2.26232e-21 0 0)
(2.04745 3.35483e-12 0 1.61494e-21 0 0)
(2.04745 2.86377e-12 0 1.16979e-21 0 0)
(2.04745 1.37113e-12 0 1.23697e-21 0 0)
(2.04745 -1.5425e-12 0 2.1975e-21 0 0)
(2.04745 -1.09985e-11 0 4.1955e-21 0 0)
(2.04745 -1.2672e-11 0 7.10525e-21 0 0)
(2.03634 3.3075e-12 0 8.14231e-21 0 0)
(2.03634 6.39693e-12 0 6.85894e-21 0 0)
(2.03634 3.47682e-12 0 4.24283e-21 0 0)
(2.03634 9.9964e-13 0 1.99638e-21 0 0)
(2.03634 -7.43006e-13 0 9.28641e-22 0 0)
(2.03634 -1.24854e-12 0 7.71341e-22 0 0)
(2.03634 -1.5563e-12 0 1.11481e-21 0 0)
(2.03634 -1.84541e-12 0 1.7271e-21 0 0)
(2.03634 -2.0319e-12 0 2.37054e-21 0 0)
(2.03634 -2.26705e-12 0 2.87835e-21 0 0)
(2.03634 -2.34324e-12 0 3.12168e-21 0 0)
(2.03634 -2.34811e-12 0 3.0085e-21 0 0)
(2.03634 -2.19637e-12 0 2.63794e-21 0 0)
(2.03634 -1.98373e-12 0 2.0976e-21 0 0)
(2.03634 -1.37009e-12 0 1.51034e-21 0 0)
(2.03634 -1.15466e-12 0 1.09141e-21 0 0)
(2.03634 -1.55643e-12 0 1.11787e-21 0 0)
(2.03634 -2.68803e-12 0 1.85728e-21 0 0)
(2.03634 -1.07577e-11 0 3.27994e-21 0 0)
(2.03634 -1.15064e-11 0 5.72542e-21 0 0)
(2.02622 9.16762e-12 0 6.70251e-21 0 0)
(2.02622 1.30765e-11 0 5.6902e-21 0 0)
(2.02622 1.0164e-11 0 3.47836e-21 0 0)
(2.02622 7.34238e-12 0 1.61893e-21 0 0)
(2.02622 4.66389e-12 0 8.0723e-22 0 0)
(2.02622 3.38391e-12 0 7.45541e-22 0 0)
(2.02622 2.37452e-12 0 1.07909e-21 0 0)
(2.02622 1.39842e-12 0 1.61355e-21 0 0)
(2.02622 6.57296e-13 0 2.14697e-21 0 0)
(2.02622 -1.06825e-13 0 2.53699e-21 0 0)
(2.02622 -6.34442e-13 0 2.67904e-21 0 0)
(2.02622 -8.97323e-13 0 2.49236e-21 0 0)
(2.02622 -1.02823e-12 0 2.11276e-21 0 0)
(2.02622 -1.05793e-12 0 1.60034e-21 0 0)
(2.02622 -6.35059e-13 0 1.09558e-21 0 0)
(2.02622 -5.20123e-13 0 7.78523e-22 0 0)
(2.02622 -6.67724e-13 0 9.64551e-22 0 0)
(2.02622 -8.5782e-13 0 1.83099e-21 0 0)
(2.02622 -7.89012e-12 0 3.2326e-21 0 0)
(2.02622 -6.36046e-12 0 5.17933e-21 0 0)
(2.01758 6.93945e-12 0 5.20148e-21 0 0)
(2.01758 1.21486e-11 0 4.23837e-21 0 0)
(2.01758 9.23813e-12 0 2.56897e-21 0 0)
(2.01758 7.20071e-12 0 1.33155e-21 0 0)
(2.01758 4.70093e-12 0 7.75088e-22 0 0)
(2.01758 3.10928e-12 0 7.78609e-22 0 0)
(2.01758 1.44851e-12 0 1.06418e-21 0 0)
(2.01758 -1.26319e-13 0 1.47911e-21 0 0)
(2.01758 -1.56899e-12 0 1.88366e-21 0 0)
(2.01758 -2.79874e-12 0 2.17319e-21 0 0)
(2.01758 -4.04769e-12 0 2.24644e-21 0 0)
(2.01758 -4.89005e-12 0 2.06585e-21 0 0)
(2.01758 -5.62281e-12 0 1.73443e-21 0 0)
(2.01758 -6.13577e-12 0 1.31218e-21 0 0)
(2.01758 -6.16966e-12 0 9.16512e-22 0 0)
(2.01758 -6.49893e-12 0 7.09076e-22 0 0)
(2.01758 -7.24983e-12 0 9.92733e-22 0 0)
(2.01758 -7.89638e-12 0 1.88312e-21 0 0)
(2.01758 -1.25505e-11 0 3.09927e-21 0 0)
(2.01758 -9.00862e-12 0 4.43676e-21 0 0)
(2.0109 -5.46788e-12 0 1.38962e-20 0 0)
(2.0109 4.54474e-12 0 1.21294e-20 0 0)
(2.0109 7.9853e-12 0 1.12676e-20 0 0)
(2.0109 1.40972e-11 0 1.15394e-20 0 0)
(2.0109 2.1983e-11 0 1.25708e-20 0 0)
(2.0109 2.32335e-11 0 1.33054e-20 0 0)
(2.0109 1.9395e-11 0 1.31774e-20 0 0)
(2.0109 1.22762e-11 0 1.22442e-20 0 0)
(2.0109 5.76663e-12 0 1.14375e-20 0 0)
(2.0109 1.91832e-13 0 1.10102e-20 0 0)
(2.0109 -3.67197e-12 0 1.08845e-20 0 0)
(2.0109 -5.65995e-12 0 1.09723e-20 0 0)
(2.0109 -5.43751e-12 0 1.12903e-20 0 0)
(2.0109 -1.71039e-12 0 1.17226e-20 0 0)
(2.0109 2.16462e-12 0 1.16689e-20 0 0)
(2.0109 -3.6804e-13 0 1.13221e-20 0 0)
(2.0109 -7.31402e-12 0 1.14812e-20 0 0)
(2.0109 -1.42752e-11 0 1.29039e-20 0 0)
(2.0109 -2.03111e-11 0 1.44191e-20 0 0)
(2.0109 -1.93059e-11 0 1.54718e-20 0 0)
(2.00652 -1.80811e-12 0 1.75337e-19 0 0)
(2.00652 8.60746e-12 0 1.95058e-19 0 0)
(2.00652 1.15737e-11 0 2.08775e-19 0 0)
(2.00652 1.3282e-11 0 2.11466e-19 0 0)
(2.00652 1.61274e-11 0 2.01808e-19 0 0)
(2.00652 2.2655e-11 0 1.78987e-19 0 0)
(2.00652 2.26748e-11 0 1.52851e-19 0 0)
(2.00652 1.59675e-11 0 1.37671e-19 0 0)
(2.00652 9.88955e-12 0 1.38938e-19 0 0)
(2.00652 4.43592e-12 0 1.5375e-19 0 0)
(2.00652 -1.89798e-12 0 1.75873e-19 0 0)
(2.00652 -8.53173e-12 0 1.97786e-19 0 0)
(2.00652 -1.41025e-11 0 2.12719e-19 0 0)
(2.00652 -1.83879e-11 0 2.15402e-19 0 0)
(2.00652 -1.95674e-11 0 2.02587e-19 0 0)
(2.00652 -1.88202e-11 0 1.7643e-19 0 0)
(2.00652 -1.82929e-11 0 1.48922e-19 0 0)
(2.00652 -1.86354e-11 0 1.35055e-19 0 0)
(2.00652 -1.80707e-11 0 1.38143e-19 0 0)
(2.00652 -1.37891e-11 0 1.54495e-19 0 0)
(2.00457 1.88297e-12 0 2.6343e-20 0 0)
(2.00457 3.34687e-12 0 2.71505e-20 0 0)
(2.00457 1.43092e-12 0 2.87036e-20 0 0)
(2.00457 -3.3685e-12 0 3.08044e-20 0 0)
(2.00457 -8.41765e-12 0 3.28762e-20 0 0)
(2.00457 -8.80872e-12 0 3.41511e-20 0 0)
(2.00457 -4.96017e-12 0 3.44237e-20 0 0)
(2.00457 5.84708e-13 0 3.44692e-20 0 0)
(2.00457 6.12767e-12 0 3.42794e-20 0 0)
(2.00457 1.03803e-11 0 3.41198e-20 0 0)
(2.00457 1.26925e-11 0 3.38506e-20 0 0)
(2.00457 1.23552e-11 0 3.34423e-20 0 0)
(2.00457 9.79477e-12 0 3.31533e-20 0 0)
(2.00457 3.95851e-12 0 3.34678e-20 0 0)
(2.00457 -1.56951e-12 0 3.40683e-20 0 0)
(2.00457 -3.29881e-12 0 3.36884e-20 0 0)
(2.00457 -2.32007e-12 0 3.23355e-20 0 0)
(2.00457 -1.72472e-12 0 3.0549e-20 0 0)
(2.00457 -1.9187e-12 0 2.84719e-20 0 0)
(2.00457 -8.13731e-13 0 2.6767e-20 0 0)
(2.00483 -1.2136e-11 0 1.06504e-20 0 0)
(2.00483 -9.54282e-12 0 9.14979e-21 0 0)
(2.00483 -6.0915e-12 0 7.55957e-21 0 0)
(2.00483 -2.93864e-12 0 6.45279e-21 0 0)
(2.00483 -5.67714e-14 0 5.78752e-21 0 0)
(2.00483 2.40734e-12 0 5.41631e-21 0 0)
(2.00483 4.36247e-12 0 5.24723e-21 0 0)
(2.00483 5.79447e-12 0 5.21133e-21 0 0)
(2.00483 6.69489e-12 0 5.25226e-21 0 0)
(2.00483 7.16629e-12 0 5.33502e-21 0 0)
(2.00483 6.93155e-12 0 5.41122e-21 0 0)
(2.00483 6.11857e-12 0 5.49183e-21 0 0)
(2.00483 4.80093e-12 0 5.59923e-21 0 0)
(2.00483 3.00186e-12 0 5.75915e-21 0 0)
(2.00483 7.12437e-13 0 6.03785e-21 0 0)
(2.00483 -2.11226e-12 0 6.51735e-21 0 0)
(2.00483 -5.58201e-12 0 7.28825e-21 0 0)
(2.00483 -9.06012e-12 0 8.45044e-21 0 0)
(2.00483 -1.1666e-11 0 9.83839e-21 0 0)
(2.00483 -1.30096e-11 0 1.08953e-20 0 0)
(2.00666 -8.37586e-12 0 1.25239e-21 0 0)
(2.00666 -7.06141e-12 0 1.1401e-21 0 0)
(2.00666 -3.90064e-12 0 1.00717e-21 0 0)
(2.00666 -9.69891e-13 0 9.01967e-22 0 0)
(2.00666 1.64895e-12 0 8.57395e-22 0 0)
(2.00666 3.77287e-12 0 8.56322e-22 0 0)
(2.00666 5.40593e-12 0 8.87537e-22 0 0)
(2.00666 6.72369e-12 0 9.34975e-22 0 0)
(2.00666 7.59401e-12 0 9.82303e-22 0 0)
(2.00666 8.05842e-12 0 1.01918e-21 0 0)
(2.00666 8.01431e-12 0 1.02354e-21 0 0)
(2.00666 7.46324e-12 0 9.99167e-22 0 0)
(2.00666 6.50583e-12 0 9.4985e-22 0 0)
(2.00666 5.11566e-12 0 8.92095e-22 0 0)
(2.00666 3.24288e-12 0 8.44443e-22 0 0)
(2.00666 1.12826e-12 0 8.41724e-22 0 0)
(2.00666 -1.50177e-12 0 9.05541e-22 0 0)
(2.00666 -4.54208e-12 0 1.11948e-21 0 0)
(2.00666 -7.09973e-12 0 1.36984e-21 0 0)
(2.00666 -7.95768e-12 0 1.36665e-21 0 0)
(2.009 -7.53719e-12 0 9.78641e-22 0 0)
(2.009 -7.1777e-12 0 9.383e-22 0 0)
(2.009 -4.84671e-12 0 8.13766e-22 0 0)
(2.009 -2.6878e-12 0 6.97753e-22 0 0)
(2.009 -9.96322e-13 0 6.19768e-22 0 0)
(2.009 4.82823e-13 0 5.87025e-22 0 0)
(2.009 1.69496e-12 0 5.96768e-22 0 0)
(2.009 2.61521e-12 0 6.40876e-22 0 0)
(2.009 3.25683e-12 0 7.02812e-22 0 0)
(2.009 3.60302e-12 0 7.65246e-22 0 0)
(2.009 3.6005e-12 0 8.11153e-22 0 0)
(2.009 3.24826e-12 0 8.32057e-22 0 0)
(2.009 2.57454e-12 0 8.23575e-22 0 0)
(2.009 1.63183e-12 0 7.94845e-22 0 0)
(2.009 6.29336e-13 0 7.49193e-22 0 0)
(2.009 -1.0917e-12 0 7.17966e-22 0 0)
(2.009 -2.5283e-12 0 6.97766e-22 0 0)
(2.009 -4.74982e-12 0 7.8504e-22 0 0)
(2.009 -6.82215e-12 0 9.36321e-22 0 0)
(2.009 -7.10721e-12 0 9.52024e-22 0 0)
(2.01072 -2.61414e-12 0 1.07446e-21 0 0)
(2.01072 -3.13539e-12 0 1.05022e-21 0 0)
(2.01072 -1.95134e-12 0 9.14408e-22 0 0)
(2.01072 -5.29456e-13 0 7.8043e-22 0 0)
(2.01072 5.30756e-13 0 7.04355e-22 0 0)
(2.01072 1.59288e-12 0 6.75176e-22 0 0)
(2.01072 2.47942e-12 0 6.84613e-22 0 0)
(2.01072 3.11734e-12 0 7.15263e-22 0 0)
(2.01072 3.60447e-12 0 7.50664e-22 0 0)
(2.01072 3.89404e-12 0 7.76405e-22 0 0)
(2.01072 3.99266e-12 0 7.84442e-22 0 0)
(2.01072 3.91485e-12 0 7.74822e-22 0 0)
(2.01072 3.51221e-12 0 7.41631e-22 0 0)
(2.01072 3.04391e-12 0 6.99185e-22 0 0)
(2.01072 2.55749e-12 0 6.58022e-22 0 0)
(2.01072 1.42412e-12 0 6.28451e-22 0 0)
(2.01072 5.71526e-13 0 6.36763e-22 0 0)
(2.01072 -7.24738e-13 0 7.09393e-22 0 0)
(2.01072 -2.01264e-12 0 8.53892e-22 0 0)
(2.01072 -2.03129e-12 0 9.92521e-22 0 0)
(2.01122 -2.87779e-12 0 8.78126e-22 0 0)
(2.01122 -3.62137e-12 0 8.56768e-22 0 0)
(2.01122 -3.14342e-12 0 8.0496e-22 0 0)
(2.01122 -2.31489e-12 0 7.62454e-22 0 0)
(2.01122 -1.56473e-12 0 7.46782e-22 0 0)
(2.01122 -9.30083e-13 0 7.4458e-22 0 0)
(2.01122 -4.02775e-13 0 7.51353e-22 0 0)
(2.01122 -1.12931e-14 0 7.60515e-22 0 0)
(2.01122 3.10281e-13 0 7.6994e-22 0 0)
(2.01122 5.07127e-13 0 7.75392e-22 0 0)
(2.01122 6.03521e-13 0 7.76893e-22 0 0)
(2.01122 5.81542e-13 0 7.7184e-22 0 0)
(2.01122 4.58101e-13 0 7.62598e-22 0 0)
(2.01122 2.76203e-13 0 7.50097e-22 0 0)
(2.01122 -1.64953e-13 0 7.40128e-22 0 0)
(2.01122 -6.21425e-13 0 7.32244e-22 0 0)
(2.01122 -1.12677e-12 0 7.31996e-22 0 0)
(2.01122 -1.80541e-12 0 7.50301e-22 0 0)
(2.01122 -2.38906e-12 0 7.88928e-22 0 0)
(2.01122 -2.49455e-12 0 8.42642e-22 0 0)
(2.01102 1.9069e-13 0 7.19897e-22 0 0)
(2.01102 -2.71797e-13 0 7.32157e-22 0 0)
(2.01102 -6.74116e-14 0 7.24421e-22 0 0)
(2.01102 3.50587e-13 0 7.11757e-22 0 0)
(2.01102 5.61435e-13 0 7.0676e-22 0 0)
(2.01102 9.38908e-13 0 7.00396e-22 0 0)
(2.01102 1.21274e-12 0 6.97268e-22 0 0)
(2.01102 1.33324e-12 0 6.9699e-22 0 0)
(2.01102 1.53808e-12 0 6.96812e-22 0 0)
(2.01102 1.62127e-12 0 6.97013e-22 0 0)
(2.01102 1.71176e-12 0 6.97282e-22 0 0)
(2.01102 1.73106e-12 0 6.97591e-22 0 0)
(2.01102 1.7253e-12 0 6.9798e-22 0 0)
(2.01102 1.67463e-12 0 6.98229e-22 0 0)
(2.01102 1.53748e-12 0 6.97813e-22 0 0)
(2.01102 1.36599e-12 0 6.97683e-22 0 0)
(2.01102 1.14561e-12 0 6.98224e-22 0 0)
(2.01102 9.08817e-13 0 7.00474e-22 0 0)
(2.01102 6.16979e-13 0 7.05824e-22 0 0)
(2.01102 5.0031e-13 0 7.11051e-22 0 0)
(2.01088 -1.25691e-12 0 7.71429e-22 0 0)
(2.01088 -1.45085e-12 0 7.69292e-22 0 0)
(2.01088 -1.4021e-12 0 7.69746e-22 0 0)
(2.01088 -1.24825e-12 0 7.70911e-22 0 0)
(2.01088 -1.16653e-12 0 7.71763e-22 0 0)
(2.01088 -1.06513e-12 0 7.72994e-22 0 0)
(2.01088 -9.17228e-13 0 7.75055e-22 0 0)
(2.01088 -8.86767e-13 0 7.75516e-22 0 0)
(2.01088 -8.32516e-13 0 7.76416e-22 0 0)
(2.01088 -8.06516e-13 0 7.76989e-22 0 0)
(2.01088 -7.77617e-13 0 7.77606e-22 0 0)
(2.01088 -7.70829e-13 0 7.77856e-22 0 0)
(2.01088 -7.7139e-13 0 7.77762e-22 0 0)
(2.01088 -7.88031e-13 0 7.7748e-22 0 0)
(2.01088 -8.37059e-13 0 7.77285e-22 0 0)
(2.01088 -9.05143e-13 0 7.77097e-22 0 0)
(2.01088 -9.74666e-13 0 7.76394e-22 0 0)
(2.01088 -1.03829e-12 0 7.75471e-22 0 0)
(2.01088 -1.07827e-12 0 7.73421e-22 0 0)
(2.01088 -1.12552e-12 0 7.72843e-22 0 0)
(2.01086 9.58087e-13 0 8.57282e-22 0 0)
(2.01086 9.34467e-13 0 8.56349e-22 0 0)
(2.01086 9.22351e-13 0 8.53373e-22 0 0)
(2.01086 9.41688e-13 0 8.5311e-22 0 0)
(2.01086 9.59786e-13 0 8.53367e-22 0 0)
(2.01086 9.79327e-13 0 8.53959e-22 0 0)
(2.01086 1.00229e-12 0 8.5404e-22 0 0)
(2.01086 1.01097e-12 0 8.54247e-22 0 0)
(2.01086 1.01756e-12 0 8.54637e-22 0 0)
(2.01086 1.02387e-12 0 8.54908e-22 0 0)
(2.01086 1.03252e-12 0 8.55461e-22 0 0)
(2.01086 1.03337e-12 0 8.55736e-22 0 0)
(2.01086 1.03274e-12 0 8.5605e-22 0 0)
(2.01086 1.0287e-12 0 8.56433e-22 0 0)
(2.01086 1.05335e-12 0 8.57401e-22 0 0)
(2.01086 1.08127e-12 0 8.58577e-22 0 0)
(2.01086 1.09634e-12 0 8.59524e-22 0 0)
(2.01086 1.10244e-12 0 8.60219e-22 0 0)
(2.01086 1.07492e-12 0 8.60401e-22 0 0)
(2.01086 9.96251e-13 0 8.58463e-22 0 0)
(2.01086 -9.81304e-13 0 9.47062e-22 0 0)
(2.01086 -9.93042e-13 0 9.45084e-22 0 0)
(2.01086 -1.06843e-12 0 9.42733e-22 0 0)
(2.01086 -1.07646e-12 0 9.42991e-22 0 0)
(2.01086 -1.07799e-12 0 9.43488e-22 0 0)
(2.01086 -1.08058e-12 0 9.43752e-22 0 0)
(2.01086 -1.078e-12 0 9.44114e-22 0 0)
(2.01086 -1.07596e-12 0 9.44557e-22 0 0)
(2.01086 -1.07164e-12 0 9.45158e-22 0 0)
(2.01086 -1.0658e-12 0 9.45565e-22 0 0)
(2.01086 -1.06318e-12 0 9.46035e-22 0 0)
(2.01086 -1.05866e-12 0 9.46478e-22 0 0)
(2.01086 -1.06539e-12 0 9.47192e-22 0 0)
(2.01086 -1.06378e-12 0 9.47721e-22 0 0)
(2.01086 -1.04752e-12 0 9.47943e-22 0 0)
(2.01086 -9.87947e-13 0 9.47283e-22 0 0)
(2.01086 -9.72645e-13 0 9.47546e-22 0 0)
(2.01086 -9.75171e-13 0 9.47951e-22 0 0)
(2.01086 -9.83592e-13 0 9.48285e-22 0 0)
(2.01086 -9.86457e-13 0 9.48195e-22 0 0)
(2.01086 1.16056e-12 0 1.04265e-21 0 0)
(2.01086 1.15707e-12 0 1.04643e-21 0 0)
(2.01086 1.1037e-12 0 1.05187e-21 0 0)
(2.01086 1.08758e-12 0 1.05154e-21 0 0)
(2.01086 1.07933e-12 0 1.05037e-21 0 0)
(2.01086 1.06382e-12 0 1.04932e-21 0 0)
(2.01086 1.05671e-12 0 1.04846e-21 0 0)
(2.01086 1.05197e-12 0 1.04764e-21 0 0)
(2.01086 1.05281e-12 0 1.04659e-21 0 0)
(2.01086 1.04794e-12 0 1.04566e-21 0 0)
(2.01086 1.04425e-12 0 1.04474e-21 0 0)
(2.01086 1.04255e-12 0 1.04385e-21 0 0)
(2.01086 1.03569e-12 0 1.04281e-21 0 0)
(2.01086 1.03421e-12 0 1.04194e-21 0 0)
(2.01086 1.03332e-12 0 1.04096e-21 0 0)
(2.01086 1.02523e-12 0 1.03986e-21 0 0)
(2.01086 1.02143e-12 0 1.03881e-21 0 0)
(2.01086 1.01741e-12 0 1.03794e-21 0 0)
(2.01086 1.07547e-12 0 1.03856e-21 0 0)
(2.01086 1.12773e-12 0 1.04018e-21 0 0)
)
;

boundaryField
{
    top
    {
        type            symmetryPlane;
    }
    bottom
    {
        type            calculated;
        value           uniform (0 0 0 0 0 0);
    }
    inlet
    {
        type            cyclic;
    }
    outlet
    {
        type            cyclic;
    }
    frontAndBack
    {
        type            empty;
    }
}


// ************************************************************************* //
