/*--------------------------------*- C++ -*----------------------------------*\
  =========                 |
  \\      /  F ield         | OpenFOAM: The Open Source CFD Toolbox
   \\    /   O peration     | Website:  https://openfoam.org
    \\  /    A nd           | Version:  6
     \\/     M anipulation  |
\*---------------------------------------------------------------------------*/
FoamFile
{
    version     2.0;
    format      ascii;
    class       vectorField;
    location    "constant/polyMesh";
    object      points;
}
// * * * * * * * * * * * * * * * * * * * * * * * * * * * * * * * * * * * * * //


804
(
(0 0 0)
(0.01 0 0)
(0 2.019905316e-05 0)
(0.01 2.019905316e-05 0)
(0 4.102782864e-05 0)
(0.01 4.102782864e-05 0)
(0 6.250595854e-05 0)
(0.01 6.250595854e-05 0)
(0 8.465368703e-05 0)
(0.01 8.465368703e-05 0)
(0 0.0001074918894 0)
(0.01 0.0001074918894 0)
(0 0.0001310420918 0)
(0.01 0.0001310420918 0)
(0 0.0001553264913 0)
(0.01 0.0001553264913 0)
(0 0.0001803679772 0)
(0.01 0.0001803679772 0)
(0 0.0002061901523 0)
(0.01 0.0002061901523 0)
(0 0.0002328173553 0)
(0.01 0.0002328173553 0)
(0 0.0002602746834 0)
(0.01 0.0002602746834 0)
(0 0.0002885880167 0)
(0.01 0.0002885880167 0)
(0 0.0003177840416 0)
(0.01 0.0003177840416 0)
(0 0.000347890277 0)
(0.01 0.000347890277 0)
(0 0.0003789350994 0)
(0.01 0.0003789350994 0)
(0 0.0004109477699 0)
(0.01 0.0004109477699 0)
(0 0.0004439584622 0)
(0.01 0.0004439584622 0)
(0 0.0004779982902 0)
(0.01 0.0004779982902 0)
(0 0.0005130993383 0)
(0.01 0.0005130993383 0)
(0 0.0005492946907 0)
(0.01 0.0005492946907 0)
(0 0.0005866184635 0)
(0.01 0.0005866184635 0)
(0 0.0006251058359 0)
(0.01 0.0006251058359 0)
(0 0.0006647930842 0)
(0.01 0.0006647930842 0)
(0 0.0007057176156 0)
(0.01 0.0007057176156 0)
(0 0.0007479180033 0)
(0.01 0.0007479180033 0)
(0 0.0007914340233 0)
(0.01 0.0007914340233 0)
(0 0.0008363066914 0)
(0.01 0.0008363066914 0)
(0 0.0008825783023 0)
(0.01 0.0008825783023 0)
(0 0.0009302924693 0)
(0.01 0.0009302924693 0)
(0 0.0009794941651 0)
(0.01 0.0009794941651 0)
(0 0.001030229765 0)
(0.01 0.001030229765 0)
(0 0.001082547089 0)
(0.01 0.001082547089 0)
(0 0.00113649545 0)
(0.01 0.00113649545 0)
(0 0.001192125695 0)
(0.01 0.001192125695 0)
(0 0.00124949026 0)
(0.01 0.00124949026 0)
(0 0.001308643213 0)
(0.01 0.001308643213 0)
(0 0.001369640308 0)
(0.01 0.001369640308 0)
(0 0.001432539039 0)
(0.01 0.001432539039 0)
(0 0.00149739869 0)
(0.01 0.00149739869 0)
(0 0.001564280395 0)
(0.01 0.001564280395 0)
(0 0.001633247192 0)
(0.01 0.001633247192 0)
(0 0.001704364087 0)
(0.01 0.001704364087 0)
(0 0.001777698111 0)
(0.01 0.001777698111 0)
(0 0.001853318383 0)
(0.01 0.001853318383 0)
(0 0.001931296181 0)
(0.01 0.001931296181 0)
(0 0.002011705001 0)
(0.01 0.002011705001 0)
(0 0.002094620634 0)
(0.01 0.002094620634 0)
(0 0.00218012123 0)
(0.01 0.00218012123 0)
(0 0.002268287379 0)
(0.01 0.002268287379 0)
(0 0.00235920218 0)
(0.01 0.00235920218 0)
(0 0.002452951327 0)
(0.01 0.002452951327 0)
(0 0.002549623181 0)
(0.01 0.002549623181 0)
(0 0.002649308861 0)
(0.01 0.002649308861 0)
(0 0.002752102325 0)
(0.01 0.002752102325 0)
(0 0.00285810046 0)
(0.01 0.00285810046 0)
(0 0.002967403176 0)
(0.01 0.002967403176 0)
(0 0.003080113495 0)
(0.01 0.003080113495 0)
(0 0.003196337653 0)
(0.01 0.003196337653 0)
(0 0.003316185195 0)
(0.01 0.003316185195 0)
(0 0.003439769084 0)
(0.01 0.003439769084 0)
(0 0.003567205804 0)
(0.01 0.003567205804 0)
(0 0.003698615469 0)
(0.01 0.003698615469 0)
(0 0.003834121941 0)
(0.01 0.003834121941 0)
(0 0.00397385294 0)
(0.01 0.00397385294 0)
(0 0.004117940168 0)
(0.01 0.004117940168 0)
(0 0.004266519437 0)
(0.01 0.004266519437 0)
(0 0.004419730787 0)
(0.01 0.004419730787 0)
(0 0.00457771863 0)
(0.01 0.00457771863 0)
(0 0.004740631875 0)
(0.01 0.004740631875 0)
(0 0.004908624076 0)
(0.01 0.004908624076 0)
(0 0.005081853573 0)
(0.01 0.005081853573 0)
(0 0.005260483645 0)
(0.01 0.005260483645 0)
(0 0.005444682658 0)
(0.01 0.005444682658 0)
(0 0.005634624229 0)
(0.01 0.005634624229 0)
(0 0.005830487386 0)
(0.01 0.005830487386 0)
(0 0.00603245674 0)
(0.01 0.00603245674 0)
(0 0.006240722657 0)
(0.01 0.006240722657 0)
(0 0.006455481438 0)
(0.01 0.006455481438 0)
(0 0.006676935503 0)
(0.01 0.006676935503 0)
(0 0.006905293582 0)
(0.01 0.006905293582 0)
(0 0.007140770915 0)
(0.01 0.007140770915 0)
(0 0.00738358945 0)
(0.01 0.00738358945 0)
(0 0.007633978055 0)
(0.01 0.007633978055 0)
(0 0.007892172734 0)
(0.01 0.007892172734 0)
(0 0.008158416846 0)
(0.01 0.008158416846 0)
(0 0.008432961341 0)
(0.01 0.008432961341 0)
(0 0.008716064989 0)
(0.01 0.008716064989 0)
(0 0.009007994629 0)
(0.01 0.009007994629 0)
(0 0.009309025418 0)
(0.01 0.009309025418 0)
(0 0.009619441094 0)
(0.01 0.009619441094 0)
(0 0.009939534236 0)
(0.01 0.009939534236 0)
(0 0.01026960655 0)
(0.01 0.01026960655 0)
(0 0.01060996914 0)
(0.01 0.01060996914 0)
(0 0.01096094282 0)
(0.01 0.01096094282 0)
(0 0.0113228584 0)
(0.01 0.0113228584 0)
(0 0.01169605699 0)
(0.01 0.01169605699 0)
(0 0.01208089037 0)
(0.01 0.01208089037 0)
(0 0.01247772124 0)
(0.01 0.01247772124 0)
(0 0.01288692365 0)
(0.01 0.01288692365 0)
(0 0.01330888328 0)
(0.01 0.01330888328 0)
(0 0.01374399786 0)
(0.01 0.01374399786 0)
(0 0.01419267749 0)
(0.01 0.01419267749 0)
(0 0.01465534509 0)
(0.01 0.01465534509 0)
(0 0.01513243673 0)
(0.01 0.01513243673 0)
(0 0.01562440211 0)
(0.01 0.01562440211 0)
(0 0.01613170491 0)
(0.01 0.01613170491 0)
(0 0.01665482331 0)
(0.01 0.01665482331 0)
(0 0.01719425035 0)
(0.01 0.01719425035 0)
(0 0.01775049448 0)
(0.01 0.01775049448 0)
(0 0.01832407999 0)
(0.01 0.01832407999 0)
(0 0.0189155475 0)
(0.01 0.0189155475 0)
(0 0.0195254545 0)
(0.01 0.0195254545 0)
(0 0.02015437586 0)
(0.01 0.02015437586 0)
(0 0.02080290437 0)
(0.01 0.02080290437 0)
(0 0.0214716513 0)
(0.01 0.0214716513 0)
(0 0.02216124697 0)
(0.01 0.02216124697 0)
(0 0.02287234136 0)
(0.01 0.02287234136 0)
(0 0.02360560471 0)
(0.01 0.02360560471 0)
(0 0.02436172815 0)
(0.01 0.02436172815 0)
(0 0.02514142437 0)
(0.01 0.02514142437 0)
(0 0.02594542827 0)
(0.01 0.02594542827 0)
(0 0.02677449767 0)
(0.01 0.02677449767 0)
(0 0.02762941399 0)
(0.01 0.02762941399 0)
(0 0.02851098304 0)
(0.01 0.02851098304 0)
(0 0.02942003574 0)
(0.01 0.02942003574 0)
(0 0.03035742891 0)
(0.01 0.03035742891 0)
(0 0.0313240461 0)
(0.01 0.0313240461 0)
(0 0.03232079839 0)
(0.01 0.03232079839 0)
(0 0.03334862525 0)
(0.01 0.03334862525 0)
(0 0.03440849548 0)
(0.01 0.03440849548 0)
(0 0.03550140804 0)
(0.01 0.03550140804 0)
(0 0.03662839307 0)
(0.01 0.03662839307 0)
(0 0.03779051278 0)
(0.01 0.03779051278 0)
(0 0.03898886255 0)
(0.01 0.03898886255 0)
(0 0.04022457188 0)
(0.01 0.04022457188 0)
(0 0.04149880547 0)
(0.01 0.04149880547 0)
(0 0.04281276435 0)
(0.01 0.04281276435 0)
(0 0.044167687 0)
(0.01 0.044167687 0)
(0 0.04556485048 0)
(0.01 0.04556485048 0)
(0 0.04700557171 0)
(0.01 0.04700557171 0)
(0 0.04849120862 0)
(0.01 0.04849120862 0)
(0 0.05002316149 0)
(0.01 0.05002316149 0)
(0 0.05160287428 0)
(0.01 0.05160287428 0)
(0 0.05323183592 0)
(0.01 0.05323183592 0)
(0 0.05491158181 0)
(0.01 0.05491158181 0)
(0 0.05664369516 0)
(0.01 0.05664369516 0)
(0 0.0584298086 0)
(0.01 0.0584298086 0)
(0 0.06027160561 0)
(0.01 0.06027160561 0)
(0 0.06217082218 0)
(0.01 0.06217082218 0)
(0 0.0641292484 0)
(0.01 0.0641292484 0)
(0 0.0661487302 0)
(0.01 0.0661487302 0)
(0 0.06823117102 0)
(0.01 0.06823117102 0)
(0 0.07037853366 0)
(0.01 0.07037853366 0)
(0 0.07259284213 0)
(0.01 0.07259284213 0)
(0 0.07487618351 0)
(0.01 0.07487618351 0)
(0 0.07723070996 0)
(0.01 0.07723070996 0)
(0 0.07965864073 0)
(0.01 0.07965864073 0)
(0 0.08216226427 0)
(0.01 0.08216226427 0)
(0 0.08474394035 0)
(0.01 0.08474394035 0)
(0 0.08740610234 0)
(0.01 0.08740610234 0)
(0 0.09015125945 0)
(0.01 0.09015125945 0)
(0 0.09298199911 0)
(0.01 0.09298199911 0)
(0 0.09590098945 0)
(0.01 0.09590098945 0)
(0 0.09891098173 0)
(0.01 0.09891098173 0)
(0 0.102014813 0)
(0.01 0.102014813 0)
(0 0.1052154089 0)
(0.01 0.1052154089 0)
(0 0.1085157859 0)
(0.01 0.1085157859 0)
(0 0.111919055 0)
(0.01 0.111919055 0)
(0 0.1154284238 0)
(0.01 0.1154284238 0)
(0 0.1190472002 0)
(0.01 0.1190472002 0)
(0 0.1227787949 0)
(0.01 0.1227787949 0)
(0 0.1266267251 0)
(0.01 0.1266267251 0)
(0 0.1305946178 0)
(0.01 0.1305946178 0)
(0 0.1346862129 0)
(0.01 0.1346862129 0)
(0 0.1389053668 0)
(0.01 0.1389053668 0)
(0 0.1432560564 0)
(0.01 0.1432560564 0)
(0 0.1477423823 0)
(0.01 0.1477423823 0)
(0 0.1523685732 0)
(0.01 0.1523685732 0)
(0 0.1571389895 0)
(0.01 0.1571389895 0)
(0 0.1620581274 0)
(0.01 0.1620581274 0)
(0 0.1671306236 0)
(0.01 0.1671306236 0)
(0 0.1723612591 0)
(0.01 0.1723612591 0)
(0 0.177754964 0)
(0.01 0.177754964 0)
(0 0.1833168221 0)
(0.01 0.1833168221 0)
(0 0.1890520758 0)
(0.01 0.1890520758 0)
(0 0.1949661308 0)
(0.01 0.1949661308 0)
(0 0.2010645614 0)
(0.01 0.2010645614 0)
(0 0.2073531156 0)
(0.01 0.2073531156 0)
(0 0.2138377208 0)
(0.01 0.2138377208 0)
(0 0.2205244889 0)
(0.01 0.2205244889 0)
(0 0.2274197226 0)
(0.01 0.2274197226 0)
(0 0.234529921 0)
(0.01 0.234529921 0)
(0 0.2418617857 0)
(0.01 0.2418617857 0)
(0 0.2494222274 0)
(0.01 0.2494222274 0)
(0 0.2572183721 0)
(0.01 0.2572183721 0)
(0 0.2652575682 0)
(0.01 0.2652575682 0)
(0 0.2735473929 0)
(0.01 0.2735473929 0)
(0 0.2820956598 0)
(0.01 0.2820956598 0)
(0 0.2909104261 0)
(0.01 0.2909104261 0)
(0 0.3 0)
(0.01 0.3 0)
(0 0 0.01)
(0.01 0 0.01)
(0 2.019905316e-05 0.01)
(0.01 2.019905316e-05 0.01)
(0 4.102782864e-05 0.01)
(0.01 4.102782864e-05 0.01)
(0 6.250595854e-05 0.01)
(0.01 6.250595854e-05 0.01)
(0 8.465368703e-05 0.01)
(0.01 8.465368703e-05 0.01)
(0 0.0001074918894 0.01)
(0.01 0.0001074918894 0.01)
(0 0.0001310420918 0.01)
(0.01 0.0001310420918 0.01)
(0 0.0001553264913 0.01)
(0.01 0.0001553264913 0.01)
(0 0.0001803679772 0.01)
(0.01 0.0001803679772 0.01)
(0 0.0002061901523 0.01)
(0.01 0.0002061901523 0.01)
(0 0.0002328173553 0.01)
(0.01 0.0002328173553 0.01)
(0 0.0002602746834 0.01)
(0.01 0.0002602746834 0.01)
(0 0.0002885880167 0.01)
(0.01 0.0002885880167 0.01)
(0 0.0003177840416 0.01)
(0.01 0.0003177840416 0.01)
(0 0.000347890277 0.01)
(0.01 0.000347890277 0.01)
(0 0.0003789350994 0.01)
(0.01 0.0003789350994 0.01)
(0 0.0004109477699 0.01)
(0.01 0.0004109477699 0.01)
(0 0.0004439584622 0.01)
(0.01 0.0004439584622 0.01)
(0 0.0004779982902 0.01)
(0.01 0.0004779982902 0.01)
(0 0.0005130993383 0.01)
(0.01 0.0005130993383 0.01)
(0 0.0005492946907 0.01)
(0.01 0.0005492946907 0.01)
(0 0.0005866184635 0.01)
(0.01 0.0005866184635 0.01)
(0 0.0006251058359 0.01)
(0.01 0.0006251058359 0.01)
(0 0.0006647930842 0.01)
(0.01 0.0006647930842 0.01)
(0 0.0007057176156 0.01)
(0.01 0.0007057176156 0.01)
(0 0.0007479180033 0.01)
(0.01 0.0007479180033 0.01)
(0 0.0007914340233 0.01)
(0.01 0.0007914340233 0.01)
(0 0.0008363066914 0.01)
(0.01 0.0008363066914 0.01)
(0 0.0008825783023 0.01)
(0.01 0.0008825783023 0.01)
(0 0.0009302924693 0.01)
(0.01 0.0009302924693 0.01)
(0 0.0009794941651 0.01)
(0.01 0.0009794941651 0.01)
(0 0.001030229765 0.01)
(0.01 0.001030229765 0.01)
(0 0.001082547089 0.01)
(0.01 0.001082547089 0.01)
(0 0.00113649545 0.01)
(0.01 0.00113649545 0.01)
(0 0.001192125695 0.01)
(0.01 0.001192125695 0.01)
(0 0.00124949026 0.01)
(0.01 0.00124949026 0.01)
(0 0.001308643213 0.01)
(0.01 0.001308643213 0.01)
(0 0.001369640308 0.01)
(0.01 0.001369640308 0.01)
(0 0.001432539039 0.01)
(0.01 0.001432539039 0.01)
(0 0.00149739869 0.01)
(0.01 0.00149739869 0.01)
(0 0.001564280395 0.01)
(0.01 0.001564280395 0.01)
(0 0.001633247192 0.01)
(0.01 0.001633247192 0.01)
(0 0.001704364087 0.01)
(0.01 0.001704364087 0.01)
(0 0.001777698111 0.01)
(0.01 0.001777698111 0.01)
(0 0.001853318383 0.01)
(0.01 0.001853318383 0.01)
(0 0.001931296181 0.01)
(0.01 0.001931296181 0.01)
(0 0.002011705001 0.01)
(0.01 0.002011705001 0.01)
(0 0.002094620634 0.01)
(0.01 0.002094620634 0.01)
(0 0.00218012123 0.01)
(0.01 0.00218012123 0.01)
(0 0.002268287379 0.01)
(0.01 0.002268287379 0.01)
(0 0.00235920218 0.01)
(0.01 0.00235920218 0.01)
(0 0.002452951327 0.01)
(0.01 0.002452951327 0.01)
(0 0.002549623181 0.01)
(0.01 0.002549623181 0.01)
(0 0.002649308861 0.01)
(0.01 0.002649308861 0.01)
(0 0.002752102325 0.01)
(0.01 0.002752102325 0.01)
(0 0.00285810046 0.01)
(0.01 0.00285810046 0.01)
(0 0.002967403176 0.01)
(0.01 0.002967403176 0.01)
(0 0.003080113495 0.01)
(0.01 0.003080113495 0.01)
(0 0.003196337653 0.01)
(0.01 0.003196337653 0.01)
(0 0.003316185195 0.01)
(0.01 0.003316185195 0.01)
(0 0.003439769084 0.01)
(0.01 0.003439769084 0.01)
(0 0.003567205804 0.01)
(0.01 0.003567205804 0.01)
(0 0.003698615469 0.01)
(0.01 0.003698615469 0.01)
(0 0.003834121941 0.01)
(0.01 0.003834121941 0.01)
(0 0.00397385294 0.01)
(0.01 0.00397385294 0.01)
(0 0.004117940168 0.01)
(0.01 0.004117940168 0.01)
(0 0.004266519437 0.01)
(0.01 0.004266519437 0.01)
(0 0.004419730787 0.01)
(0.01 0.004419730787 0.01)
(0 0.00457771863 0.01)
(0.01 0.00457771863 0.01)
(0 0.004740631875 0.01)
(0.01 0.004740631875 0.01)
(0 0.004908624076 0.01)
(0.01 0.004908624076 0.01)
(0 0.005081853573 0.01)
(0.01 0.005081853573 0.01)
(0 0.005260483645 0.01)
(0.01 0.005260483645 0.01)
(0 0.005444682658 0.01)
(0.01 0.005444682658 0.01)
(0 0.005634624229 0.01)
(0.01 0.005634624229 0.01)
(0 0.005830487386 0.01)
(0.01 0.005830487386 0.01)
(0 0.00603245674 0.01)
(0.01 0.00603245674 0.01)
(0 0.006240722657 0.01)
(0.01 0.006240722657 0.01)
(0 0.006455481438 0.01)
(0.01 0.006455481438 0.01)
(0 0.006676935503 0.01)
(0.01 0.006676935503 0.01)
(0 0.006905293582 0.01)
(0.01 0.006905293582 0.01)
(0 0.007140770915 0.01)
(0.01 0.007140770915 0.01)
(0 0.00738358945 0.01)
(0.01 0.00738358945 0.01)
(0 0.007633978055 0.01)
(0.01 0.007633978055 0.01)
(0 0.007892172734 0.01)
(0.01 0.007892172734 0.01)
(0 0.008158416846 0.01)
(0.01 0.008158416846 0.01)
(0 0.008432961341 0.01)
(0.01 0.008432961341 0.01)
(0 0.008716064989 0.01)
(0.01 0.008716064989 0.01)
(0 0.009007994629 0.01)
(0.01 0.009007994629 0.01)
(0 0.009309025418 0.01)
(0.01 0.009309025418 0.01)
(0 0.009619441094 0.01)
(0.01 0.009619441094 0.01)
(0 0.009939534236 0.01)
(0.01 0.009939534236 0.01)
(0 0.01026960655 0.01)
(0.01 0.01026960655 0.01)
(0 0.01060996914 0.01)
(0.01 0.01060996914 0.01)
(0 0.01096094282 0.01)
(0.01 0.01096094282 0.01)
(0 0.0113228584 0.01)
(0.01 0.0113228584 0.01)
(0 0.01169605699 0.01)
(0.01 0.01169605699 0.01)
(0 0.01208089037 0.01)
(0.01 0.01208089037 0.01)
(0 0.01247772124 0.01)
(0.01 0.01247772124 0.01)
(0 0.01288692365 0.01)
(0.01 0.01288692365 0.01)
(0 0.01330888328 0.01)
(0.01 0.01330888328 0.01)
(0 0.01374399786 0.01)
(0.01 0.01374399786 0.01)
(0 0.01419267749 0.01)
(0.01 0.01419267749 0.01)
(0 0.01465534509 0.01)
(0.01 0.01465534509 0.01)
(0 0.01513243673 0.01)
(0.01 0.01513243673 0.01)
(0 0.01562440211 0.01)
(0.01 0.01562440211 0.01)
(0 0.01613170491 0.01)
(0.01 0.01613170491 0.01)
(0 0.01665482331 0.01)
(0.01 0.01665482331 0.01)
(0 0.01719425035 0.01)
(0.01 0.01719425035 0.01)
(0 0.01775049448 0.01)
(0.01 0.01775049448 0.01)
(0 0.01832407999 0.01)
(0.01 0.01832407999 0.01)
(0 0.0189155475 0.01)
(0.01 0.0189155475 0.01)
(0 0.0195254545 0.01)
(0.01 0.0195254545 0.01)
(0 0.02015437586 0.01)
(0.01 0.02015437586 0.01)
(0 0.02080290437 0.01)
(0.01 0.02080290437 0.01)
(0 0.0214716513 0.01)
(0.01 0.0214716513 0.01)
(0 0.02216124697 0.01)
(0.01 0.02216124697 0.01)
(0 0.02287234136 0.01)
(0.01 0.02287234136 0.01)
(0 0.02360560471 0.01)
(0.01 0.02360560471 0.01)
(0 0.02436172815 0.01)
(0.01 0.02436172815 0.01)
(0 0.02514142437 0.01)
(0.01 0.02514142437 0.01)
(0 0.02594542827 0.01)
(0.01 0.02594542827 0.01)
(0 0.02677449767 0.01)
(0.01 0.02677449767 0.01)
(0 0.02762941399 0.01)
(0.01 0.02762941399 0.01)
(0 0.02851098304 0.01)
(0.01 0.02851098304 0.01)
(0 0.02942003574 0.01)
(0.01 0.02942003574 0.01)
(0 0.03035742891 0.01)
(0.01 0.03035742891 0.01)
(0 0.0313240461 0.01)
(0.01 0.0313240461 0.01)
(0 0.03232079839 0.01)
(0.01 0.03232079839 0.01)
(0 0.03334862525 0.01)
(0.01 0.03334862525 0.01)
(0 0.03440849548 0.01)
(0.01 0.03440849548 0.01)
(0 0.03550140804 0.01)
(0.01 0.03550140804 0.01)
(0 0.03662839307 0.01)
(0.01 0.03662839307 0.01)
(0 0.03779051278 0.01)
(0.01 0.03779051278 0.01)
(0 0.03898886255 0.01)
(0.01 0.03898886255 0.01)
(0 0.04022457188 0.01)
(0.01 0.04022457188 0.01)
(0 0.04149880547 0.01)
(0.01 0.04149880547 0.01)
(0 0.04281276435 0.01)
(0.01 0.04281276435 0.01)
(0 0.044167687 0.01)
(0.01 0.044167687 0.01)
(0 0.04556485048 0.01)
(0.01 0.04556485048 0.01)
(0 0.04700557171 0.01)
(0.01 0.04700557171 0.01)
(0 0.04849120862 0.01)
(0.01 0.04849120862 0.01)
(0 0.05002316149 0.01)
(0.01 0.05002316149 0.01)
(0 0.05160287428 0.01)
(0.01 0.05160287428 0.01)
(0 0.05323183592 0.01)
(0.01 0.05323183592 0.01)
(0 0.05491158181 0.01)
(0.01 0.05491158181 0.01)
(0 0.05664369516 0.01)
(0.01 0.05664369516 0.01)
(0 0.0584298086 0.01)
(0.01 0.0584298086 0.01)
(0 0.06027160561 0.01)
(0.01 0.06027160561 0.01)
(0 0.06217082218 0.01)
(0.01 0.06217082218 0.01)
(0 0.0641292484 0.01)
(0.01 0.0641292484 0.01)
(0 0.0661487302 0.01)
(0.01 0.0661487302 0.01)
(0 0.06823117102 0.01)
(0.01 0.06823117102 0.01)
(0 0.07037853366 0.01)
(0.01 0.07037853366 0.01)
(0 0.07259284213 0.01)
(0.01 0.07259284213 0.01)
(0 0.07487618351 0.01)
(0.01 0.07487618351 0.01)
(0 0.07723070996 0.01)
(0.01 0.07723070996 0.01)
(0 0.07965864073 0.01)
(0.01 0.07965864073 0.01)
(0 0.08216226427 0.01)
(0.01 0.08216226427 0.01)
(0 0.08474394035 0.01)
(0.01 0.08474394035 0.01)
(0 0.08740610234 0.01)
(0.01 0.08740610234 0.01)
(0 0.09015125945 0.01)
(0.01 0.09015125945 0.01)
(0 0.09298199911 0.01)
(0.01 0.09298199911 0.01)
(0 0.09590098945 0.01)
(0.01 0.09590098945 0.01)
(0 0.09891098173 0.01)
(0.01 0.09891098173 0.01)
(0 0.102014813 0.01)
(0.01 0.102014813 0.01)
(0 0.1052154089 0.01)
(0.01 0.1052154089 0.01)
(0 0.1085157859 0.01)
(0.01 0.1085157859 0.01)
(0 0.111919055 0.01)
(0.01 0.111919055 0.01)
(0 0.1154284238 0.01)
(0.01 0.1154284238 0.01)
(0 0.1190472002 0.01)
(0.01 0.1190472002 0.01)
(0 0.1227787949 0.01)
(0.01 0.1227787949 0.01)
(0 0.1266267251 0.01)
(0.01 0.1266267251 0.01)
(0 0.1305946178 0.01)
(0.01 0.1305946178 0.01)
(0 0.1346862129 0.01)
(0.01 0.1346862129 0.01)
(0 0.1389053668 0.01)
(0.01 0.1389053668 0.01)
(0 0.1432560564 0.01)
(0.01 0.1432560564 0.01)
(0 0.1477423823 0.01)
(0.01 0.1477423823 0.01)
(0 0.1523685732 0.01)
(0.01 0.1523685732 0.01)
(0 0.1571389895 0.01)
(0.01 0.1571389895 0.01)
(0 0.1620581274 0.01)
(0.01 0.1620581274 0.01)
(0 0.1671306236 0.01)
(0.01 0.1671306236 0.01)
(0 0.1723612591 0.01)
(0.01 0.1723612591 0.01)
(0 0.177754964 0.01)
(0.01 0.177754964 0.01)
(0 0.1833168221 0.01)
(0.01 0.1833168221 0.01)
(0 0.1890520758 0.01)
(0.01 0.1890520758 0.01)
(0 0.1949661308 0.01)
(0.01 0.1949661308 0.01)
(0 0.2010645614 0.01)
(0.01 0.2010645614 0.01)
(0 0.2073531156 0.01)
(0.01 0.2073531156 0.01)
(0 0.2138377208 0.01)
(0.01 0.2138377208 0.01)
(0 0.2205244889 0.01)
(0.01 0.2205244889 0.01)
(0 0.2274197226 0.01)
(0.01 0.2274197226 0.01)
(0 0.234529921 0.01)
(0.01 0.234529921 0.01)
(0 0.2418617857 0.01)
(0.01 0.2418617857 0.01)
(0 0.2494222274 0.01)
(0.01 0.2494222274 0.01)
(0 0.2572183721 0.01)
(0.01 0.2572183721 0.01)
(0 0.2652575682 0.01)
(0.01 0.2652575682 0.01)
(0 0.2735473929 0.01)
(0.01 0.2735473929 0.01)
(0 0.2820956598 0.01)
(0.01 0.2820956598 0.01)
(0 0.2909104261 0.01)
(0.01 0.2909104261 0.01)
(0 0.3 0.01)
(0.01 0.3 0.01)
)


// ************************************************************************* //
