0 	0 	0 	0 	-0.0120725 	-2.21931e-12 	-2.16985e-26
1.001e-05 	0 	0 	0 	-0.0120725 	-2.19953e-12 	-2.46725e-26
2.002e-05 	0 	0 	0 	-0.0120725 	-2.17975e-12 	-2.76465e-26
3.003e-05 	0 	0 	0 	-0.0120725 	-2.15997e-12 	-3.06205e-26
4.004e-05 	0 	0 	0 	-0.0120725 	-2.14019e-12 	-3.35945e-26
5.00501e-05 	0 	0 	0 	-0.0120725 	-2.12041e-12 	-3.65685e-26
6.00601e-05 	0 	0 	0 	-0.0120725 	-2.10064e-12 	-3.95425e-26
7.00701e-05 	0 	0 	0 	-0.0120725 	-2.08086e-12 	-4.25165e-26
8.00801e-05 	0 	0 	0 	-0.0120725 	-2.06108e-12 	-4.54905e-26
9.00901e-05 	0 	0 	0 	-0.0120725 	-2.0413e-12 	-4.84644e-26
0.0001001 	0 	0 	0 	-0.0120725 	-2.02152e-12 	-5.14384e-26
0.00011011 	0 	0 	0 	-0.0120725 	-2.00174e-12 	-5.44124e-26
0.00012012 	0 	0 	0 	-0.0120725 	-1.98196e-12 	-5.73864e-26
0.00013013 	0 	0 	0 	-0.0120725 	-1.96218e-12 	-6.03604e-26
0.00014014 	0 	0 	0 	-0.0120725 	-1.9424e-12 	-6.33344e-26
0.00015015 	0 	0 	0 	-0.0120725 	-1.92262e-12 	-6.63084e-26
0.00016016 	0 	0 	0 	-0.0120725 	-1.90284e-12 	-6.92824e-26
0.00017017 	0 	0 	0 	-0.0120725 	-1.88306e-12 	-7.22564e-26
0.00018018 	0 	0 	0 	-0.0120725 	-1.86329e-12 	-7.52304e-26
0.00019019 	0 	0 	0 	-0.0120725 	-1.84351e-12 	-7.82044e-26
0.0002002 	0 	0 	0 	-0.0120725 	-1.82373e-12 	-8.11784e-26
0.00021021 	0 	0 	0 	-0.0120725 	-1.80395e-12 	-8.41524e-26
0.00022022 	0 	0 	0 	-0.0120725 	-1.78417e-12 	-8.71264e-26
0.00023023 	0 	0 	0 	-0.0120725 	-1.76439e-12 	-9.01004e-26
0.00024024 	0 	0 	0 	-0.0120725 	-1.74461e-12 	-9.30744e-26
0.00025025 	0 	0 	0 	-0.0120725 	-1.72483e-12 	-9.60483e-26
0.00026026 	0 	0 	0 	-0.0120725 	-1.70505e-12 	-9.90223e-26
0.00027027 	0 	0 	0 	-0.0120725 	-1.68527e-12 	-1.01996e-25
0.00028028 	0 	0 	0 	-0.0120725 	-1.66549e-12 	-1.0497e-25
0.00029029 	0 	0 	0 	-0.0120725 	-1.64571e-12 	-1.07944e-25
0.0003003 	0 	0 	0 	-0.0120725 	-1.62594e-12 	-1.10918e-25
0.00031031 	0 	0 	0 	-0.0120725 	-1.60616e-12 	-1.13892e-25
0.00032032 	0 	0 	0 	-0.0120725 	-1.58638e-12 	-1.16866e-25
0.00033033 	0 	0 	0 	-0.0120725 	-1.5666e-12 	-1.1984e-25
0.00034034 	0 	0 	0 	-0.0120725 	-1.54682e-12 	-1.22814e-25
0.00035035 	0 	0 	0 	-0.0120725 	-1.52704e-12 	-1.25788e-25
0.00036036 	0 	0 	0 	-0.0120725 	-1.50726e-12 	-1.28762e-25
0.00037037 	0 	0 	0 	-0.0120725 	-1.48748e-12 	-1.31736e-25
0.00038038 	0 	0 	0 	-0.0120725 	-1.4677e-12 	-1.3471e-25
0.00039039 	0 	0 	0 	-0.0120725 	-1.44792e-12 	-1.37684e-25
0.0004004 	0 	0 	0 	-0.0120725 	-1.42814e-12 	-1.40658e-25
0.00041041 	0 	0 	0 	-0.0120725 	-1.40836e-12 	-1.43632e-25
0.00042042 	0 	0 	0 	-0.0120725 	-1.38859e-12 	-1.46606e-25
0.00043043 	0 	0 	0 	-0.0120725 	-1.36881e-12 	-1.4958e-25
0.00044044 	0 	0 	0 	-0.0120725 	-1.34903e-12 	-1.52554e-25
0.00045045 	0 	0 	0 	-0.0120725 	-1.32925e-12 	-1.55528e-25
0.00046046 	0 	0 	0 	-0.0120725 	-1.30947e-12 	-1.58502e-25
0.00047047 	0 	0 	0 	-0.0120725 	-1.28969e-12 	-1.61476e-25
0.00048048 	0 	0 	0 	-0.0120725 	-1.26991e-12 	-1.6445e-25
0.00049049 	0 	0 	0 	-0.0120725 	-1.25013e-12 	-1.67424e-25
0.000500501 	0 	0 	0 	-0.0120725 	-1.22993e-12 	-1.70101e-25
0.000510511 	0 	0 	0 	-0.0120725 	-1.20171e-12 	-1.67135e-25
0.000520521 	0 	0 	0 	-0.0120725 	-1.17349e-12 	-1.64169e-25
0.000530531 	0 	0 	0 	-0.0120725 	-1.14528e-12 	-1.61203e-25
0.000540541 	0 	0 	0 	-0.0120725 	-1.11706e-12 	-1.58237e-25
0.000550551 	0 	0 	0 	-0.0120725 	-1.08884e-12 	-1.55271e-25
0.000560561 	0 	0 	0 	-0.0120725 	-1.06062e-12 	-1.52305e-25
0.000570571 	0 	0 	0 	-0.0120725 	-1.03241e-12 	-1.49339e-25
0.000580581 	0 	0 	0 	-0.0120725 	-1.00419e-12 	-1.46373e-25
0.000590591 	0 	0 	0 	-0.0120725 	-9.7597e-13 	-1.43407e-25
0.000600601 	0 	0 	0 	-0.0120725 	-9.47752e-13 	-1.40441e-25
0.000610611 	0 	0 	0 	-0.0120725 	-9.19534e-13 	-1.37475e-25
0.000620621 	0 	0 	0 	-0.0120725 	-8.91317e-13 	-1.34508e-25
0.000630631 	0 	0 	0 	-0.0120725 	-8.63099e-13 	-1.31542e-25
0.000640641 	0 	0 	0 	-0.0120725 	-8.34881e-13 	-1.28576e-25
0.000650651 	0 	0 	0 	-0.0120725 	-8.06663e-13 	-1.2561e-25
0.000660661 	0 	0 	0 	-0.0120725 	-7.78445e-13 	-1.22644e-25
0.000670671 	0 	0 	0 	-0.0120725 	-7.50228e-13 	-1.19678e-25
0.000680681 	0 	0 	0 	-0.0120725 	-7.2201e-13 	-1.16712e-25
0.000690691 	0 	0 	0 	-0.0120725 	-6.93792e-13 	-1.13746e-25
0.000700701 	0 	0 	0 	-0.0120725 	-6.65574e-13 	-1.1078e-25
0.000710711 	0 	0 	0 	-0.0120725 	-6.37356e-13 	-1.07814e-25
0.000720721 	0 	0 	0 	-0.0120725 	-6.09139e-13 	-1.04848e-25
0.000730731 	0 	0 	0 	-0.0120725 	-5.80921e-13 	-1.01882e-25
0.000740741 	0 	0 	0 	-0.0120725 	-5.52703e-13 	-9.89157e-26
0.000750751 	0 	0 	0 	-0.0120725 	-5.24485e-13 	-9.59497e-26
0.000760761 	0 	0 	0 	-0.0120725 	-4.96267e-13 	-9.29836e-26
0.000770771 	0 	0 	0 	-0.0120725 	-4.6805e-13 	-9.00176e-26
0.000780781 	0 	0 	0 	-0.0120725 	-4.39832e-13 	-8.70515e-26
0.000790791 	0 	0 	0 	-0.0120725 	-4.11614e-13 	-8.40854e-26
0.000800801 	0 	0 	0 	-0.0120725 	-3.83396e-13 	-8.11194e-26
0.000810811 	0 	0 	0 	-0.0120725 	-3.55178e-13 	-7.81533e-26
0.000820821 	0 	0 	0 	-0.0120725 	-3.26961e-13 	-7.51873e-26
0.000830831 	0 	0 	0 	-0.0120725 	-2.98743e-13 	-7.22212e-26
0.000840841 	0 	0 	0 	-0.0120725 	-2.70525e-13 	-6.92551e-26
0.000850851 	0 	0 	0 	-0.0120725 	-2.42307e-13 	-6.62891e-26
0.000860861 	0 	0 	0 	-0.0120725 	-2.14089e-13 	-6.3323e-26
0.000870871 	0 	0 	0 	-0.0120725 	-1.85872e-13 	-6.0357e-26
0.000880881 	0 	0 	0 	-0.0120725 	-1.57654e-13 	-5.73909e-26
0.000890891 	0 	0 	0 	-0.0120725 	-1.29436e-13 	-5.44248e-26
0.000900901 	0 	0 	0 	-0.0120725 	-1.01218e-13 	-5.14588e-26
0.000910911 	0 	0 	0 	-0.0120725 	-7.30005e-14 	-4.84927e-26
0.000920921 	0 	0 	0 	-0.0120725 	-4.47827e-14 	-4.55267e-26
0.000930931 	0 	0 	0 	-0.0120725 	-1.65649e-14 	-4.25606e-26
0.000940941 	0 	0 	0 	-0.0120725 	1.16529e-14 	-3.95945e-26
0.000950951 	0 	0 	0 	-0.0120725 	3.98707e-14 	-3.66285e-26
0.000960961 	0 	0 	0 	-0.0120725 	6.80885e-14 	-3.36624e-26
0.000970971 	0 	0 	0 	-0.0120725 	9.63063e-14 	-3.06964e-26
0.000980981 	0 	0 	0 	-0.0120725 	1.24524e-13 	-2.77303e-26
0.000990991 	0 	0 	0 	-0.0120725 	1.52742e-13 	-2.47642e-26
0.001001 	0 	0 	0 	-0.0120725 	1.78495e-13 	-2.20948e-26
0.00101101 	0 	0 	0 	-0.0120725 	1.82069e-13 	-2.20948e-26
0.00102102 	0 	0 	0 	-0.0120725 	1.85642e-13 	-2.20947e-26
0.00103103 	0 	0 	0 	-0.0120725 	1.89215e-13 	-2.20947e-26
0.00104104 	0 	0 	0 	-0.0120725 	1.92788e-13 	-2.20947e-26
0.00105105 	0 	0 	0 	-0.0120725 	1.96362e-13 	-2.20947e-26
0.00106106 	0 	0 	0 	-0.0120725 	1.99935e-13 	-2.20947e-26
0.00107107 	0 	0 	0 	-0.0120725 	2.03508e-13 	-2.20947e-26
0.00108108 	0 	0 	0 	-0.0120725 	2.07082e-13 	-2.20946e-26
0.00109109 	0 	0 	0 	-0.0120725 	2.10655e-13 	-2.20946e-26
0.0011011 	0 	0 	0 	-0.0120725 	2.14228e-13 	-2.20946e-26
0.00111111 	0 	0 	0 	-0.0120725 	2.17801e-13 	-2.20946e-26
0.00112112 	0 	0 	0 	-0.0120725 	2.21375e-13 	-2.20946e-26
0.00113113 	0 	0 	0 	-0.0120725 	2.24948e-13 	-2.20945e-26
0.00114114 	0 	0 	0 	-0.0120725 	2.28521e-13 	-2.20945e-26
0.00115115 	0 	0 	0 	-0.0120725 	2.32095e-13 	-2.20945e-26
0.00116116 	0 	0 	0 	-0.0120725 	2.35668e-13 	-2.20945e-26
0.00117117 	0 	0 	0 	-0.0120725 	2.39241e-13 	-2.20945e-26
0.00118118 	0 	0 	0 	-0.0120725 	2.42814e-13 	-2.20944e-26
0.00119119 	0 	0 	0 	-0.0120725 	2.46388e-13 	-2.20944e-26
0.0012012 	0 	0 	0 	-0.0120725 	2.49961e-13 	-2.20944e-26
0.00121121 	0 	0 	0 	-0.0120725 	2.53534e-13 	-2.20944e-26
0.00122122 	0 	0 	0 	-0.0120725 	2.57108e-13 	-2.20944e-26
0.00123123 	0 	0 	0 	-0.0120725 	2.60681e-13 	-2.20943e-26
0.00124124 	0 	0 	0 	-0.0120725 	2.64254e-13 	-2.20943e-26
0.00125125 	0 	0 	0 	-0.0120725 	2.67827e-13 	-2.20943e-26
0.00126126 	0 	0 	0 	-0.0120725 	2.71401e-13 	-2.20943e-26
0.00127127 	0 	0 	0 	-0.0120725 	2.74974e-13 	-2.20943e-26
0.00128128 	0 	0 	0 	-0.0120725 	2.78547e-13 	-2.20942e-26
0.00129129 	0 	0 	0 	-0.0120725 	2.82121e-13 	-2.20942e-26
0.0013013 	0 	0 	0 	-0.0120725 	2.85694e-13 	-2.20942e-26
0.00131131 	0 	0 	0 	-0.0120725 	2.89267e-13 	-2.20942e-26
0.00132132 	0 	0 	0 	-0.0120725 	2.9284e-13 	-2.20942e-26
0.00133133 	0 	0 	0 	-0.0120725 	2.96414e-13 	-2.20941e-26
0.00134134 	0 	0 	0 	-0.0120725 	2.99987e-13 	-2.20941e-26
0.00135135 	0 	0 	0 	-0.0120725 	3.0356e-13 	-2.20941e-26
0.00136136 	0 	0 	0 	-0.0120725 	3.07134e-13 	-2.20941e-26
0.00137137 	0 	0 	0 	-0.0120725 	3.10707e-13 	-2.20941e-26
0.00138138 	0 	0 	0 	-0.0120725 	3.1428e-13 	-2.2094e-26
0.00139139 	0 	0 	0 	-0.0120725 	3.17853e-13 	-2.2094e-26
0.0014014 	0 	0 	0 	-0.0120725 	3.21427e-13 	-2.2094e-26
0.00141141 	0 	0 	0 	-0.0120725 	3.25e-13 	-2.2094e-26
0.00142142 	0 	0 	0 	-0.0120725 	3.28573e-13 	-2.2094e-26
0.00143143 	0 	0 	0 	-0.0120725 	3.32147e-13 	-2.20939e-26
0.00144144 	0 	0 	0 	-0.0120725 	3.3572e-13 	-2.20939e-26
0.00145145 	0 	0 	0 	-0.0120725 	3.39293e-13 	-2.20939e-26
0.00146146 	0 	0 	0 	-0.0120725 	3.42866e-13 	-2.20939e-26
0.00147147 	0 	0 	0 	-0.0120725 	3.4644e-13 	-2.20939e-26
0.00148148 	0 	0 	0 	-0.0120725 	3.50013e-13 	-2.20938e-26
0.00149149 	0 	0 	0 	-0.0120725 	3.53586e-13 	-2.20938e-26
0.0015015 	0 	0 	0 	-0.0120725 	3.56019e-13 	-2.20275e-26
0.00151151 	0 	0 	0 	-0.0120725 	3.5199e-13 	-2.15851e-26
0.00152152 	0 	0 	0 	-0.0120725 	3.47961e-13 	-2.11428e-26
0.00153153 	0 	0 	0 	-0.0120725 	3.43932e-13 	-2.07005e-26
0.00154154 	0 	0 	0 	-0.0120725 	3.39903e-13 	-2.02582e-26
0.00155155 	0 	0 	0 	-0.0120725 	3.35875e-13 	-1.98159e-26
0.00156156 	0 	0 	0 	-0.0120725 	3.31846e-13 	-1.93735e-26
0.00157157 	0 	0 	0 	-0.0120725 	3.27817e-13 	-1.89312e-26
0.00158158 	0 	0 	0 	-0.0120725 	3.23788e-13 	-1.84889e-26
0.00159159 	0 	0 	0 	-0.0120725 	3.19759e-13 	-1.80466e-26
0.0016016 	0 	0 	0 	-0.0120725 	3.1573e-13 	-1.76043e-26
0.00161161 	0 	0 	0 	-0.0120725 	3.11701e-13 	-1.71619e-26
0.00162162 	0 	0 	0 	-0.0120725 	3.07672e-13 	-1.67196e-26
0.00163163 	0 	0 	0 	-0.0120725 	3.03643e-13 	-1.62773e-26
0.00164164 	0 	0 	0 	-0.0120725 	2.99614e-13 	-1.5835e-26
0.00165165 	0 	0 	0 	-0.0120725 	2.95585e-13 	-1.53927e-26
0.00166166 	0 	0 	0 	-0.0120725 	2.91556e-13 	-1.49504e-26
0.00167167 	0 	0 	0 	-0.0120725 	2.87527e-13 	-1.4508e-26
0.00168168 	0 	0 	0 	-0.0120725 	2.83498e-13 	-1.40657e-26
0.00169169 	0 	0 	0 	-0.0120725 	2.79469e-13 	-1.36234e-26
0.0017017 	0 	0 	0 	-0.0120725 	2.75441e-13 	-1.31811e-26
0.00171171 	0 	0 	0 	-0.0120725 	2.71412e-13 	-1.27388e-26
0.00172172 	0 	0 	0 	-0.0120725 	2.67383e-13 	-1.22964e-26
0.00173173 	0 	0 	0 	-0.0120725 	2.63354e-13 	-1.18541e-26
0.00174174 	0 	0 	0 	-0.0120725 	2.59325e-13 	-1.14118e-26
0.00175175 	0 	0 	0 	-0.0120725 	2.55296e-13 	-1.09695e-26
0.00176176 	0 	0 	0 	-0.0120725 	2.51267e-13 	-1.05272e-26
0.00177177 	0 	0 	0 	-0.0120725 	2.47238e-13 	-1.00849e-26
0.00178178 	0 	0 	0 	-0.0120725 	2.43209e-13 	-9.64254e-27
0.00179179 	0 	0 	0 	-0.0120725 	2.3918e-13 	-9.20022e-27
0.0018018 	0 	0 	0 	-0.0120725 	2.35151e-13 	-8.7579e-27
0.00181181 	0 	0 	0 	-0.0120725 	2.31122e-13 	-8.31558e-27
0.00182182 	0 	0 	0 	-0.0120725 	2.27093e-13 	-7.87326e-27
0.00183183 	0 	0 	0 	-0.0120725 	2.23064e-13 	-7.43094e-27
0.00184184 	0 	0 	0 	-0.0120725 	2.19036e-13 	-6.98862e-27
0.00185185 	0 	0 	0 	-0.0120725 	2.15007e-13 	-6.54631e-27
0.00186186 	0 	0 	0 	-0.0120725 	2.10978e-13 	-6.10399e-27
0.00187187 	0 	0 	0 	-0.0120725 	2.06949e-13 	-5.66167e-27
0.00188188 	0 	0 	0 	-0.0120725 	2.0292e-13 	-5.21935e-27
0.00189189 	0 	0 	0 	-0.0120725 	1.98891e-13 	-4.77703e-27
0.0019019 	0 	0 	0 	-0.0120725 	1.94862e-13 	-4.33471e-27
0.00191191 	0 	0 	0 	-0.0120725 	1.90833e-13 	-3.8924e-27
0.00192192 	0 	0 	0 	-0.0120725 	1.86804e-13 	-3.45008e-27
0.00193193 	0 	0 	0 	-0.0120725 	1.82775e-13 	-3.00776e-27
0.00194194 	0 	0 	0 	-0.0120725 	1.78746e-13 	-2.56544e-27
0.00195195 	0 	0 	0 	-0.0120725 	1.74717e-13 	-2.12312e-27
0.00196196 	0 	0 	0 	-0.0120725 	1.70688e-13 	-1.6808e-27
0.00197197 	0 	0 	0 	-0.0120725 	1.66659e-13 	-1.23849e-27
0.00198198 	0 	0 	0 	-0.0120725 	1.6263e-13 	-7.96167e-28
0.00199199 	0 	0 	0 	-0.0120725 	1.58602e-13 	-3.53849e-28
0.002002 	0 	0 	0 	-0.0120725 	1.54497e-13 	-3.92743e-29
0.00201201 	0 	0 	0 	-0.0120725 	1.50091e-13 	-2.35677e-28
0.00202202 	0 	0 	0 	-0.0120725 	1.45686e-13 	-4.32079e-28
0.00203203 	0 	0 	0 	-0.0120725 	1.4128e-13 	-6.28482e-28
0.00204204 	0 	0 	0 	-0.0120725 	1.36874e-13 	-8.24884e-28
0.00205205 	0 	0 	0 	-0.0120725 	1.32468e-13 	-1.02129e-27
0.00206206 	0 	0 	0 	-0.0120725 	1.28063e-13 	-1.21769e-27
0.00207207 	0 	0 	0 	-0.0120725 	1.23657e-13 	-1.41409e-27
0.00208208 	0 	0 	0 	-0.0120725 	1.19251e-13 	-1.61049e-27
0.00209209 	0 	0 	0 	-0.0120725 	1.14845e-13 	-1.8069e-27
0.0021021 	0 	0 	0 	-0.0120725 	1.10439e-13 	-2.0033e-27
0.00211211 	0 	0 	0 	-0.0120725 	1.06034e-13 	-2.1997e-27
0.00212212 	0 	0 	0 	-0.0120725 	1.01628e-13 	-2.3961e-27
0.00213213 	0 	0 	0 	-0.0120725 	9.72222e-14 	-2.59251e-27
0.00214214 	0 	0 	0 	-0.0120725 	9.28164e-14 	-2.78891e-27
0.00215215 	0 	0 	0 	-0.0120725 	8.84106e-14 	-2.98531e-27
0.00216216 	0 	0 	0 	-0.0120725 	8.40048e-14 	-3.18171e-27
0.00217217 	0 	0 	0 	-0.0120725 	7.95991e-14 	-3.37812e-27
0.00218218 	0 	0 	0 	-0.0120725 	7.51933e-14 	-3.57452e-27
0.00219219 	0 	0 	0 	-0.0120725 	7.07875e-14 	-3.77092e-27
0.0022022 	0 	0 	0 	-0.0120725 	6.63817e-14 	-3.96732e-27
0.00221221 	0 	0 	0 	-0.0120725 	6.1976e-14 	-4.16373e-27
0.00222222 	0 	0 	0 	-0.0120725 	5.75702e-14 	-4.36013e-27
0.00223223 	0 	0 	0 	-0.0120725 	5.31644e-14 	-4.55653e-27
0.00224224 	0 	0 	0 	-0.0120725 	4.87586e-14 	-4.75293e-27
0.00225225 	0 	0 	0 	-0.0120725 	4.43529e-14 	-4.94934e-27
0.00226226 	0 	0 	0 	-0.0120725 	3.99471e-14 	-5.14574e-27
0.00227227 	0 	0 	0 	-0.0120725 	3.55413e-14 	-5.34214e-27
0.00228228 	0 	0 	0 	-0.0120725 	3.11355e-14 	-5.53854e-27
0.00229229 	0 	0 	0 	-0.0120725 	2.67297e-14 	-5.73494e-27
0.0023023 	0 	0 	0 	-0.0120725 	2.2324e-14 	-5.93135e-27
0.00231231 	0 	0 	0 	-0.0120725 	1.79182e-14 	-6.12775e-27
0.00232232 	0 	0 	0 	-0.0120725 	1.35124e-14 	-6.32415e-27
0.00233233 	0 	0 	0 	-0.0120725 	9.10664e-15 	-6.52055e-27
0.00234234 	0 	0 	0 	-0.0120725 	4.70087e-15 	-6.71696e-27
0.00235235 	0 	0 	0 	-0.0120725 	2.95093e-16 	-6.91336e-27
0.00236236 	0 	0 	0 	-0.0120725 	-4.11068e-15 	-7.10976e-27
0.00237237 	0 	0 	0 	-0.0120725 	-8.51646e-15 	-7.30616e-27
0.00238238 	0 	0 	0 	-0.0120725 	-1.29222e-14 	-7.50257e-27
0.00239239 	0 	0 	0 	-0.0120725 	-1.7328e-14 	-7.69897e-27
0.0024024 	0 	0 	0 	-0.0120725 	-2.17338e-14 	-7.89537e-27
0.00241241 	0 	0 	0 	-0.0120725 	-2.61396e-14 	-8.09177e-27
0.00242242 	0 	0 	0 	-0.0120725 	-3.05453e-14 	-8.28818e-27
0.00243243 	0 	0 	0 	-0.0120725 	-3.49511e-14 	-8.48458e-27
0.00244244 	0 	0 	0 	-0.0120725 	-3.93569e-14 	-8.68098e-27
0.00245245 	0 	0 	0 	-0.0120725 	-4.37627e-14 	-8.87738e-27
0.00246246 	0 	0 	0 	-0.0120725 	-4.81684e-14 	-9.07379e-27
0.00247247 	0 	0 	0 	-0.0120725 	-5.25742e-14 	-9.27019e-27
0.00248248 	0 	0 	0 	-0.0120725 	-5.698e-14 	-9.46659e-27
0.00249249 	0 	0 	0 	-0.0120725 	-6.13858e-14 	-9.66299e-27
0.0025025 	0 	0 	0 	-0.0120725 	-6.54056e-14 	-9.9921e-27
0.00251251 	0 	0 	0 	-0.0120725 	-6.82675e-14 	-1.07193e-26
0.00252252 	0 	0 	0 	-0.0120725 	-7.11294e-14 	-1.14465e-26
0.00253253 	0 	0 	0 	-0.0120725 	-7.39912e-14 	-1.21737e-26
0.00254254 	0 	0 	0 	-0.0120725 	-7.68531e-14 	-1.29009e-26
0.00255255 	0 	0 	0 	-0.0120725 	-7.9715e-14 	-1.36281e-26
0.00256256 	0 	0 	0 	-0.0120725 	-8.25769e-14 	-1.43553e-26
0.00257257 	0 	0 	0 	-0.0120725 	-8.54388e-14 	-1.50825e-26
0.00258258 	0 	0 	0 	-0.0120725 	-8.83007e-14 	-1.58097e-26
0.00259259 	0 	0 	0 	-0.0120725 	-9.11626e-14 	-1.65369e-26
0.0026026 	0 	0 	0 	-0.0120725 	-9.40245e-14 	-1.72641e-26
0.00261261 	0 	0 	0 	-0.0120725 	-9.68864e-14 	-1.79913e-26
0.00262262 	0 	0 	0 	-0.0120725 	-9.97483e-14 	-1.87185e-26
0.00263263 	0 	0 	0 	-0.0120725 	-1.0261e-13 	-1.94457e-26
0.00264264 	0 	0 	0 	-0.0120725 	-1.05472e-13 	-2.01729e-26
0.00265265 	0 	0 	0 	-0.0120725 	-1.08334e-13 	-2.09001e-26
0.00266266 	0 	0 	0 	-0.0120725 	-1.11196e-13 	-2.16273e-26
0.00267267 	0 	0 	0 	-0.0120725 	-1.14058e-13 	-2.23546e-26
0.00268268 	0 	0 	0 	-0.0120725 	-1.1692e-13 	-2.30818e-26
0.00269269 	0 	0 	0 	-0.0120725 	-1.19781e-13 	-2.3809e-26
0.0027027 	0 	0 	0 	-0.0120725 	-1.22643e-13 	-2.45362e-26
0.00271271 	0 	0 	0 	-0.0120725 	-1.25505e-13 	-2.52634e-26
0.00272272 	0 	0 	0 	-0.0120725 	-1.28367e-13 	-2.59906e-26
0.00273273 	0 	0 	0 	-0.0120725 	-1.31229e-13 	-2.67178e-26
0.00274274 	0 	0 	0 	-0.0120725 	-1.34091e-13 	-2.7445e-26
0.00275275 	0 	0 	0 	-0.0120725 	-1.36953e-13 	-2.81722e-26
0.00276276 	0 	0 	0 	-0.0120725 	-1.39815e-13 	-2.88994e-26
0.00277277 	0 	0 	0 	-0.0120725 	-1.42677e-13 	-2.96266e-26
0.00278278 	0 	0 	0 	-0.0120725 	-1.45538e-13 	-3.03538e-26
0.00279279 	0 	0 	0 	-0.0120725 	-1.484e-13 	-3.1081e-26
0.0028028 	0 	0 	0 	-0.0120725 	-1.51262e-13 	-3.18082e-26
0.00281281 	0 	0 	0 	-0.0120725 	-1.54124e-13 	-3.25354e-26
0.00282282 	0 	0 	0 	-0.0120725 	-1.56986e-13 	-3.32626e-26
0.00283283 	0 	0 	0 	-0.0120725 	-1.59848e-13 	-3.39898e-26
0.00284284 	0 	0 	0 	-0.0120725 	-1.6271e-13 	-3.4717e-26
0.00285285 	0 	0 	0 	-0.0120725 	-1.65572e-13 	-3.54442e-26
0.00286286 	0 	0 	0 	-0.0120725 	-1.68434e-13 	-3.61714e-26
0.00287287 	0 	0 	0 	-0.0120725 	-1.71295e-13 	-3.68986e-26
0.00288288 	0 	0 	0 	-0.0120725 	-1.74157e-13 	-3.76258e-26
0.00289289 	0 	0 	0 	-0.0120725 	-1.77019e-13 	-3.8353e-26
0.0029029 	0 	0 	0 	-0.0120725 	-1.79881e-13 	-3.90802e-26
0.00291291 	0 	0 	0 	-0.0120725 	-1.82743e-13 	-3.98074e-26
0.00292292 	0 	0 	0 	-0.0120725 	-1.85605e-13 	-4.05346e-26
0.00293293 	0 	0 	0 	-0.0120725 	-1.88467e-13 	-4.12618e-26
0.00294294 	0 	0 	0 	-0.0120725 	-1.91329e-13 	-4.1989e-26
0.00295295 	0 	0 	0 	-0.0120725 	-1.94191e-13 	-4.27162e-26
0.00296296 	0 	0 	0 	-0.0120725 	-1.97053e-13 	-4.34434e-26
0.00297297 	0 	0 	0 	-0.0120725 	-1.99914e-13 	-4.41707e-26
0.00298298 	0 	0 	0 	-0.0120725 	-2.02776e-13 	-4.48979e-26
0.00299299 	0 	0 	0 	-0.0120725 	-2.05638e-13 	-4.56251e-26
0.003003 	0 	0 	0 	-0.0120725 	-2.076e-13 	-4.60752e-26
0.00301301 	0 	0 	0 	-0.0120725 	-2.0746e-13 	-4.58788e-26
0.00302302 	0 	0 	0 	-0.0120725 	-2.0732e-13 	-4.56824e-26
0.00303303 	0 	0 	0 	-0.0120725 	-2.0718e-13 	-4.5486e-26
0.00304304 	0 	0 	0 	-0.0120725 	-2.07041e-13 	-4.52896e-26
0.00305305 	0 	0 	0 	-0.0120725 	-2.06901e-13 	-4.50932e-26
0.00306306 	0 	0 	0 	-0.0120725 	-2.06761e-13 	-4.48968e-26
0.00307307 	0 	0 	0 	-0.0120725 	-2.06622e-13 	-4.47004e-26
0.00308308 	0 	0 	0 	-0.0120725 	-2.06482e-13 	-4.4504e-26
0.00309309 	0 	0 	0 	-0.0120725 	-2.06342e-13 	-4.43076e-26
0.0031031 	0 	0 	0 	-0.0120725 	-2.06202e-13 	-4.41112e-26
0.00311311 	0 	0 	0 	-0.0120725 	-2.06063e-13 	-4.39148e-26
0.00312312 	0 	0 	0 	-0.0120725 	-2.05923e-13 	-4.37184e-26
0.00313313 	0 	0 	0 	-0.0120725 	-2.05783e-13 	-4.3522e-26
0.00314314 	0 	0 	0 	-0.0120725 	-2.05644e-13 	-4.33255e-26
0.00315315 	0 	0 	0 	-0.0120725 	-2.05504e-13 	-4.31291e-26
0.00316316 	0 	0 	0 	-0.0120725 	-2.05364e-13 	-4.29327e-26
0.00317317 	0 	0 	0 	-0.0120725 	-2.05224e-13 	-4.27363e-26
0.00318318 	0 	0 	0 	-0.0120725 	-2.05085e-13 	-4.25399e-26
0.00319319 	0 	0 	0 	-0.0120725 	-2.04945e-13 	-4.23435e-26
0.0032032 	0 	0 	0 	-0.0120725 	-2.04805e-13 	-4.21471e-26
0.00321321 	0 	0 	0 	-0.0120725 	-2.04665e-13 	-4.19507e-26
0.00322322 	0 	0 	0 	-0.0120725 	-2.04526e-13 	-4.17543e-26
0.00323323 	0 	0 	0 	-0.0120725 	-2.04386e-13 	-4.15579e-26
0.00324324 	0 	0 	0 	-0.0120725 	-2.04246e-13 	-4.13615e-26
0.00325325 	0 	0 	0 	-0.0120725 	-2.04107e-13 	-4.11651e-26
0.00326326 	0 	0 	0 	-0.0120725 	-2.03967e-13 	-4.09687e-26
0.00327327 	0 	0 	0 	-0.0120725 	-2.03827e-13 	-4.07723e-26
0.00328328 	0 	0 	0 	-0.0120725 	-2.03687e-13 	-4.05759e-26
0.00329329 	0 	0 	0 	-0.0120725 	-2.03548e-13 	-4.03795e-26
0.0033033 	0 	0 	0 	-0.0120725 	-2.03408e-13 	-4.01831e-26
0.00331331 	0 	0 	0 	-0.0120725 	-2.03268e-13 	-3.99867e-26
0.00332332 	0 	0 	0 	-0.0120725 	-2.03129e-13 	-3.97903e-26
0.00333333 	0 	0 	0 	-0.0120725 	-2.02989e-13 	-3.95939e-26
0.00334334 	0 	0 	0 	-0.0120725 	-2.02849e-13 	-3.93975e-26
0.00335335 	0 	0 	0 	-0.0120725 	-2.02709e-13 	-3.92011e-26
0.00336336 	0 	0 	0 	-0.0120725 	-2.0257e-13 	-3.90047e-26
0.00337337 	0 	0 	0 	-0.0120725 	-2.0243e-13 	-3.88083e-26
0.00338338 	0 	0 	0 	-0.0120725 	-2.0229e-13 	-3.86119e-26
0.00339339 	0 	0 	0 	-0.0120725 	-2.02151e-13 	-3.84155e-26
0.0034034 	0 	0 	0 	-0.0120725 	-2.02011e-13 	-3.82191e-26
0.00341341 	0 	0 	0 	-0.0120725 	-2.01871e-13 	-3.80227e-26
0.00342342 	0 	0 	0 	-0.0120725 	-2.01731e-13 	-3.78263e-26
0.00343343 	0 	0 	0 	-0.0120725 	-2.01592e-13 	-3.76299e-26
0.00344344 	0 	0 	0 	-0.0120725 	-2.01452e-13 	-3.74335e-26
0.00345345 	0 	0 	0 	-0.0120725 	-2.01312e-13 	-3.72371e-26
0.00346346 	0 	0 	0 	-0.0120725 	-2.01172e-13 	-3.70407e-26
0.00347347 	0 	0 	0 	-0.0120725 	-2.01033e-13 	-3.68443e-26
0.00348348 	0 	0 	0 	-0.0120725 	-2.00893e-13 	-3.66479e-26
0.00349349 	0 	0 	0 	-0.0120725 	-2.00753e-13 	-3.64515e-26
0.0035035 	0 	0 	0 	-0.0120725 	-1.99306e-13 	-3.60693e-26
0.00351351 	0 	0 	0 	-0.0120725 	-1.9543e-13 	-3.53421e-26
0.00352352 	0 	0 	0 	-0.0120725 	-1.91554e-13 	-3.46149e-26
0.00353353 	0 	0 	0 	-0.0120725 	-1.87678e-13 	-3.38877e-26
0.00354354 	0 	0 	0 	-0.0120725 	-1.83802e-13 	-3.31605e-26
0.00355355 	0 	0 	0 	-0.0120725 	-1.79926e-13 	-3.24333e-26
0.00356356 	0 	0 	0 	-0.0120725 	-1.76049e-13 	-3.17061e-26
0.00357357 	0 	0 	0 	-0.0120725 	-1.72173e-13 	-3.09789e-26
0.00358358 	0 	0 	0 	-0.0120725 	-1.68297e-13 	-3.02517e-26
0.00359359 	0 	0 	0 	-0.0120725 	-1.64421e-13 	-2.95245e-26
0.0036036 	0 	0 	0 	-0.0120725 	-1.60545e-13 	-2.87973e-26
0.00361361 	0 	0 	0 	-0.0120725 	-1.56669e-13 	-2.80701e-26
0.00362362 	0 	0 	0 	-0.0120725 	-1.52793e-13 	-2.73428e-26
0.00363363 	0 	0 	0 	-0.0120725 	-1.48917e-13 	-2.66156e-26
0.00364364 	0 	0 	0 	-0.0120725 	-1.45041e-13 	-2.58884e-26
0.00365365 	0 	0 	0 	-0.0120725 	-1.41165e-13 	-2.51612e-26
0.00366366 	0 	0 	0 	-0.0120725 	-1.37289e-13 	-2.4434e-26
0.00367367 	0 	0 	0 	-0.0120725 	-1.33413e-13 	-2.37068e-26
0.00368368 	0 	0 	0 	-0.0120725 	-1.29537e-13 	-2.29796e-26
0.00369369 	0 	0 	0 	-0.0120725 	-1.25661e-13 	-2.22524e-26
0.0037037 	0 	0 	0 	-0.0120725 	-1.21785e-13 	-2.15252e-26
0.00371371 	0 	0 	0 	-0.0120725 	-1.17908e-13 	-2.0798e-26
0.00372372 	0 	0 	0 	-0.0120725 	-1.14032e-13 	-2.00708e-26
0.00373373 	0 	0 	0 	-0.0120725 	-1.10156e-13 	-1.93436e-26
0.00374374 	0 	0 	0 	-0.0120725 	-1.0628e-13 	-1.86164e-26
0.00375375 	0 	0 	0 	-0.0120725 	-1.02404e-13 	-1.78892e-26
0.00376376 	0 	0 	0 	-0.0120725 	-9.85282e-14 	-1.7162e-26
0.00377377 	0 	0 	0 	-0.0120725 	-9.46521e-14 	-1.64348e-26
0.00378378 	0 	0 	0 	-0.0120725 	-9.0776e-14 	-1.57076e-26
0.00379379 	0 	0 	0 	-0.0120725 	-8.69e-14 	-1.49804e-26
0.0038038 	0 	0 	0 	-0.0120725 	-8.30239e-14 	-1.42532e-26
0.00381381 	0 	0 	0 	-0.0120725 	-7.91478e-14 	-1.3526e-26
0.00382382 	0 	0 	0 	-0.0120725 	-7.52718e-14 	-1.27988e-26
0.00383383 	0 	0 	0 	-0.0120725 	-7.13957e-14 	-1.20716e-26
0.00384384 	0 	0 	0 	-0.0120725 	-6.75196e-14 	-1.13444e-26
0.00385385 	0 	0 	0 	-0.0120725 	-6.36436e-14 	-1.06172e-26
0.00386386 	0 	0 	0 	-0.0120725 	-5.97675e-14 	-9.88997e-27
0.00387387 	0 	0 	0 	-0.0120725 	-5.58914e-14 	-9.16277e-27
0.00388388 	0 	0 	0 	-0.0120725 	-5.20154e-14 	-8.43557e-27
0.00389389 	0 	0 	0 	-0.0120725 	-4.81393e-14 	-7.70836e-27
0.0039039 	0 	0 	0 	-0.0120725 	-4.42632e-14 	-6.98116e-27
0.00391391 	0 	0 	0 	-0.0120725 	-4.03872e-14 	-6.25396e-27
0.00392392 	0 	0 	0 	-0.0120725 	-3.65111e-14 	-5.52675e-27
0.00393393 	0 	0 	0 	-0.0120725 	-3.2635e-14 	-4.79955e-27
0.00394394 	0 	0 	0 	-0.0120725 	-2.8759e-14 	-4.07235e-27
0.00395395 	0 	0 	0 	-0.0120725 	-2.48829e-14 	-3.34514e-27
0.00396396 	0 	0 	0 	-0.0120725 	-2.10068e-14 	-2.61794e-27
0.00397397 	0 	0 	0 	-0.0120725 	-1.71308e-14 	-1.89074e-27
0.00398398 	0 	0 	0 	-0.0120725 	-1.32547e-14 	-1.16353e-27
0.00399399 	0 	0 	0 	-0.0120725 	-9.37864e-15 	-4.36331e-28
0.004004 	0 	0 	0 	-0.0120725 	-4.21322e-15 	-3.44851e-28
0.00401401 	0 	0 	0 	-0.0120725 	2.88623e-15 	-1.20695e-27
0.00402402 	0 	0 	0 	-0.0120725 	9.98568e-15 	-2.06906e-27
0.00403403 	0 	0 	0 	-0.0120725 	1.70851e-14 	-2.93116e-27
0.00404404 	0 	0 	0 	-0.0120725 	2.41846e-14 	-3.79327e-27
0.00405405 	0 	0 	0 	-0.0120725 	3.1284e-14 	-4.65537e-27
0.00406406 	0 	0 	0 	-0.0120725 	3.83835e-14 	-5.51747e-27
0.00407407 	0 	0 	0 	-0.0120725 	4.54829e-14 	-6.37958e-27
0.00408408 	0 	0 	0 	-0.0120725 	5.25824e-14 	-7.24168e-27
0.00409409 	0 	0 	0 	-0.0120725 	5.96818e-14 	-8.10379e-27
0.0041041 	0 	0 	0 	-0.0120725 	6.67813e-14 	-8.96589e-27
0.00411411 	0 	0 	0 	-0.0120725 	7.38807e-14 	-9.82799e-27
0.00412412 	0 	0 	0 	-0.0120725 	8.09802e-14 	-1.06901e-26
0.00413413 	0 	0 	0 	-0.0120725 	8.80796e-14 	-1.15522e-26
0.00414414 	0 	0 	0 	-0.0120725 	9.51791e-14 	-1.24143e-26
0.00415415 	0 	0 	0 	-0.0120725 	1.02279e-13 	-1.32764e-26
0.00416416 	0 	0 	0 	-0.0120725 	1.09378e-13 	-1.41385e-26
0.00417417 	0 	0 	0 	-0.0120725 	1.16477e-13 	-1.50006e-26
0.00418418 	0 	0 	0 	-0.0120725 	1.23577e-13 	-1.58627e-26
0.00419419 	0 	0 	0 	-0.0120725 	1.30676e-13 	-1.67248e-26
0.0042042 	0 	0 	0 	-0.0120725 	1.37776e-13 	-1.75869e-26
0.00421421 	0 	0 	0 	-0.0120725 	1.44875e-13 	-1.8449e-26
0.00422422 	0 	0 	0 	-0.0120725 	1.51975e-13 	-1.93111e-26
0.00423423 	0 	0 	0 	-0.0120725 	1.59074e-13 	-2.01732e-26
0.00424424 	0 	0 	0 	-0.0120725 	1.66174e-13 	-2.10353e-26
0.00425425 	0 	0 	0 	-0.0120725 	1.73273e-13 	-2.18974e-26
0.00426426 	0 	0 	0 	-0.0120725 	1.80372e-13 	-2.27596e-26
0.00427427 	0 	0 	0 	-0.0120725 	1.87472e-13 	-2.36217e-26
0.00428428 	0 	0 	0 	-0.0120725 	1.94571e-13 	-2.44838e-26
0.00429429 	0 	0 	0 	-0.0120725 	2.01671e-13 	-2.53459e-26
0.0043043 	0 	0 	0 	-0.0120725 	2.0877e-13 	-2.6208e-26
0.00431431 	0 	0 	0 	-0.0120725 	2.1587e-13 	-2.70701e-26
0.00432432 	0 	0 	0 	-0.0120725 	2.22969e-13 	-2.79322e-26
0.00433433 	0 	0 	0 	-0.0120725 	2.30069e-13 	-2.87943e-26
0.00434434 	0 	0 	0 	-0.0120725 	2.37168e-13 	-2.96564e-26
0.00435435 	0 	0 	0 	-0.0120725 	2.44268e-13 	-3.05185e-26
0.00436436 	0 	0 	0 	-0.0120725 	2.51367e-13 	-3.13806e-26
0.00437437 	0 	0 	0 	-0.0120725 	2.58466e-13 	-3.22427e-26
0.00438438 	0 	0 	0 	-0.0120725 	2.65566e-13 	-3.31048e-26
0.00439439 	0 	0 	0 	-0.0120725 	2.72665e-13 	-3.39669e-26
0.0044044 	0 	0 	0 	-0.0120725 	2.79765e-13 	-3.4829e-26
0.00441441 	0 	0 	0 	-0.0120725 	2.86864e-13 	-3.56911e-26
0.00442442 	0 	0 	0 	-0.0120725 	2.93964e-13 	-3.65532e-26
0.00443443 	0 	0 	0 	-0.0120725 	3.01063e-13 	-3.74153e-26
0.00444444 	0 	0 	0 	-0.0120725 	3.08163e-13 	-3.82774e-26
0.00445445 	0 	0 	0 	-0.0120725 	3.15262e-13 	-3.91395e-26
0.00446446 	0 	0 	0 	-0.0120725 	3.22361e-13 	-4.00016e-26
0.00447447 	0 	0 	0 	-0.0120725 	3.29461e-13 	-4.08637e-26
0.00448448 	0 	0 	0 	-0.0120725 	3.3656e-13 	-4.17258e-26
0.00449449 	0 	0 	0 	-0.0120725 	3.4366e-13 	-4.25879e-26
0.0045045 	0 	0 	0 	-0.0120725 	3.51426e-13 	-4.30621e-26
0.00451451 	0 	0 	0 	-0.0120725 	3.60008e-13 	-4.30621e-26
0.00452452 	0 	0 	0 	-0.0120725 	3.68589e-13 	-4.30621e-26
0.00453453 	0 	0 	0 	-0.0120725 	3.77171e-13 	-4.30621e-26
0.00454454 	0 	0 	0 	-0.0120725 	3.85753e-13 	-4.30621e-26
0.00455455 	0 	0 	0 	-0.0120725 	3.94334e-13 	-4.30621e-26
0.00456456 	0 	0 	0 	-0.0120725 	4.02916e-13 	-4.30621e-26
0.00457457 	0 	0 	0 	-0.0120725 	4.11497e-13 	-4.30621e-26
0.00458458 	0 	0 	0 	-0.0120725 	4.20079e-13 	-4.30621e-26
0.00459459 	0 	0 	0 	-0.0120725 	4.28661e-13 	-4.30621e-26
0.0046046 	0 	0 	0 	-0.0120725 	4.37242e-13 	-4.30621e-26
0.00461461 	0 	0 	0 	-0.0120725 	4.45824e-13 	-4.30621e-26
0.00462462 	0 	0 	0 	-0.0120725 	4.54405e-13 	-4.30621e-26
0.00463463 	0 	0 	0 	-0.0120725 	4.62987e-13 	-4.30621e-26
0.00464464 	0 	0 	0 	-0.0120725 	4.71568e-13 	-4.30621e-26
0.00465465 	0 	0 	0 	-0.0120725 	4.8015e-13 	-4.30621e-26
0.00466466 	0 	0 	0 	-0.0120725 	4.88732e-13 	-4.30621e-26
0.00467467 	0 	0 	0 	-0.0120725 	4.97313e-13 	-4.30621e-26
0.00468468 	0 	0 	0 	-0.0120725 	5.05895e-13 	-4.30621e-26
0.00469469 	0 	0 	0 	-0.0120725 	5.14476e-13 	-4.30621e-26
0.0047047 	0 	0 	0 	-0.0120725 	5.23058e-13 	-4.30621e-26
0.00471471 	0 	0 	0 	-0.0120725 	5.3164e-13 	-4.30621e-26
0.00472472 	0 	0 	0 	-0.0120725 	5.40221e-13 	-4.30621e-26
0.00473473 	0 	0 	0 	-0.0120725 	5.48803e-13 	-4.30621e-26
0.00474474 	0 	0 	0 	-0.0120725 	5.57384e-13 	-4.30621e-26
0.00475475 	0 	0 	0 	-0.0120725 	5.65966e-13 	-4.30621e-26
0.00476476 	0 	0 	0 	-0.0120725 	5.74548e-13 	-4.30621e-26
0.00477477 	0 	0 	0 	-0.0120725 	5.83129e-13 	-4.30621e-26
0.00478478 	0 	0 	0 	-0.0120725 	5.91711e-13 	-4.30621e-26
0.00479479 	0 	0 	0 	-0.0120725 	6.00292e-13 	-4.30621e-26
0.0048048 	0 	0 	0 	-0.0120725 	6.08874e-13 	-4.30621e-26
0.00481481 	0 	0 	0 	-0.0120725 	6.17456e-13 	-4.30621e-26
0.00482482 	0 	0 	0 	-0.0120725 	6.26037e-13 	-4.30621e-26
0.00483483 	0 	0 	0 	-0.0120725 	6.34619e-13 	-4.30621e-26
0.00484484 	0 	0 	0 	-0.0120725 	6.432e-13 	-4.30621e-26
0.00485485 	0 	0 	0 	-0.0120725 	6.51782e-13 	-4.30621e-26
0.00486486 	0 	0 	0 	-0.0120725 	6.60364e-13 	-4.30621e-26
0.00487487 	0 	0 	0 	-0.0120725 	6.68945e-13 	-4.30621e-26
0.00488488 	0 	0 	0 	-0.0120725 	6.77527e-13 	-4.30621e-26
0.00489489 	0 	0 	0 	-0.0120725 	6.86108e-13 	-4.30621e-26
0.0049049 	0 	0 	0 	-0.0120725 	6.9469e-13 	-4.30621e-26
0.00491491 	0 	0 	0 	-0.0120725 	7.03271e-13 	-4.30621e-26
0.00492492 	0 	0 	0 	-0.0120725 	7.11853e-13 	-4.30621e-26
0.00493493 	0 	0 	0 	-0.0120725 	7.20435e-13 	-4.30621e-26
0.00494494 	0 	0 	0 	-0.0120725 	7.29016e-13 	-4.30621e-26
0.00495495 	0 	0 	0 	-0.0120725 	7.37598e-13 	-4.30621e-26
0.00496496 	0 	0 	0 	-0.0120725 	7.46179e-13 	-4.30621e-26
0.00497497 	0 	0 	0 	-0.0120725 	7.54761e-13 	-4.30621e-26
0.00498498 	0 	0 	0 	-0.0120725 	7.63343e-13 	-4.30621e-26
0.00499499 	0 	0 	0 	-0.0120725 	7.71924e-13 	-4.30621e-26
0.00500501 	0 	0 	0 	-0.0120725 	7.80219e-13 	-4.06512e-26
0.00501502 	0 	0 	0 	-0.0120725 	7.88228e-13 	-3.58293e-26
0.00502503 	0 	0 	0 	-0.0120725 	7.96236e-13 	-3.10074e-26
0.00503504 	0 	0 	0 	-0.0120725 	8.04245e-13 	-2.61855e-26
0.00504505 	0 	0 	0 	-0.0120725 	8.12253e-13 	-2.13636e-26
0.00505506 	0 	0 	0 	-0.0120725 	8.20262e-13 	-1.65417e-26
0.00506507 	0 	0 	0 	-0.0120725 	8.2827e-13 	-1.17198e-26
0.00507508 	0 	0 	0 	-0.0120725 	8.36278e-13 	-6.8979e-27
0.00508509 	0 	0 	0 	-0.0120725 	8.44287e-13 	-2.076e-27
0.0050951 	0 	0 	0 	-0.0120725 	8.52295e-13 	2.74589e-27
0.00510511 	0 	0 	0 	-0.0120725 	8.60304e-13 	7.56778e-27
0.00511512 	0 	0 	0 	-0.0120725 	8.68312e-13 	1.23897e-26
0.00512513 	0 	0 	0 	-0.0120725 	8.76321e-13 	1.72116e-26
0.00513514 	0 	0 	0 	-0.0120725 	8.84329e-13 	2.20335e-26
0.00514515 	0 	0 	0 	-0.0120725 	8.92338e-13 	2.68554e-26
0.00515516 	0 	0 	0 	-0.0120725 	9.00346e-13 	3.16773e-26
0.00516517 	0 	0 	0 	-0.0120725 	9.08355e-13 	3.64991e-26
0.00517518 	0 	0 	0 	-0.0120725 	9.16363e-13 	4.1321e-26
0.00518519 	0 	0 	0 	-0.0120725 	9.24371e-13 	4.61429e-26
0.0051952 	0 	0 	0 	-0.0120725 	9.3238e-13 	5.09648e-26
0.00520521 	0 	0 	0 	-0.0120725 	9.40388e-13 	5.57867e-26
0.00521522 	0 	0 	0 	-0.0120725 	9.48397e-13 	6.06086e-26
0.00522523 	0 	0 	0 	-0.0120725 	9.56405e-13 	6.54305e-26
0.00523524 	0 	0 	0 	-0.0120725 	9.64414e-13 	7.02524e-26
0.00524525 	0 	0 	0 	-0.0120725 	9.72422e-13 	7.50743e-26
0.00525526 	0 	0 	0 	-0.0120725 	9.80431e-13 	7.98962e-26
0.00526527 	0 	0 	0 	-0.0120725 	9.88439e-13 	8.47181e-26
0.00527528 	0 	0 	0 	-0.0120725 	9.96448e-13 	8.954e-26
0.00528529 	0 	0 	0 	-0.0120725 	1.00446e-12 	9.43619e-26
0.0052953 	0 	0 	0 	-0.0120725 	1.01246e-12 	9.91838e-26
0.00530531 	0 	0 	0 	-0.0120725 	1.02047e-12 	1.04006e-25
0.00531532 	0 	0 	0 	-0.0120725 	1.02848e-12 	1.08828e-25
0.00532533 	0 	0 	0 	-0.0120725 	1.03649e-12 	1.13649e-25
0.00533534 	0 	0 	0 	-0.0120725 	1.0445e-12 	1.18471e-25
0.00534535 	0 	0 	0 	-0.0120725 	1.05251e-12 	1.23293e-25
0.00535536 	0 	0 	0 	-0.0120725 	1.06052e-12 	1.28115e-25
0.00536537 	0 	0 	0 	-0.0120725 	1.06852e-12 	1.32937e-25
0.00537538 	0 	0 	0 	-0.0120725 	1.07653e-12 	1.37759e-25
0.00538539 	0 	0 	0 	-0.0120725 	1.08454e-12 	1.42581e-25
0.0053954 	0 	0 	0 	-0.0120725 	1.09255e-12 	1.47403e-25
0.00540541 	0 	0 	0 	-0.0120725 	1.10056e-12 	1.52225e-25
0.00541542 	0 	0 	0 	-0.0120725 	1.10857e-12 	1.57046e-25
0.00542543 	0 	0 	0 	-0.0120725 	1.11657e-12 	1.61868e-25
0.00543544 	0 	0 	0 	-0.0120725 	1.12458e-12 	1.6669e-25
0.00544545 	0 	0 	0 	-0.0120725 	1.13259e-12 	1.71512e-25
0.00545546 	0 	0 	0 	-0.0120725 	1.1406e-12 	1.76334e-25
0.00546547 	0 	0 	0 	-0.0120725 	1.14861e-12 	1.81156e-25
0.00547548 	0 	0 	0 	-0.0120725 	1.15662e-12 	1.85978e-25
0.00548549 	0 	0 	0 	-0.0120725 	1.16463e-12 	1.908e-25
0.0054955 	0 	0 	0 	-0.0120725 	1.17263e-12 	1.95622e-25
0.00550551 	0 	0 	0 	-0.0120725 	1.17853e-12 	1.97791e-25
0.00551552 	0 	0 	0 	-0.0120725 	1.18269e-12 	1.97791e-25
0.00552553 	0 	0 	0 	-0.0120725 	1.18686e-12 	1.97791e-25
0.00553554 	0 	0 	0 	-0.0120725 	1.19102e-12 	1.97791e-25
0.00554555 	0 	0 	0 	-0.0120725 	1.19519e-12 	1.97791e-25
0.00555556 	0 	0 	0 	-0.0120725 	1.19935e-12 	1.97791e-25
0.00556557 	0 	0 	0 	-0.0120725 	1.20351e-12 	1.97791e-25
0.00557558 	0 	0 	0 	-0.0120725 	1.20768e-12 	1.97791e-25
0.00558559 	0 	0 	0 	-0.0120725 	1.21184e-12 	1.97791e-25
0.0055956 	0 	0 	0 	-0.0120725 	1.21601e-12 	1.97791e-25
0.00560561 	0 	0 	0 	-0.0120725 	1.22017e-12 	1.97791e-25
0.00561562 	0 	0 	0 	-0.0120725 	1.22434e-12 	1.97791e-25
0.00562563 	0 	0 	0 	-0.0120725 	1.2285e-12 	1.97791e-25
0.00563564 	0 	0 	0 	-0.0120725 	1.23267e-12 	1.97791e-25
0.00564565 	0 	0 	0 	-0.0120725 	1.23683e-12 	1.97791e-25
0.00565566 	0 	0 	0 	-0.0120725 	1.24099e-12 	1.97791e-25
0.00566567 	0 	0 	0 	-0.0120725 	1.24516e-12 	1.97791e-25
0.00567568 	0 	0 	0 	-0.0120725 	1.24932e-12 	1.97791e-25
0.00568569 	0 	0 	0 	-0.0120725 	1.25349e-12 	1.97791e-25
0.0056957 	0 	0 	0 	-0.0120725 	1.25765e-12 	1.97791e-25
0.00570571 	0 	0 	0 	-0.0120725 	1.26182e-12 	1.97791e-25
0.00571572 	0 	0 	0 	-0.0120725 	1.26598e-12 	1.97791e-25
0.00572573 	0 	0 	0 	-0.0120725 	1.27015e-12 	1.97791e-25
0.00573574 	0 	0 	0 	-0.0120725 	1.27431e-12 	1.97791e-25
0.00574575 	0 	0 	0 	-0.0120725 	1.27847e-12 	1.97791e-25
0.00575576 	0 	0 	0 	-0.0120725 	1.28264e-12 	1.97791e-25
0.00576577 	0 	0 	0 	-0.0120725 	1.2868e-12 	1.97791e-25
0.00577578 	0 	0 	0 	-0.0120725 	1.29097e-12 	1.97791e-25
0.00578579 	0 	0 	0 	-0.0120725 	1.29513e-12 	1.97791e-25
0.0057958 	0 	0 	0 	-0.0120725 	1.2993e-12 	1.97791e-25
0.00580581 	0 	0 	0 	-0.0120725 	1.30346e-12 	1.97791e-25
0.00581582 	0 	0 	0 	-0.0120725 	1.30762e-12 	1.97791e-25
0.00582583 	0 	0 	0 	-0.0120725 	1.31179e-12 	1.97791e-25
0.00583584 	0 	0 	0 	-0.0120725 	1.31595e-12 	1.97791e-25
0.00584585 	0 	0 	0 	-0.0120725 	1.32012e-12 	1.97791e-25
0.00585586 	0 	0 	0 	-0.0120725 	1.32428e-12 	1.97791e-25
0.00586587 	0 	0 	0 	-0.0120725 	1.32845e-12 	1.97791e-25
0.00587588 	0 	0 	0 	-0.0120725 	1.33261e-12 	1.97791e-25
0.00588589 	0 	0 	0 	-0.0120725 	1.33678e-12 	1.97791e-25
0.0058959 	0 	0 	0 	-0.0120725 	1.34094e-12 	1.97791e-25
0.00590591 	0 	0 	0 	-0.0120725 	1.3451e-12 	1.97791e-25
0.00591592 	0 	0 	0 	-0.0120725 	1.34927e-12 	1.97791e-25
0.00592593 	0 	0 	0 	-0.0120725 	1.35343e-12 	1.97791e-25
0.00593594 	0 	0 	0 	-0.0120725 	1.3576e-12 	1.97791e-25
0.00594595 	0 	0 	0 	-0.0120725 	1.36176e-12 	1.97791e-25
0.00595596 	0 	0 	0 	-0.0120725 	1.36593e-12 	1.97791e-25
0.00596597 	0 	0 	0 	-0.0120725 	1.37009e-12 	1.97791e-25
0.00597598 	0 	0 	0 	-0.0120725 	1.37426e-12 	1.97791e-25
0.00598599 	0 	0 	0 	-0.0120725 	1.37842e-12 	1.97791e-25
0.005996 	0 	0 	0 	-0.0120725 	1.38258e-12 	1.97791e-25
0.00600601 	0 	0 	0 	-0.0120725 	1.38249e-12 	1.95416e-25
0.00601602 	0 	0 	0 	-0.0120725 	1.37957e-12 	1.91456e-25
0.00602603 	0 	0 	0 	-0.0120725 	1.37664e-12 	1.87496e-25
0.00603604 	0 	0 	0 	-0.0120725 	1.37371e-12 	1.83536e-25
0.00604605 	0 	0 	0 	-0.0120725 	1.37079e-12 	1.79576e-25
0.00605606 	0 	0 	0 	-0.0120725 	1.36786e-12 	1.75617e-25
0.00606607 	0 	0 	0 	-0.0120725 	1.36493e-12 	1.71657e-25
0.00607608 	0 	0 	0 	-0.0120725 	1.36201e-12 	1.67697e-25
0.00608609 	0 	0 	0 	-0.0120725 	1.35908e-12 	1.63737e-25
0.0060961 	0 	0 	0 	-0.0120725 	1.35615e-12 	1.59778e-25
0.00610611 	0 	0 	0 	-0.0120725 	1.35323e-12 	1.55818e-25
0.00611612 	0 	0 	0 	-0.0120725 	1.3503e-12 	1.51858e-25
0.00612613 	0 	0 	0 	-0.0120725 	1.34737e-12 	1.47898e-25
0.00613614 	0 	0 	0 	-0.0120725 	1.34445e-12 	1.43938e-25
0.00614615 	0 	0 	0 	-0.0120725 	1.34152e-12 	1.39979e-25
0.00615616 	0 	0 	0 	-0.0120725 	1.33859e-12 	1.36019e-25
0.00616617 	0 	0 	0 	-0.0120725 	1.33567e-12 	1.32059e-25
0.00617618 	0 	0 	0 	-0.0120725 	1.33274e-12 	1.28099e-25
0.00618619 	0 	0 	0 	-0.0120725 	1.32981e-12 	1.24139e-25
0.0061962 	0 	0 	0 	-0.0120725 	1.32689e-12 	1.2018e-25
0.00620621 	0 	0 	0 	-0.0120725 	1.32396e-12 	1.1622e-25
0.00621622 	0 	0 	0 	-0.0120725 	1.32103e-12 	1.1226e-25
0.00622623 	0 	0 	0 	-0.0120725 	1.31811e-12 	1.083e-25
0.00623624 	0 	0 	0 	-0.0120725 	1.31518e-12 	1.0434e-25
0.00624625 	0 	0 	0 	-0.0120725 	1.31225e-12 	1.00381e-25
0.00625626 	0 	0 	0 	-0.0120725 	1.30933e-12 	9.64209e-26
0.00626627 	0 	0 	0 	-0.0120725 	1.3064e-12 	9.24611e-26
0.00627628 	0 	0 	0 	-0.0120725 	1.30347e-12 	8.85013e-26
0.00628629 	0 	0 	0 	-0.0120725 	1.30055e-12 	8.45415e-26
0.0062963 	0 	0 	0 	-0.0120725 	1.29762e-12 	8.05817e-26
0.00630631 	0 	0 	0 	-0.0120725 	1.29469e-12 	7.66219e-26
0.00631632 	0 	0 	0 	-0.0120725 	1.29177e-12 	7.26621e-26
0.00632633 	0 	0 	0 	-0.0120725 	1.28884e-12 	6.87024e-26
0.00633634 	0 	0 	0 	-0.0120725 	1.28591e-12 	6.47426e-26
0.00634635 	0 	0 	0 	-0.0120725 	1.28299e-12 	6.07828e-26
0.00635636 	0 	0 	0 	-0.0120725 	1.28006e-12 	5.6823e-26
0.00636637 	0 	0 	0 	-0.0120725 	1.27713e-12 	5.28632e-26
0.00637638 	0 	0 	0 	-0.0120725 	1.27421e-12 	4.89034e-26
0.00638639 	0 	0 	0 	-0.0120725 	1.27128e-12 	4.49436e-26
0.0063964 	0 	0 	0 	-0.0120725 	1.26835e-12 	4.09838e-26
0.00640641 	0 	0 	0 	-0.0120725 	1.26542e-12 	3.7024e-26
0.00641642 	0 	0 	0 	-0.0120725 	1.2625e-12 	3.30642e-26
0.00642643 	0 	0 	0 	-0.0120725 	1.25957e-12 	2.91045e-26
0.00643644 	0 	0 	0 	-0.0120725 	1.25664e-12 	2.51447e-26
0.00644645 	0 	0 	0 	-0.0120725 	1.25372e-12 	2.11849e-26
0.00645646 	0 	0 	0 	-0.0120725 	1.25079e-12 	1.72251e-26
0.00646647 	0 	0 	0 	-0.0120725 	1.24786e-12 	1.32653e-26
0.00647648 	0 	0 	0 	-0.0120725 	1.24494e-12 	9.30551e-27
0.00648649 	0 	0 	0 	-0.0120725 	1.24201e-12 	5.34572e-27
0.0064965 	0 	0 	0 	-0.0120725 	1.23908e-12 	1.38593e-27
0.00650651 	0 	0 	0 	-0.0120725 	1.23185e-12 	2.62217e-28
0.00651652 	0 	0 	0 	-0.0120725 	1.2223e-12 	6.65629e-28
0.00652653 	0 	0 	0 	-0.0120725 	1.21274e-12 	1.06904e-27
0.00653654 	0 	0 	0 	-0.0120725 	1.20319e-12 	1.47245e-27
0.00654655 	0 	0 	0 	-0.0120725 	1.19363e-12 	1.87586e-27
0.00655656 	0 	0 	0 	-0.0120725 	1.18408e-12 	2.27927e-27
0.00656657 	0 	0 	0 	-0.0120725 	1.17453e-12 	2.68269e-27
0.00657658 	0 	0 	0 	-0.0120725 	1.16497e-12 	3.0861e-27
0.00658659 	0 	0 	0 	-0.0120725 	1.15542e-12 	3.48951e-27
0.0065966 	0 	0 	0 	-0.0120725 	1.14586e-12 	3.89292e-27
0.00660661 	0 	0 	0 	-0.0120725 	1.13631e-12 	4.29633e-27
0.00661662 	0 	0 	0 	-0.0120725 	1.12676e-12 	4.69974e-27
0.00662663 	0 	0 	0 	-0.0120725 	1.1172e-12 	5.10315e-27
0.00663664 	0 	0 	0 	-0.0120725 	1.10765e-12 	5.50657e-27
0.00664665 	0 	0 	0 	-0.0120725 	1.09809e-12 	5.90998e-27
0.00665666 	0 	0 	0 	-0.0120725 	1.08854e-12 	6.31339e-27
0.00666667 	0 	0 	0 	-0.0120725 	1.07899e-12 	6.7168e-27
0.00667668 	0 	0 	0 	-0.0120725 	1.06943e-12 	7.12021e-27
0.00668669 	0 	0 	0 	-0.0120725 	1.05988e-12 	7.52362e-27
0.0066967 	0 	0 	0 	-0.0120725 	1.05032e-12 	7.92703e-27
0.00670671 	0 	0 	0 	-0.0120725 	1.04077e-12 	8.33045e-27
0.00671672 	0 	0 	0 	-0.0120725 	1.03122e-12 	8.73386e-27
0.00672673 	0 	0 	0 	-0.0120725 	1.02166e-12 	9.13727e-27
0.00673674 	0 	0 	0 	-0.0120725 	1.01211e-12 	9.54068e-27
0.00674675 	0 	0 	0 	-0.0120725 	1.00255e-12 	9.94409e-27
0.00675676 	0 	0 	0 	-0.0120725 	9.93001e-13 	1.03475e-26
0.00676677 	0 	0 	0 	-0.0120725 	9.83447e-13 	1.07509e-26
0.00677678 	0 	0 	0 	-0.0120725 	9.73893e-13 	1.11543e-26
0.00678679 	0 	0 	0 	-0.0120725 	9.64339e-13 	1.15577e-26
0.0067968 	0 	0 	0 	-0.0120725 	9.54785e-13 	1.19611e-26
0.00680681 	0 	0 	0 	-0.0120725 	9.45231e-13 	1.23646e-26
0.00681682 	0 	0 	0 	-0.0120725 	9.35677e-13 	1.2768e-26
0.00682683 	0 	0 	0 	-0.0120725 	9.26123e-13 	1.31714e-26
0.00683684 	0 	0 	0 	-0.0120725 	9.16569e-13 	1.35748e-26
0.00684685 	0 	0 	0 	-0.0120725 	9.07015e-13 	1.39782e-26
0.00685686 	0 	0 	0 	-0.0120725 	8.97461e-13 	1.43816e-26
0.00686687 	0 	0 	0 	-0.0120725 	8.87907e-13 	1.4785e-26
0.00687688 	0 	0 	0 	-0.0120725 	8.78353e-13 	1.51884e-26
0.00688689 	0 	0 	0 	-0.0120725 	8.68799e-13 	1.55919e-26
0.0068969 	0 	0 	0 	-0.0120725 	8.59245e-13 	1.59953e-26
0.00690691 	0 	0 	0 	-0.0120725 	8.49691e-13 	1.63987e-26
0.00691692 	0 	0 	0 	-0.0120725 	8.40137e-13 	1.68021e-26
0.00692693 	0 	0 	0 	-0.0120725 	8.30583e-13 	1.72055e-26
0.00693694 	0 	0 	0 	-0.0120725 	8.21029e-13 	1.76089e-26
0.00694695 	0 	0 	0 	-0.0120725 	8.11475e-13 	1.80123e-26
0.00695696 	0 	0 	0 	-0.0120725 	8.01921e-13 	1.84157e-26
0.00696697 	0 	0 	0 	-0.0120725 	7.92367e-13 	1.88191e-26
0.00697698 	0 	0 	0 	-0.0120725 	7.82813e-13 	1.92226e-26
0.00698699 	0 	0 	0 	-0.0120725 	7.73259e-13 	1.9626e-26
0.006997 	0 	0 	0 	-0.0120725 	7.63705e-13 	2.00294e-26
0.00700701 	0 	0 	0 	-0.0120725 	7.52498e-13 	2.01504e-26
0.00701702 	0 	0 	0 	-0.0120725 	7.40582e-13 	2.01504e-26
0.00702703 	0 	0 	0 	-0.0120725 	7.28666e-13 	2.01504e-26
0.00703704 	0 	0 	0 	-0.0120725 	7.16749e-13 	2.01504e-26
0.00704705 	0 	0 	0 	-0.0120725 	7.04833e-13 	2.01504e-26
0.00705706 	0 	0 	0 	-0.0120725 	6.92917e-13 	2.01504e-26
0.00706707 	0 	0 	0 	-0.0120725 	6.81001e-13 	2.01504e-26
0.00707708 	0 	0 	0 	-0.0120725 	6.69085e-13 	2.01504e-26
0.00708709 	0 	0 	0 	-0.0120725 	6.57169e-13 	2.01504e-26
0.0070971 	0 	0 	0 	-0.0120725 	6.45253e-13 	2.01504e-26
0.00710711 	0 	0 	0 	-0.0120725 	6.33337e-13 	2.01504e-26
0.00711712 	0 	0 	0 	-0.0120725 	6.21421e-13 	2.01504e-26
0.00712713 	0 	0 	0 	-0.0120725 	6.09505e-13 	2.01504e-26
0.00713714 	0 	0 	0 	-0.0120725 	5.97588e-13 	2.01504e-26
0.00714715 	0 	0 	0 	-0.0120725 	5.85672e-13 	2.01504e-26
0.00715716 	0 	0 	0 	-0.0120725 	5.73756e-13 	2.01504e-26
0.00716717 	0 	0 	0 	-0.0120725 	5.6184e-13 	2.01504e-26
0.00717718 	0 	0 	0 	-0.0120725 	5.49924e-13 	2.01504e-26
0.00718719 	0 	0 	0 	-0.0120725 	5.38008e-13 	2.01504e-26
0.0071972 	0 	0 	0 	-0.0120725 	5.26092e-13 	2.01504e-26
0.00720721 	0 	0 	0 	-0.0120725 	5.14176e-13 	2.01504e-26
0.00721722 	0 	0 	0 	-0.0120725 	5.0226e-13 	2.01504e-26
0.00722723 	0 	0 	0 	-0.0120725 	4.90344e-13 	2.01504e-26
0.00723724 	0 	0 	0 	-0.0120725 	4.78428e-13 	2.01504e-26
0.00724725 	0 	0 	0 	-0.0120725 	4.66511e-13 	2.01504e-26
0.00725726 	0 	0 	0 	-0.0120725 	4.54595e-13 	2.01504e-26
0.00726727 	0 	0 	0 	-0.0120725 	4.42679e-13 	2.01504e-26
0.00727728 	0 	0 	0 	-0.0120725 	4.30763e-13 	2.01504e-26
0.00728729 	0 	0 	0 	-0.0120725 	4.18847e-13 	2.01504e-26
0.0072973 	0 	0 	0 	-0.0120725 	4.06931e-13 	2.01504e-26
0.00730731 	0 	0 	0 	-0.0120725 	3.95015e-13 	2.01504e-26
0.00731732 	0 	0 	0 	-0.0120725 	3.83099e-13 	2.01504e-26
0.00732733 	0 	0 	0 	-0.0120725 	3.71183e-13 	2.01504e-26
0.00733734 	0 	0 	0 	-0.0120725 	3.59267e-13 	2.01504e-26
0.00734735 	0 	0 	0 	-0.0120725 	3.4735e-13 	2.01504e-26
0.00735736 	0 	0 	0 	-0.0120725 	3.35434e-13 	2.01504e-26
0.00736737 	0 	0 	0 	-0.0120725 	3.23518e-13 	2.01504e-26
0.00737738 	0 	0 	0 	-0.0120725 	3.11602e-13 	2.01504e-26
0.00738739 	0 	0 	0 	-0.0120725 	2.99686e-13 	2.01504e-26
0.0073974 	0 	0 	0 	-0.0120725 	2.8777e-13 	2.01504e-26
0.00740741 	0 	0 	0 	-0.0120725 	2.75854e-13 	2.01504e-26
0.00741742 	0 	0 	0 	-0.0120725 	2.63938e-13 	2.01504e-26
0.00742743 	0 	0 	0 	-0.0120725 	2.52022e-13 	2.01504e-26
0.00743744 	0 	0 	0 	-0.0120725 	2.40106e-13 	2.01504e-26
0.00744745 	0 	0 	0 	-0.0120725 	2.2819e-13 	2.01504e-26
0.00745746 	0 	0 	0 	-0.0120725 	2.16273e-13 	2.01504e-26
0.00746747 	0 	0 	0 	-0.0120725 	2.04357e-13 	2.01504e-26
0.00747748 	0 	0 	0 	-0.0120725 	1.92441e-13 	2.01504e-26
0.00748749 	0 	0 	0 	-0.0120725 	1.80525e-13 	2.01504e-26
0.0074975 	0 	0 	0 	-0.0120725 	1.68609e-13 	2.01504e-26
0.00750751 	0 	0 	0 	-0.0120725 	1.58679e-13 	2.03799e-26
0.00751752 	0 	0 	0 	-0.0120725 	1.4941e-13 	2.06859e-26
0.00752753 	0 	0 	0 	-0.0120725 	1.40141e-13 	2.09919e-26
0.00753754 	0 	0 	0 	-0.0120725 	1.30873e-13 	2.12978e-26
0.00754755 	0 	0 	0 	-0.0120725 	1.21604e-13 	2.16038e-26
0.00755756 	0 	0 	0 	-0.0120725 	1.12335e-13 	2.19098e-26
0.00756757 	0 	0 	0 	-0.0120725 	1.03067e-13 	2.22158e-26
0.00757758 	0 	0 	0 	-0.0120725 	9.37982e-14 	2.25218e-26
0.00758759 	0 	0 	0 	-0.0120725 	8.45296e-14 	2.28278e-26
0.0075976 	0 	0 	0 	-0.0120725 	7.5261e-14 	2.31338e-26
0.00760761 	0 	0 	0 	-0.0120725 	6.59923e-14 	2.34398e-26
0.00761762 	0 	0 	0 	-0.0120725 	5.67237e-14 	2.37458e-26
0.00762763 	0 	0 	0 	-0.0120725 	4.74551e-14 	2.40518e-26
0.00763764 	0 	0 	0 	-0.0120725 	3.81865e-14 	2.43578e-26
0.00764765 	0 	0 	0 	-0.0120725 	2.89179e-14 	2.46637e-26
0.00765766 	0 	0 	0 	-0.0120725 	1.96493e-14 	2.49697e-26
0.00766767 	0 	0 	0 	-0.0120725 	1.03806e-14 	2.52757e-26
0.00767768 	0 	0 	0 	-0.0120725 	1.11202e-15 	2.55817e-26
0.00768769 	0 	0 	0 	-0.0120725 	-8.1566e-15 	2.58877e-26
0.0076977 	0 	0 	0 	-0.0120725 	-1.74252e-14 	2.61937e-26
0.00770771 	0 	0 	0 	-0.0120725 	-2.66938e-14 	2.64997e-26
0.00771772 	0 	0 	0 	-0.0120725 	-3.59625e-14 	2.68057e-26
0.00772773 	0 	0 	0 	-0.0120725 	-4.52311e-14 	2.71117e-26
0.00773774 	0 	0 	0 	-0.0120725 	-5.44997e-14 	2.74177e-26
0.00774775 	0 	0 	0 	-0.0120725 	-6.37683e-14 	2.77237e-26
0.00775776 	0 	0 	0 	-0.0120725 	-7.30369e-14 	2.80296e-26
0.00776777 	0 	0 	0 	-0.0120725 	-8.23055e-14 	2.83356e-26
0.00777778 	0 	0 	0 	-0.0120725 	-9.15742e-14 	2.86416e-26
0.00778779 	0 	0 	0 	-0.0120725 	-1.00843e-13 	2.89476e-26
0.0077978 	0 	0 	0 	-0.0120725 	-1.10111e-13 	2.92536e-26
0.00780781 	0 	0 	0 	-0.0120725 	-1.1938e-13 	2.95596e-26
0.00781782 	0 	0 	0 	-0.0120725 	-1.28649e-13 	2.98656e-26
0.00782783 	0 	0 	0 	-0.0120725 	-1.37917e-13 	3.01716e-26
0.00783784 	0 	0 	0 	-0.0120725 	-1.47186e-13 	3.04776e-26
0.00784785 	0 	0 	0 	-0.0120725 	-1.56454e-13 	3.07836e-26
0.00785786 	0 	0 	0 	-0.0120725 	-1.65723e-13 	3.10896e-26
0.00786787 	0 	0 	0 	-0.0120725 	-1.74992e-13 	3.13955e-26
0.00787788 	0 	0 	0 	-0.0120725 	-1.8426e-13 	3.17015e-26
0.00788789 	0 	0 	0 	-0.0120725 	-1.93529e-13 	3.20075e-26
0.0078979 	0 	0 	0 	-0.0120725 	-2.02798e-13 	3.23135e-26
0.00790791 	0 	0 	0 	-0.0120725 	-2.12066e-13 	3.26195e-26
0.00791792 	0 	0 	0 	-0.0120725 	-2.21335e-13 	3.29255e-26
0.00792793 	0 	0 	0 	-0.0120725 	-2.30603e-13 	3.32315e-26
0.00793794 	0 	0 	0 	-0.0120725 	-2.39872e-13 	3.35375e-26
0.00794795 	0 	0 	0 	-0.0120725 	-2.49141e-13 	3.38435e-26
0.00795796 	0 	0 	0 	-0.0120725 	-2.58409e-13 	3.41495e-26
0.00796797 	0 	0 	0 	-0.0120725 	-2.67678e-13 	3.44555e-26
0.00797798 	0 	0 	0 	-0.0120725 	-2.76947e-13 	3.47614e-26
0.00798799 	0 	0 	0 	-0.0120725 	-2.86215e-13 	3.50674e-26
0.007998 	0 	0 	0 	-0.0120725 	-2.95484e-13 	3.53734e-26
0.00800801 	0 	0 	0 	-0.0120725 	-3.01532e-13 	3.69486e-26
0.00801802 	0 	0 	0 	-0.0120725 	-3.06776e-13 	3.8841e-26
0.00802803 	0 	0 	0 	-0.0120725 	-3.1202e-13 	4.07334e-26
0.00803804 	0 	0 	0 	-0.0120725 	-3.17264e-13 	4.26259e-26
0.00804805 	0 	0 	0 	-0.0120725 	-3.22507e-13 	4.45183e-26
0.00805806 	0 	0 	0 	-0.0120725 	-3.27751e-13 	4.64107e-26
0.00806807 	0 	0 	0 	-0.0120725 	-3.32995e-13 	4.83032e-26
0.00807808 	0 	0 	0 	-0.0120725 	-3.38239e-13 	5.01956e-26
0.00808809 	0 	0 	0 	-0.0120725 	-3.43482e-13 	5.2088e-26
0.0080981 	0 	0 	0 	-0.0120725 	-3.48726e-13 	5.39805e-26
0.00810811 	0 	0 	0 	-0.0120725 	-3.5397e-13 	5.58729e-26
0.00811812 	0 	0 	0 	-0.0120725 	-3.59214e-13 	5.77653e-26
0.00812813 	0 	0 	0 	-0.0120725 	-3.64457e-13 	5.96578e-26
0.00813814 	0 	0 	0 	-0.0120725 	-3.69701e-13 	6.15502e-26
0.00814815 	0 	0 	0 	-0.0120725 	-3.74945e-13 	6.34426e-26
0.00815816 	0 	0 	0 	-0.0120725 	-3.80188e-13 	6.53351e-26
0.00816817 	0 	0 	0 	-0.0120725 	-3.85432e-13 	6.72275e-26
0.00817818 	0 	0 	0 	-0.0120725 	-3.90676e-13 	6.91199e-26
0.00818819 	0 	0 	0 	-0.0120725 	-3.9592e-13 	7.10124e-26
0.0081982 	0 	0 	0 	-0.0120725 	-4.01163e-13 	7.29048e-26
0.00820821 	0 	0 	0 	-0.0120725 	-4.06407e-13 	7.47972e-26
0.00821822 	0 	0 	0 	-0.0120725 	-4.11651e-13 	7.66897e-26
0.00822823 	0 	0 	0 	-0.0120725 	-4.16895e-13 	7.85821e-26
0.00823824 	0 	0 	0 	-0.0120725 	-4.22138e-13 	8.04745e-26
0.00824825 	0 	0 	0 	-0.0120725 	-4.27382e-13 	8.2367e-26
0.00825826 	0 	0 	0 	-0.0120725 	-4.32626e-13 	8.42594e-26
0.00826827 	0 	0 	0 	-0.0120725 	-4.3787e-13 	8.61518e-26
0.00827828 	0 	0 	0 	-0.0120725 	-4.43113e-13 	8.80443e-26
0.00828829 	0 	0 	0 	-0.0120725 	-4.48357e-13 	8.99367e-26
0.0082983 	0 	0 	0 	-0.0120725 	-4.53601e-13 	9.18291e-26
0.00830831 	0 	0 	0 	-0.0120725 	-4.58844e-13 	9.37216e-26
0.00831832 	0 	0 	0 	-0.0120725 	-4.64088e-13 	9.5614e-26
0.00832833 	0 	0 	0 	-0.0120725 	-4.69332e-13 	9.75064e-26
0.00833834 	0 	0 	0 	-0.0120725 	-4.74576e-13 	9.93989e-26
0.00834835 	0 	0 	0 	-0.0120725 	-4.79819e-13 	1.01291e-25
0.00835836 	0 	0 	0 	-0.0120725 	-4.85063e-13 	1.03184e-25
0.00836837 	0 	0 	0 	-0.0120725 	-4.90307e-13 	1.05076e-25
0.00837838 	0 	0 	0 	-0.0120725 	-4.95551e-13 	1.06969e-25
0.00838839 	0 	0 	0 	-0.0120725 	-5.00794e-13 	1.08861e-25
0.0083984 	0 	0 	0 	-0.0120725 	-5.06038e-13 	1.10753e-25
0.00840841 	0 	0 	0 	-0.0120725 	-5.11282e-13 	1.12646e-25
0.00841842 	0 	0 	0 	-0.0120725 	-5.16526e-13 	1.14538e-25
0.00842843 	0 	0 	0 	-0.0120725 	-5.21769e-13 	1.16431e-25
0.00843844 	0 	0 	0 	-0.0120725 	-5.27013e-13 	1.18323e-25
0.00844845 	0 	0 	0 	-0.0120725 	-5.32257e-13 	1.20216e-25
0.00845846 	0 	0 	0 	-0.0120725 	-5.37501e-13 	1.22108e-25
0.00846847 	0 	0 	0 	-0.0120725 	-5.42744e-13 	1.24e-25
0.00847848 	0 	0 	0 	-0.0120725 	-5.47988e-13 	1.25893e-25
0.00848849 	0 	0 	0 	-0.0120725 	-5.53232e-13 	1.27785e-25
0.0084985 	0 	0 	0 	-0.0120725 	-5.58475e-13 	1.29678e-25
0.00850851 	0 	0 	0 	-0.0120725 	-5.58661e-13 	1.29359e-25
0.00851852 	0 	0 	0 	-0.0120725 	-5.57955e-13 	1.28649e-25
0.00852853 	0 	0 	0 	-0.0120725 	-5.57248e-13 	1.2794e-25
0.00853854 	0 	0 	0 	-0.0120725 	-5.56542e-13 	1.2723e-25
0.00854855 	0 	0 	0 	-0.0120725 	-5.55835e-13 	1.26521e-25
0.00855856 	0 	0 	0 	-0.0120725 	-5.55129e-13 	1.25812e-25
0.00856857 	0 	0 	0 	-0.0120725 	-5.54422e-13 	1.25102e-25
0.00857858 	0 	0 	0 	-0.0120725 	-5.53716e-13 	1.24393e-25
0.00858859 	0 	0 	0 	-0.0120725 	-5.5301e-13 	1.23683e-25
0.0085986 	0 	0 	0 	-0.0120725 	-5.52303e-13 	1.22974e-25
0.00860861 	0 	0 	0 	-0.0120725 	-5.51597e-13 	1.22265e-25
0.00861862 	0 	0 	0 	-0.0120725 	-5.5089e-13 	1.21555e-25
0.00862863 	0 	0 	0 	-0.0120725 	-5.50184e-13 	1.20846e-25
0.00863864 	0 	0 	0 	-0.0120725 	-5.49477e-13 	1.20136e-25
0.00864865 	0 	0 	0 	-0.0120725 	-5.48771e-13 	1.19427e-25
0.00865866 	0 	0 	0 	-0.0120725 	-5.48064e-13 	1.18718e-25
0.00866867 	0 	0 	0 	-0.0120725 	-5.47358e-13 	1.18008e-25
0.00867868 	0 	0 	0 	-0.0120725 	-5.46651e-13 	1.17299e-25
0.00868869 	0 	0 	0 	-0.0120725 	-5.45945e-13 	1.16589e-25
0.0086987 	0 	0 	0 	-0.0120725 	-5.45238e-13 	1.1588e-25
0.00870871 	0 	0 	0 	-0.0120725 	-5.44532e-13 	1.15171e-25
0.00871872 	0 	0 	0 	-0.0120725 	-5.43825e-13 	1.14461e-25
0.00872873 	0 	0 	0 	-0.0120725 	-5.43119e-13 	1.13752e-25
0.00873874 	0 	0 	0 	-0.0120725 	-5.42412e-13 	1.13042e-25
0.00874875 	0 	0 	0 	-0.0120725 	-5.41706e-13 	1.12333e-25
0.00875876 	0 	0 	0 	-0.0120725 	-5.40999e-13 	1.11624e-25
0.00876877 	0 	0 	0 	-0.0120725 	-5.40293e-13 	1.10914e-25
0.00877878 	0 	0 	0 	-0.0120725 	-5.39586e-13 	1.10205e-25
0.00878879 	0 	0 	0 	-0.0120725 	-5.3888e-13 	1.09495e-25
0.0087988 	0 	0 	0 	-0.0120725 	-5.38173e-13 	1.08786e-25
0.00880881 	0 	0 	0 	-0.0120725 	-5.37467e-13 	1.08077e-25
0.00881882 	0 	0 	0 	-0.0120725 	-5.3676e-13 	1.07367e-25
0.00882883 	0 	0 	0 	-0.0120725 	-5.36054e-13 	1.06658e-25
0.00883884 	0 	0 	0 	-0.0120725 	-5.35347e-13 	1.05948e-25
0.00884885 	0 	0 	0 	-0.0120725 	-5.34641e-13 	1.05239e-25
0.00885886 	0 	0 	0 	-0.0120725 	-5.33934e-13 	1.0453e-25
0.00886887 	0 	0 	0 	-0.0120725 	-5.33228e-13 	1.0382e-25
0.00887888 	0 	0 	0 	-0.0120725 	-5.32521e-13 	1.03111e-25
0.00888889 	0 	0 	0 	-0.0120725 	-5.31815e-13 	1.02401e-25
0.0088989 	0 	0 	0 	-0.0120725 	-5.31108e-13 	1.01692e-25
0.00890891 	0 	0 	0 	-0.0120725 	-5.30402e-13 	1.00983e-25
0.00891892 	0 	0 	0 	-0.0120725 	-5.29695e-13 	1.00273e-25
0.00892893 	0 	0 	0 	-0.0120725 	-5.28989e-13 	9.95638e-26
0.00893894 	0 	0 	0 	-0.0120725 	-5.28282e-13 	9.88544e-26
0.00894895 	0 	0 	0 	-0.0120725 	-5.27576e-13 	9.8145e-26
0.00895896 	0 	0 	0 	-0.0120725 	-5.26869e-13 	9.74355e-26
0.00896897 	0 	0 	0 	-0.0120725 	-5.26163e-13 	9.67261e-26
0.00897898 	0 	0 	0 	-0.0120725 	-5.25456e-13 	9.60167e-26
0.00898899 	0 	0 	0 	-0.0120725 	-5.2475e-13 	9.53073e-26
0.008999 	0 	0 	0 	-0.0120725 	-5.24043e-13 	9.45979e-26
0.00900901 	0 	0 	0 	-0.0120725 	-5.36669e-13 	9.55004e-26
0.00901902 	0 	0 	0 	-0.0120725 	-5.50777e-13 	9.65819e-26
0.00902903 	0 	0 	0 	-0.0120725 	-5.64885e-13 	9.76635e-26
0.00903904 	0 	0 	0 	-0.0120725 	-5.78993e-13 	9.8745e-26
0.00904905 	0 	0 	0 	-0.0120725 	-5.931e-13 	9.98266e-26
0.00905906 	0 	0 	0 	-0.0120725 	-6.07208e-13 	1.00908e-25
0.00906907 	0 	0 	0 	-0.0120725 	-6.21316e-13 	1.0199e-25
0.00907908 	0 	0 	0 	-0.0120725 	-6.35424e-13 	1.03071e-25
0.00908909 	0 	0 	0 	-0.0120725 	-6.49531e-13 	1.04153e-25
0.0090991 	0 	0 	0 	-0.0120725 	-6.63639e-13 	1.05234e-25
0.00910911 	0 	0 	0 	-0.0120725 	-6.77747e-13 	1.06316e-25
0.00911912 	0 	0 	0 	-0.0120725 	-6.91855e-13 	1.07397e-25
0.00912913 	0 	0 	0 	-0.0120725 	-7.05962e-13 	1.08479e-25
0.00913914 	0 	0 	0 	-0.0120725 	-7.2007e-13 	1.0956e-25
0.00914915 	0 	0 	0 	-0.0120725 	-7.34178e-13 	1.10642e-25
0.00915916 	0 	0 	0 	-0.0120725 	-7.48286e-13 	1.11724e-25
0.00916917 	0 	0 	0 	-0.0120725 	-7.62393e-13 	1.12805e-25
0.00917918 	0 	0 	0 	-0.0120725 	-7.76501e-13 	1.13887e-25
0.00918919 	0 	0 	0 	-0.0120725 	-7.90609e-13 	1.14968e-25
0.0091992 	0 	0 	0 	-0.0120725 	-8.04716e-13 	1.1605e-25
0.00920921 	0 	0 	0 	-0.0120725 	-8.18824e-13 	1.17131e-25
0.00921922 	0 	0 	0 	-0.0120725 	-8.32932e-13 	1.18213e-25
0.00922923 	0 	0 	0 	-0.0120725 	-8.4704e-13 	1.19294e-25
0.00923924 	0 	0 	0 	-0.0120725 	-8.61147e-13 	1.20376e-25
0.00924925 	0 	0 	0 	-0.0120725 	-8.75255e-13 	1.21457e-25
0.00925926 	0 	0 	0 	-0.0120725 	-8.89363e-13 	1.22539e-25
0.00926927 	0 	0 	0 	-0.0120725 	-9.03471e-13 	1.2362e-25
0.00927928 	0 	0 	0 	-0.0120725 	-9.17578e-13 	1.24702e-25
0.00928929 	0 	0 	0 	-0.0120725 	-9.31686e-13 	1.25784e-25
0.0092993 	0 	0 	0 	-0.0120725 	-9.45794e-13 	1.26865e-25
0.00930931 	0 	0 	0 	-0.0120725 	-9.59902e-13 	1.27947e-25
0.00931932 	0 	0 	0 	-0.0120725 	-9.74009e-13 	1.29028e-25
0.00932933 	0 	0 	0 	-0.0120725 	-9.88117e-13 	1.3011e-25
0.00933934 	0 	0 	0 	-0.0120725 	-1.00222e-12 	1.31191e-25
0.00934935 	0 	0 	0 	-0.0120725 	-1.01633e-12 	1.32273e-25
0.00935936 	0 	0 	0 	-0.0120725 	-1.03044e-12 	1.33354e-25
0.00936937 	0 	0 	0 	-0.0120725 	-1.04455e-12 	1.34436e-25
0.00937938 	0 	0 	0 	-0.0120725 	-1.05866e-12 	1.35517e-25
0.00938939 	0 	0 	0 	-0.0120725 	-1.07276e-12 	1.36599e-25
0.0093994 	0 	0 	0 	-0.0120725 	-1.08687e-12 	1.37681e-25
0.00940941 	0 	0 	0 	-0.0120725 	-1.10098e-12 	1.38762e-25
0.00941942 	0 	0 	0 	-0.0120725 	-1.11509e-12 	1.39844e-25
0.00942943 	0 	0 	0 	-0.0120725 	-1.12919e-12 	1.40925e-25
0.00943944 	0 	0 	0 	-0.0120725 	-1.1433e-12 	1.42007e-25
0.00944945 	0 	0 	0 	-0.0120725 	-1.15741e-12 	1.43088e-25
0.00945946 	0 	0 	0 	-0.0120725 	-1.17152e-12 	1.4417e-25
0.00946947 	0 	0 	0 	-0.0120725 	-1.18563e-12 	1.45251e-25
0.00947948 	0 	0 	0 	-0.0120725 	-1.19973e-12 	1.46333e-25
0.00948949 	0 	0 	0 	-0.0120725 	-1.21384e-12 	1.47414e-25
0.0094995 	0 	0 	0 	-0.0120725 	-1.22795e-12 	1.48496e-25
0.00950951 	0 	0 	0 	-0.0120725 	-1.2475e-12 	1.45312e-25
0.00951952 	0 	0 	0 	-0.0120725 	-1.26733e-12 	1.41904e-25
0.00952953 	0 	0 	0 	-0.0120725 	-1.28716e-12 	1.38495e-25
0.00953954 	0 	0 	0 	-0.0120725 	-1.30699e-12 	1.35087e-25
0.00954955 	0 	0 	0 	-0.0120725 	-1.32683e-12 	1.31679e-25
0.00955956 	0 	0 	0 	-0.0120725 	-1.34666e-12 	1.2827e-25
0.00956957 	0 	0 	0 	-0.0120725 	-1.36649e-12 	1.24862e-25
0.00957958 	0 	0 	0 	-0.0120725 	-1.38633e-12 	1.21453e-25
0.00958959 	0 	0 	0 	-0.0120725 	-1.40616e-12 	1.18045e-25
0.0095996 	0 	0 	0 	-0.0120725 	-1.42599e-12 	1.14637e-25
0.00960961 	0 	0 	0 	-0.0120725 	-1.44582e-12 	1.11228e-25
0.00961962 	0 	0 	0 	-0.0120725 	-1.46566e-12 	1.0782e-25
0.00962963 	0 	0 	0 	-0.0120725 	-1.48549e-12 	1.04412e-25
0.00963964 	0 	0 	0 	-0.0120725 	-1.50532e-12 	1.01003e-25
0.00964965 	0 	0 	0 	-0.0120725 	-1.52516e-12 	9.75947e-26
0.00965966 	0 	0 	0 	-0.0120725 	-1.54499e-12 	9.41864e-26
0.00966967 	0 	0 	0 	-0.0120725 	-1.56482e-12 	9.0778e-26
0.00967968 	0 	0 	0 	-0.0120725 	-1.58466e-12 	8.73696e-26
0.00968969 	0 	0 	0 	-0.0120725 	-1.60449e-12 	8.39612e-26
0.0096997 	0 	0 	0 	-0.0120725 	-1.62432e-12 	8.05529e-26
0.00970971 	0 	0 	0 	-0.0120725 	-1.64415e-12 	7.71445e-26
0.00971972 	0 	0 	0 	-0.0120725 	-1.66399e-12 	7.37361e-26
0.00972973 	0 	0 	0 	-0.0120725 	-1.68382e-12 	7.03277e-26
0.00973974 	0 	0 	0 	-0.0120725 	-1.70365e-12 	6.69193e-26
0.00974975 	0 	0 	0 	-0.0120725 	-1.72349e-12 	6.3511e-26
0.00975976 	0 	0 	0 	-0.0120725 	-1.74332e-12 	6.01026e-26
0.00976977 	0 	0 	0 	-0.0120725 	-1.76315e-12 	5.66942e-26
0.00977978 	0 	0 	0 	-0.0120725 	-1.78299e-12 	5.32858e-26
0.00978979 	0 	0 	0 	-0.0120725 	-1.80282e-12 	4.98774e-26
0.0097998 	0 	0 	0 	-0.0120725 	-1.82265e-12 	4.64691e-26
0.00980981 	0 	0 	0 	-0.0120725 	-1.84248e-12 	4.30607e-26
0.00981982 	0 	0 	0 	-0.0120725 	-1.86232e-12 	3.96523e-26
0.00982983 	0 	0 	0 	-0.0120725 	-1.88215e-12 	3.62439e-26
0.00983984 	0 	0 	0 	-0.0120725 	-1.90198e-12 	3.28356e-26
0.00984985 	0 	0 	0 	-0.0120725 	-1.92182e-12 	2.94272e-26
0.00985986 	0 	0 	0 	-0.0120725 	-1.94165e-12 	2.60188e-26
0.00986987 	0 	0 	0 	-0.0120725 	-1.96148e-12 	2.26104e-26
0.00987988 	0 	0 	0 	-0.0120725 	-1.98131e-12 	1.9202e-26
0.00988989 	0 	0 	0 	-0.0120725 	-2.00115e-12 	1.57937e-26
0.0098999 	0 	0 	0 	-0.0120725 	-2.02098e-12 	1.23853e-26
0.00990991 	0 	0 	0 	-0.0120725 	-2.04081e-12 	8.97691e-27
0.00991992 	0 	0 	0 	-0.0120725 	-2.06065e-12 	5.56853e-27
0.00992993 	0 	0 	0 	-0.0120725 	-2.08048e-12 	2.16015e-27
0.00993994 	0 	0 	0 	-0.0120725 	-2.10031e-12 	-1.24823e-27
0.00994995 	0 	0 	0 	-0.0120725 	-2.12015e-12 	-4.65661e-27
0.00995996 	0 	0 	0 	-0.0120725 	-2.13998e-12 	-8.06499e-27
0.00996997 	0 	0 	0 	-0.0120725 	-2.15981e-12 	-1.14734e-26
0.00997998 	0 	0 	0 	-0.0120725 	-2.17964e-12 	-1.48817e-26
0.00998999 	0 	0 	0 	-0.0120725 	-2.19948e-12 	-1.82901e-26
0.01 	0 	0 	0 	-0.0120725 	-2.21931e-12 	-2.16985e-26
