/*--------------------------------*- C++ -*----------------------------------*\
  =========                 |
  \\      /  F ield         | OpenFOAM: The Open Source CFD Toolbox
   \\    /   O peration     | Website:  https://openfoam.org
    \\  /    A nd           | Version:  6
     \\/     M anipulation  |
\*---------------------------------------------------------------------------*/
FoamFile
{
    version     2.0;
    format      ascii;
    class       volScalarField;
    location    "19.44";
    object      k;
}
// * * * * * * * * * * * * * * * * * * * * * * * * * * * * * * * * * * * * * //

dimensions      [0 2 -2 0 0 0 0];

internalField   nonuniform List<scalar> 
1380
(
0.0181554
0.0181554
0.0181554
0.0181554
0.0181554
0.0181554
0.0181554
0.0181554
0.0181554
0.0181554
0.0181554
0.0181554
0.0181554
0.0181554
0.0181554
0.0181554
0.0181554
0.0181554
0.0181554
0.0181554
0.0340468
0.0340468
0.0340468
0.0340468
0.0340468
0.0340468
0.0340468
0.0340468
0.0340468
0.0340468
0.0340468
0.0340468
0.0340468
0.0340468
0.0340468
0.0340468
0.0340468
0.0340468
0.0340468
0.0340468
0.0334363
0.0334363
0.0334363
0.0334363
0.0334363
0.0334363
0.0334363
0.0334363
0.0334363
0.0334363
0.0334363
0.0334363
0.0334363
0.0334363
0.0334363
0.0334363
0.0334363
0.0334363
0.0334363
0.0334363
0.0325059
0.0325059
0.0325059
0.0325059
0.0325059
0.0325059
0.0325059
0.0325059
0.0325059
0.0325059
0.0325059
0.0325059
0.0325059
0.0325059
0.0325059
0.0325059
0.0325059
0.0325059
0.0325059
0.0325059
0.0315652
0.0315652
0.0315652
0.0315652
0.0315652
0.0315652
0.0315652
0.0315652
0.0315652
0.0315652
0.0315652
0.0315652
0.0315652
0.0315652
0.0315652
0.0315652
0.0315652
0.0315652
0.0315652
0.0315652
0.0306277
0.0306277
0.0306277
0.0306277
0.0306277
0.0306277
0.0306277
0.0306277
0.0306277
0.0306277
0.0306277
0.0306277
0.0306277
0.0306277
0.0306277
0.0306277
0.0306277
0.0306277
0.0306277
0.0306277
0.0296885
0.0296885
0.0296885
0.0296885
0.0296885
0.0296885
0.0296885
0.0296885
0.0296885
0.0296885
0.0296885
0.0296885
0.0296885
0.0296885
0.0296885
0.0296885
0.0296885
0.0296885
0.0296885
0.0296885
0.028744
0.028744
0.028744
0.028744
0.028744
0.028744
0.028744
0.028744
0.028744
0.028744
0.028744
0.028744
0.028744
0.028744
0.028744
0.028744
0.028744
0.028744
0.028744
0.028744
0.0277933
0.0277933
0.0277933
0.0277933
0.0277933
0.0277933
0.0277933
0.0277933
0.0277933
0.0277933
0.0277933
0.0277933
0.0277933
0.0277933
0.0277933
0.0277933
0.0277933
0.0277933
0.0277933
0.0277933
0.0268366
0.0268366
0.0268366
0.0268366
0.0268366
0.0268366
0.0268366
0.0268366
0.0268366
0.0268366
0.0268366
0.0268366
0.0268366
0.0268366
0.0268366
0.0268366
0.0268366
0.0268366
0.0268366
0.0268366
0.0258751
0.0258751
0.0258751
0.0258751
0.0258751
0.0258751
0.0258751
0.0258751
0.0258751
0.0258751
0.0258751
0.0258751
0.0258751
0.0258751
0.0258751
0.0258751
0.0258751
0.0258751
0.0258751
0.0258751
0.0249105
0.0249105
0.0249105
0.0249105
0.0249105
0.0249105
0.0249105
0.0249105
0.0249105
0.0249105
0.0249105
0.0249105
0.0249105
0.0249105
0.0249105
0.0249105
0.0249105
0.0249105
0.0249105
0.0249105
0.0239447
0.0239447
0.0239447
0.0239447
0.0239447
0.0239447
0.0239447
0.0239447
0.0239447
0.0239447
0.0239447
0.0239447
0.0239447
0.0239447
0.0239447
0.0239447
0.0239447
0.0239447
0.0239447
0.0239447
0.0229796
0.0229796
0.0229796
0.0229796
0.0229796
0.0229796
0.0229796
0.0229796
0.0229796
0.0229796
0.0229796
0.0229796
0.0229796
0.0229796
0.0229796
0.0229796
0.0229796
0.0229796
0.0229796
0.0229796
0.0220175
0.0220175
0.0220175
0.0220175
0.0220175
0.0220175
0.0220175
0.0220175
0.0220175
0.0220175
0.0220175
0.0220174
0.0220174
0.0220174
0.0220174
0.0220174
0.0220174
0.0220174
0.0220174
0.0220175
0.0210605
0.0210605
0.0210605
0.0210604
0.0210604
0.0210604
0.0210604
0.0210604
0.0210604
0.0210604
0.0210604
0.0210604
0.0210604
0.0210604
0.0210604
0.0210604
0.0210604
0.0210604
0.0210604
0.0210604
0.0201109
0.0201109
0.0201109
0.0201109
0.0201109
0.0201109
0.0201109
0.0201109
0.0201109
0.0201109
0.0201109
0.0201109
0.0201109
0.0201109
0.0201109
0.0201109
0.0201109
0.0201109
0.0201109
0.0201109
0.0191711
0.0191711
0.0191711
0.0191711
0.0191711
0.0191711
0.0191711
0.0191711
0.0191711
0.0191711
0.0191711
0.0191711
0.0191711
0.0191711
0.0191711
0.0191711
0.0191711
0.0191711
0.0191711
0.0191711
0.0182435
0.0182435
0.0182435
0.0182435
0.0182435
0.0182435
0.0182435
0.0182435
0.0182435
0.0182435
0.0182435
0.0182435
0.0182435
0.0182435
0.0182435
0.0182435
0.0182435
0.0182435
0.0182435
0.0182435
0.017328
0.017328
0.017328
0.017328
0.017328
0.017328
0.017328
0.017328
0.017328
0.017328
0.017328
0.017328
0.017328
0.017328
0.017328
0.017328
0.017328
0.017328
0.017328
0.017328
0.0164047
0.0164047
0.0164047
0.0164047
0.0164047
0.0164047
0.0164047
0.0164047
0.0164047
0.0164047
0.0164047
0.0164047
0.0164047
0.0164047
0.0164047
0.0164046
0.0164046
0.0164046
0.0164046
0.0164047
0.0154572
0.0154572
0.0154572
0.0154572
0.0154572
0.0154572
0.0154572
0.0154572
0.0154572
0.0154572
0.0154572
0.0154572
0.0154572
0.0154572
0.0154572
0.0154572
0.0154572
0.0154572
0.0154572
0.0154572
0.0144901
0.0144901
0.0144901
0.0144901
0.0144901
0.0144901
0.0144901
0.0144901
0.0144901
0.0144901
0.0144901
0.0144901
0.0144901
0.0144901
0.0144901
0.0144901
0.0144901
0.0144901
0.0144901
0.0144901
0.0135088
0.0135088
0.0135088
0.0135088
0.0135088
0.0135088
0.0135088
0.0135088
0.0135088
0.0135088
0.0135088
0.0135088
0.0135088
0.0135088
0.0135088
0.0135088
0.0135088
0.0135088
0.0135088
0.0135088
0.0125202
0.0125202
0.0125202
0.0125202
0.0125202
0.0125201
0.0125201
0.0125201
0.0125201
0.0125201
0.0125201
0.0125201
0.0125201
0.0125201
0.0125201
0.0125201
0.0125201
0.0125201
0.0125201
0.0125201
0.0115327
0.0115327
0.0115327
0.0115327
0.0115327
0.0115327
0.0115327
0.0115327
0.0115327
0.0115327
0.0115327
0.0115327
0.0115327
0.0115327
0.0115327
0.0115327
0.0115327
0.0115327
0.0115327
0.0115327
0.0105563
0.0105563
0.0105563
0.0105563
0.0105563
0.0105563
0.0105563
0.0105563
0.0105563
0.0105563
0.0105563
0.0105563
0.0105563
0.0105563
0.0105563
0.0105563
0.0105563
0.0105563
0.0105563
0.0105563
0.00960248
0.00960248
0.00960247
0.00960247
0.00960247
0.00960247
0.00960247
0.00960247
0.00960247
0.00960247
0.00960247
0.00960247
0.00960247
0.00960247
0.00960247
0.00960246
0.00960246
0.00960246
0.00960246
0.00960247
0.00868409
0.00868409
0.00868409
0.00868409
0.00868409
0.00868409
0.00868409
0.00868409
0.00868408
0.00868408
0.00868408
0.00868408
0.00868408
0.00868408
0.00868408
0.00868408
0.00868408
0.00868408
0.00868408
0.00868409
0.00781489
0.00781489
0.00781489
0.00781488
0.00781488
0.00781488
0.00781488
0.00781488
0.00781488
0.00781488
0.00781488
0.00781488
0.00781488
0.00781488
0.00781488
0.00781488
0.00781488
0.00781488
0.00781488
0.00781488
0.00700889
0.00700889
0.00700889
0.00700889
0.00700889
0.00700889
0.00700889
0.00700889
0.00700889
0.00700889
0.00700889
0.00700889
0.00700889
0.00700889
0.00700889
0.00700889
0.00700888
0.00700888
0.00700889
0.00700889
0.00627941
0.00627941
0.00627941
0.00627941
0.00627941
0.00627941
0.00627941
0.00627941
0.0062794
0.0062794
0.0062794
0.0062794
0.0062794
0.0062794
0.0062794
0.0062794
0.0062794
0.0062794
0.0062794
0.00627941
0.00563771
0.00563771
0.00563771
0.00563771
0.00563771
0.00563771
0.00563771
0.00563771
0.00563771
0.00563771
0.00563771
0.00563771
0.00563771
0.00563771
0.0056377
0.0056377
0.0056377
0.0056377
0.0056377
0.00563771
0.00509163
0.00509163
0.00509163
0.00509163
0.00509163
0.00509163
0.00509163
0.00509163
0.00509163
0.00509163
0.00509163
0.00509163
0.00509163
0.00509163
0.00509163
0.00509163
0.00509163
0.00509163
0.00509163
0.00509163
0.00464427
0.00464427
0.00464427
0.00464427
0.00464427
0.00464427
0.00464427
0.00464427
0.00464427
0.00464427
0.00464427
0.00464427
0.00464427
0.00464427
0.00464427
0.00464427
0.00464427
0.00464427
0.00464427
0.00464427
0.00429327
0.00429327
0.00429327
0.00429327
0.00429327
0.00429327
0.00429327
0.00429327
0.00429327
0.00429327
0.00429327
0.00429327
0.00429327
0.00429327
0.00429327
0.00429327
0.00429327
0.00429327
0.00429327
0.00429327
0.00403102
0.00403102
0.00403102
0.00403102
0.00403102
0.00403102
0.00403102
0.00403102
0.00403102
0.00403102
0.00403102
0.00403102
0.00403102
0.00403102
0.00403102
0.00403102
0.00403102
0.00403102
0.00403102
0.00403102
0.00384577
0.00384577
0.00384577
0.00384577
0.00384577
0.00384577
0.00384577
0.00384577
0.00384577
0.00384577
0.00384577
0.00384577
0.00384577
0.00384577
0.00384577
0.00384577
0.00384577
0.00384577
0.00384577
0.00384577
0.00372335
0.00372335
0.00372335
0.00372335
0.00372335
0.00372335
0.00372335
0.00372335
0.00372335
0.00372335
0.00372335
0.00372335
0.00372335
0.00372335
0.00372335
0.00372335
0.00372335
0.00372335
0.00372335
0.00372335
0.00364894
0.00364894
0.00364894
0.00364894
0.00364894
0.00364894
0.00364894
0.00364894
0.00364894
0.00364894
0.00364894
0.00364894
0.00364894
0.00364894
0.00364894
0.00364894
0.00364894
0.00364894
0.00364894
0.00364894
0.00360873
0.00360873
0.00360873
0.00360873
0.00360873
0.00360873
0.00360873
0.00360873
0.00360873
0.00360873
0.00360873
0.00360873
0.00360873
0.00360873
0.00360873
0.00360873
0.00360873
0.00360873
0.00360873
0.00360873
0.00358988
0.00358988
0.00358988
0.00358988
0.00358988
0.00358988
0.00358988
0.00358988
0.00358988
0.00358988
0.00358988
0.00358988
0.00358988
0.00358988
0.00358988
0.00358988
0.00358988
0.00358988
0.00358988
0.00358988
0.00358144
0.00358144
0.00358144
0.00358145
0.00358145
0.00358145
0.00358145
0.00358145
0.00358145
0.00358145
0.00358145
0.00358145
0.00358145
0.00358145
0.00358145
0.00358145
0.00358145
0.00358145
0.00358145
0.00358145
0.00357431
0.00357431
0.00357431
0.00357431
0.00357431
0.00357431
0.00357431
0.00357431
0.00357431
0.00357431
0.00357431
0.00357431
0.00357431
0.00357431
0.00357431
0.00357431
0.00357431
0.00357431
0.00357431
0.00357431
0.00356095
0.00356095
0.00356095
0.00356095
0.00356095
0.00356095
0.00356095
0.00356095
0.00356095
0.00356095
0.00356095
0.00356095
0.00356095
0.00356095
0.00356095
0.00356095
0.00356095
0.00356095
0.00356095
0.00356095
0.00353523
0.00353523
0.00353523
0.00353523
0.00353523
0.00353523
0.00353523
0.00353523
0.00353523
0.00353523
0.00353523
0.00353523
0.00353523
0.00353523
0.00353523
0.00353523
0.00353523
0.00353523
0.00353523
0.00353523
0.00349224
0.00349224
0.00349224
0.00349224
0.00349224
0.00349224
0.00349224
0.00349224
0.00349224
0.00349224
0.00349224
0.00349225
0.00349225
0.00349225
0.00349225
0.00349225
0.00349225
0.00349225
0.00349225
0.00349224
0.00342816
0.00342816
0.00342816
0.00342816
0.00342816
0.00342816
0.00342816
0.00342816
0.00342816
0.00342816
0.00342816
0.00342816
0.00342816
0.00342816
0.00342816
0.00342816
0.00342816
0.00342816
0.00342816
0.00342816
0.00334015
0.00334015
0.00334015
0.00334015
0.00334015
0.00334015
0.00334015
0.00334015
0.00334015
0.00334015
0.00334015
0.00334015
0.00334015
0.00334015
0.00334015
0.00334015
0.00334015
0.00334015
0.00334015
0.00334015
0.00322639
0.00322639
0.00322639
0.00322639
0.00322639
0.00322639
0.00322639
0.00322639
0.00322639
0.00322639
0.00322639
0.00322639
0.00322639
0.00322639
0.00322639
0.00322639
0.00322639
0.00322639
0.00322639
0.00322639
0.00308597
0.00308597
0.00308597
0.00308597
0.00308597
0.00308597
0.00308597
0.00308597
0.00308597
0.00308597
0.00308597
0.00308597
0.00308597
0.00308597
0.00308597
0.00308597
0.00308597
0.00308597
0.00308597
0.00308597
0.00291901
0.00291901
0.00291901
0.00291901
0.00291901
0.00291901
0.00291901
0.00291901
0.00291901
0.00291901
0.00291901
0.00291901
0.00291901
0.00291901
0.00291901
0.00291901
0.00291901
0.00291901
0.00291901
0.00291901
0.00272664
0.00272664
0.00272664
0.00272664
0.00272664
0.00272664
0.00272664
0.00272664
0.00272664
0.00272664
0.00272664
0.00272664
0.00272664
0.00272664
0.00272664
0.00272664
0.00272664
0.00272664
0.00272664
0.00272664
0.0025111
0.0025111
0.0025111
0.0025111
0.0025111
0.0025111
0.0025111
0.0025111
0.0025111
0.0025111
0.0025111
0.0025111
0.0025111
0.0025111
0.0025111
0.0025111
0.0025111
0.0025111
0.0025111
0.0025111
0.00227573
0.00227573
0.00227573
0.00227573
0.00227573
0.00227573
0.00227573
0.00227573
0.00227573
0.00227573
0.00227573
0.00227573
0.00227573
0.00227573
0.00227573
0.00227573
0.00227573
0.00227573
0.00227573
0.00227573
0.00202507
0.00202507
0.00202507
0.00202507
0.00202507
0.00202507
0.00202507
0.00202507
0.00202507
0.00202507
0.00202507
0.00202507
0.00202507
0.00202507
0.00202507
0.00202507
0.00202507
0.00202507
0.00202507
0.00202507
0.00176477
0.00176477
0.00176477
0.00176477
0.00176477
0.00176477
0.00176477
0.00176477
0.00176477
0.00176477
0.00176477
0.00176477
0.00176477
0.00176477
0.00176477
0.00176477
0.00176477
0.00176477
0.00176477
0.00176477
0.00150154
0.00150154
0.00150154
0.00150154
0.00150154
0.00150154
0.00150154
0.00150154
0.00150154
0.00150154
0.00150154
0.00150154
0.00150154
0.00150154
0.00150154
0.00150154
0.00150154
0.00150154
0.00150154
0.00150154
0.00124287
0.00124287
0.00124287
0.00124287
0.00124287
0.00124287
0.00124287
0.00124287
0.00124287
0.00124287
0.00124287
0.00124287
0.00124287
0.00124287
0.00124287
0.00124287
0.00124287
0.00124287
0.00124287
0.00124287
0.000996639
0.000996639
0.000996639
0.000996639
0.000996639
0.000996639
0.000996639
0.000996639
0.000996639
0.000996639
0.000996639
0.000996639
0.000996639
0.000996639
0.000996639
0.000996639
0.000996639
0.000996639
0.000996639
0.000996639
0.000770268
0.000770268
0.000770268
0.000770268
0.000770268
0.000770267
0.000770267
0.000770267
0.000770267
0.000770267
0.000770267
0.000770267
0.000770267
0.000770267
0.000770267
0.000770267
0.000770267
0.000770267
0.000770267
0.000770267
0.000569454
0.000569454
0.000569454
0.000569454
0.000569454
0.000569454
0.000569454
0.000569454
0.000569454
0.000569454
0.000569454
0.000569454
0.000569454
0.000569454
0.000569454
0.000569454
0.000569454
0.000569454
0.000569454
0.000569454
0.000396306
0.000396306
0.000396306
0.000396306
0.000396306
0.000396306
0.000396306
0.000396306
0.000396306
0.000396306
0.000396306
0.000396306
0.000396306
0.000396306
0.000396306
0.000396306
0.000396306
0.000396306
0.000396306
0.000396306
0.000247589
0.000247589
0.000247589
0.000247589
0.000247589
0.000247589
0.000247589
0.000247589
0.000247589
0.000247589
0.000247589
0.000247589
0.000247589
0.000247589
0.000247589
0.000247589
0.000247589
0.000247589
0.000247589
0.000247589
0.000114563
0.000114563
0.000114563
0.000114563
0.000114563
0.000114563
0.000114563
0.000114563
0.000114563
0.000114563
0.000114563
0.000114563
0.000114563
0.000114563
0.000114563
0.000114563
0.000114563
0.000114563
0.000114563
0.000114563
1.69688e-05
1.69688e-05
1.69688e-05
1.69688e-05
1.69688e-05
1.69688e-05
1.69688e-05
1.69688e-05
1.69688e-05
1.69688e-05
1.69688e-05
1.69688e-05
1.69688e-05
1.69688e-05
1.69688e-05
1.69688e-05
1.69688e-05
1.69688e-05
1.69688e-05
1.69688e-05
2.22665e-07
2.22666e-07
2.22666e-07
2.22666e-07
2.22666e-07
2.22666e-07
2.22666e-07
2.22666e-07
2.22666e-07
2.22666e-07
2.22666e-07
2.22666e-07
2.22666e-07
2.22666e-07
2.22666e-07
2.22666e-07
2.22666e-07
2.22666e-07
2.22666e-07
2.22666e-07
4.0891e-10
4.0891e-10
4.0891e-10
4.0891e-10
4.0891e-10
4.0891e-10
4.0891e-10
4.0891e-10
4.08911e-10
4.08911e-10
4.08911e-10
4.08911e-10
4.08911e-10
4.08911e-10
4.08911e-10
4.08911e-10
4.08911e-10
4.08911e-10
4.08911e-10
4.08911e-10
6.2345e-13
6.2345e-13
6.2345e-13
6.2345e-13
6.2345e-13
6.23451e-13
6.23451e-13
6.23451e-13
6.23451e-13
6.23451e-13
6.23451e-13
6.23451e-13
6.23451e-13
6.23451e-13
6.23452e-13
6.23452e-13
6.23452e-13
6.23452e-13
6.23452e-13
6.23452e-13
)
;

boundaryField
{
    top
    {
        type            symmetryPlane;
    }
    bottom
    {
        type            kqRWallFunction;
        value           uniform 0.0181554;
    }
    inlet
    {
        type            cyclic;
    }
    outlet
    {
        type            cyclic;
    }
    frontAndBack
    {
        type            empty;
    }
}


// ************************************************************************* //
