/*--------------------------------*- C++ -*----------------------------------*\
  =========                 |
  \\      /  F ield         | OpenFOAM: The Open Source CFD Toolbox
   \\    /   O peration     | Website:  https://openfoam.org
    \\  /    A nd           | Version:  6
     \\/     M anipulation  |
\*---------------------------------------------------------------------------*/
FoamFile
{
    version     2.0;
    format      ascii;
    class       volScalarField;
    location    "19.44";
    object      k_0;
}
// * * * * * * * * * * * * * * * * * * * * * * * * * * * * * * * * * * * * * //

dimensions      [0 2 -2 0 0 0 0];

internalField   nonuniform List<scalar> 
1380
(
0.0181563
0.0181563
0.0181563
0.0181563
0.0181563
0.0181563
0.0181563
0.0181563
0.0181563
0.0181563
0.0181563
0.0181563
0.0181563
0.0181563
0.0181563
0.0181563
0.0181563
0.0181563
0.0181563
0.0181563
0.0340483
0.0340483
0.0340483
0.0340483
0.0340483
0.0340483
0.0340483
0.0340483
0.0340483
0.0340483
0.0340483
0.0340483
0.0340483
0.0340483
0.0340483
0.0340483
0.0340483
0.0340483
0.0340483
0.0340483
0.0334374
0.0334374
0.0334374
0.0334374
0.0334374
0.0334374
0.0334374
0.0334374
0.0334374
0.0334374
0.0334374
0.0334374
0.0334374
0.0334374
0.0334374
0.0334374
0.0334374
0.0334374
0.0334374
0.0334374
0.0325067
0.0325067
0.0325067
0.0325067
0.0325067
0.0325067
0.0325067
0.0325067
0.0325067
0.0325067
0.0325067
0.0325067
0.0325067
0.0325067
0.0325067
0.0325067
0.0325067
0.0325067
0.0325067
0.0325067
0.0315656
0.0315656
0.0315656
0.0315656
0.0315656
0.0315656
0.0315656
0.0315656
0.0315656
0.0315656
0.0315656
0.0315656
0.0315656
0.0315656
0.0315656
0.0315656
0.0315656
0.0315656
0.0315656
0.0315656
0.0306279
0.0306279
0.0306279
0.0306279
0.0306279
0.0306279
0.0306279
0.0306279
0.0306279
0.0306279
0.0306279
0.0306279
0.0306279
0.0306279
0.0306279
0.0306279
0.0306279
0.0306279
0.0306279
0.0306279
0.0296884
0.0296884
0.0296884
0.0296884
0.0296884
0.0296884
0.0296884
0.0296884
0.0296884
0.0296884
0.0296884
0.0296884
0.0296884
0.0296884
0.0296884
0.0296884
0.0296884
0.0296884
0.0296884
0.0296884
0.0287437
0.0287437
0.0287437
0.0287437
0.0287437
0.0287437
0.0287437
0.0287437
0.0287437
0.0287437
0.0287437
0.0287437
0.0287437
0.0287437
0.0287437
0.0287437
0.0287437
0.0287437
0.0287437
0.0287437
0.0277928
0.0277928
0.0277928
0.0277928
0.0277928
0.0277928
0.0277928
0.0277928
0.0277928
0.0277928
0.0277928
0.0277928
0.0277928
0.0277928
0.0277928
0.0277928
0.0277928
0.0277928
0.0277928
0.0277928
0.0268359
0.0268359
0.0268359
0.0268359
0.0268359
0.0268359
0.0268359
0.0268359
0.0268359
0.0268359
0.0268359
0.0268359
0.0268359
0.0268359
0.0268359
0.0268359
0.0268359
0.0268359
0.0268359
0.0268359
0.0258742
0.0258742
0.0258742
0.0258742
0.0258742
0.0258742
0.0258742
0.0258742
0.0258742
0.0258742
0.0258742
0.0258742
0.0258742
0.0258742
0.0258742
0.0258742
0.0258742
0.0258742
0.0258742
0.0258742
0.0249095
0.0249095
0.0249095
0.0249095
0.0249095
0.0249095
0.0249095
0.0249095
0.0249095
0.0249095
0.0249095
0.0249095
0.0249095
0.0249095
0.0249095
0.0249095
0.0249095
0.0249095
0.0249095
0.0249095
0.0239434
0.0239434
0.0239434
0.0239434
0.0239434
0.0239434
0.0239434
0.0239434
0.0239434
0.0239434
0.0239434
0.0239434
0.0239434
0.0239434
0.0239434
0.0239434
0.0239434
0.0239434
0.0239434
0.0239434
0.0229782
0.0229782
0.0229782
0.0229782
0.0229782
0.0229782
0.0229782
0.0229782
0.0229782
0.0229782
0.0229782
0.0229782
0.0229782
0.0229782
0.0229782
0.0229782
0.0229782
0.0229782
0.0229782
0.0229782
0.0220159
0.0220159
0.0220159
0.0220159
0.0220159
0.0220159
0.0220159
0.0220159
0.0220159
0.0220159
0.0220159
0.0220159
0.0220159
0.0220159
0.0220159
0.0220159
0.0220159
0.0220159
0.0220159
0.0220159
0.0210588
0.0210588
0.0210588
0.0210588
0.0210588
0.0210588
0.0210588
0.0210588
0.0210588
0.0210588
0.0210588
0.0210588
0.0210588
0.0210588
0.0210588
0.0210588
0.0210588
0.0210588
0.0210588
0.0210588
0.0201091
0.0201091
0.0201091
0.0201091
0.0201091
0.0201091
0.0201091
0.0201091
0.0201091
0.0201091
0.0201091
0.0201091
0.0201091
0.0201091
0.0201091
0.0201091
0.0201091
0.0201091
0.0201091
0.0201091
0.0191692
0.0191692
0.0191692
0.0191692
0.0191692
0.0191692
0.0191692
0.0191692
0.0191692
0.0191692
0.0191692
0.0191692
0.0191692
0.0191692
0.0191692
0.0191692
0.0191692
0.0191692
0.0191692
0.0191692
0.0182415
0.0182415
0.0182415
0.0182415
0.0182415
0.0182415
0.0182415
0.0182415
0.0182415
0.0182415
0.0182415
0.0182415
0.0182415
0.0182415
0.0182415
0.0182415
0.0182415
0.0182415
0.0182415
0.0182415
0.0173259
0.0173259
0.0173259
0.0173259
0.0173259
0.0173259
0.0173259
0.0173259
0.0173259
0.0173259
0.0173259
0.0173259
0.0173259
0.0173259
0.0173259
0.0173259
0.0173259
0.0173259
0.0173259
0.0173259
0.0164025
0.0164025
0.0164025
0.0164025
0.0164025
0.0164025
0.0164025
0.0164025
0.0164025
0.0164025
0.0164025
0.0164025
0.0164025
0.0164025
0.0164025
0.0164025
0.0164025
0.0164025
0.0164025
0.0164025
0.015455
0.015455
0.015455
0.015455
0.015455
0.015455
0.015455
0.015455
0.015455
0.015455
0.015455
0.015455
0.015455
0.015455
0.015455
0.015455
0.015455
0.015455
0.015455
0.015455
0.0144878
0.0144878
0.0144878
0.0144878
0.0144878
0.0144878
0.0144878
0.0144878
0.0144878
0.0144878
0.0144878
0.0144878
0.0144878
0.0144878
0.0144878
0.0144878
0.0144878
0.0144878
0.0144878
0.0144878
0.0135065
0.0135065
0.0135065
0.0135065
0.0135064
0.0135064
0.0135064
0.0135064
0.0135064
0.0135064
0.0135064
0.0135064
0.0135064
0.0135064
0.0135064
0.0135064
0.0135064
0.0135064
0.0135064
0.0135064
0.0125178
0.0125178
0.0125178
0.0125178
0.0125178
0.0125178
0.0125178
0.0125178
0.0125178
0.0125178
0.0125178
0.0125178
0.0125178
0.0125178
0.0125178
0.0125178
0.0125178
0.0125178
0.0125178
0.0125178
0.0115304
0.0115304
0.0115304
0.0115304
0.0115304
0.0115304
0.0115304
0.0115304
0.0115304
0.0115304
0.0115304
0.0115304
0.0115304
0.0115304
0.0115304
0.0115303
0.0115303
0.0115303
0.0115303
0.0115304
0.010554
0.010554
0.010554
0.010554
0.010554
0.010554
0.010554
0.010554
0.010554
0.010554
0.010554
0.010554
0.010554
0.010554
0.010554
0.010554
0.010554
0.010554
0.010554
0.010554
0.00960029
0.00960029
0.00960029
0.00960029
0.00960029
0.00960029
0.00960029
0.00960029
0.00960029
0.00960029
0.00960029
0.00960029
0.00960028
0.00960028
0.00960028
0.00960028
0.00960028
0.00960028
0.00960028
0.00960029
0.00868202
0.00868202
0.00868202
0.00868202
0.00868202
0.00868202
0.00868202
0.00868202
0.00868201
0.00868201
0.00868201
0.00868201
0.00868201
0.00868201
0.00868201
0.00868201
0.00868201
0.00868201
0.00868201
0.00868202
0.00781296
0.00781296
0.00781296
0.00781296
0.00781296
0.00781296
0.00781296
0.00781296
0.00781296
0.00781296
0.00781296
0.00781296
0.00781296
0.00781296
0.00781296
0.00781295
0.00781295
0.00781295
0.00781295
0.00781296
0.00700715
0.00700715
0.00700715
0.00700715
0.00700715
0.00700715
0.00700715
0.00700715
0.00700715
0.00700715
0.00700715
0.00700715
0.00700715
0.00700715
0.00700715
0.00700715
0.00700714
0.00700714
0.00700715
0.00700715
0.00627788
0.00627788
0.00627788
0.00627788
0.00627788
0.00627788
0.00627788
0.00627788
0.00627788
0.00627788
0.00627788
0.00627788
0.00627788
0.00627788
0.00627787
0.00627787
0.00627787
0.00627787
0.00627787
0.00627788
0.00563642
0.00563642
0.00563642
0.00563642
0.00563642
0.00563642
0.00563642
0.00563642
0.00563642
0.00563642
0.00563642
0.00563642
0.00563642
0.00563641
0.00563641
0.00563641
0.00563641
0.00563641
0.00563641
0.00563642
0.00509059
0.00509059
0.00509059
0.00509059
0.00509059
0.00509059
0.00509059
0.00509059
0.00509059
0.00509059
0.00509059
0.00509059
0.00509059
0.00509059
0.00509059
0.00509059
0.00509058
0.00509058
0.00509059
0.00509059
0.00464348
0.00464348
0.00464348
0.00464348
0.00464348
0.00464348
0.00464348
0.00464348
0.00464347
0.00464347
0.00464347
0.00464347
0.00464347
0.00464347
0.00464347
0.00464347
0.00464347
0.00464347
0.00464347
0.00464348
0.00429271
0.00429271
0.00429271
0.00429271
0.00429271
0.00429271
0.00429271
0.00429271
0.00429271
0.00429271
0.00429271
0.00429271
0.00429271
0.00429271
0.00429271
0.00429271
0.00429271
0.00429271
0.00429271
0.00429271
0.00403067
0.00403067
0.00403067
0.00403067
0.00403067
0.00403067
0.00403067
0.00403067
0.00403067
0.00403067
0.00403067
0.00403067
0.00403067
0.00403067
0.00403067
0.00403067
0.00403067
0.00403067
0.00403067
0.00403067
0.0038456
0.0038456
0.0038456
0.0038456
0.0038456
0.0038456
0.0038456
0.0038456
0.0038456
0.0038456
0.0038456
0.0038456
0.0038456
0.0038456
0.00384559
0.00384559
0.00384559
0.00384559
0.00384559
0.0038456
0.00372332
0.00372332
0.00372332
0.00372332
0.00372332
0.00372332
0.00372332
0.00372332
0.00372332
0.00372332
0.00372332
0.00372332
0.00372332
0.00372332
0.00372332
0.00372332
0.00372332
0.00372332
0.00372332
0.00372332
0.00364901
0.00364901
0.00364901
0.00364901
0.00364901
0.00364901
0.00364901
0.00364901
0.00364901
0.00364901
0.00364901
0.00364901
0.00364901
0.00364901
0.00364901
0.00364901
0.00364901
0.00364901
0.00364901
0.00364901
0.00360889
0.00360889
0.00360889
0.00360889
0.00360889
0.00360889
0.00360889
0.00360889
0.00360889
0.00360889
0.00360889
0.00360889
0.00360889
0.00360889
0.00360889
0.00360889
0.00360889
0.00360889
0.00360889
0.00360889
0.00359008
0.00359008
0.00359008
0.00359008
0.00359008
0.00359008
0.00359008
0.00359008
0.00359008
0.00359008
0.00359008
0.00359008
0.00359008
0.00359008
0.00359008
0.00359008
0.00359008
0.00359008
0.00359008
0.00359008
0.00358168
0.00358168
0.00358168
0.00358168
0.00358168
0.00358168
0.00358168
0.00358168
0.00358168
0.00358168
0.00358168
0.00358168
0.00358168
0.00358168
0.00358168
0.00358168
0.00358168
0.00358168
0.00358168
0.00358168
0.00357456
0.00357456
0.00357456
0.00357456
0.00357456
0.00357456
0.00357456
0.00357456
0.00357456
0.00357456
0.00357456
0.00357456
0.00357456
0.00357456
0.00357456
0.00357456
0.00357456
0.00357456
0.00357456
0.00357456
0.0035612
0.0035612
0.0035612
0.0035612
0.0035612
0.0035612
0.0035612
0.0035612
0.0035612
0.0035612
0.0035612
0.0035612
0.0035612
0.0035612
0.0035612
0.0035612
0.0035612
0.0035612
0.0035612
0.0035612
0.00353548
0.00353548
0.00353548
0.00353548
0.00353548
0.00353548
0.00353548
0.00353548
0.00353548
0.00353548
0.00353548
0.00353548
0.00353548
0.00353548
0.00353548
0.00353548
0.00353548
0.00353548
0.00353548
0.00353548
0.00349247
0.00349247
0.00349247
0.00349247
0.00349247
0.00349247
0.00349247
0.00349247
0.00349247
0.00349247
0.00349247
0.00349247
0.00349247
0.00349247
0.00349247
0.00349247
0.00349247
0.00349247
0.00349247
0.00349247
0.00342836
0.00342836
0.00342836
0.00342836
0.00342836
0.00342836
0.00342836
0.00342837
0.00342837
0.00342837
0.00342837
0.00342837
0.00342837
0.00342837
0.00342837
0.00342837
0.00342837
0.00342837
0.00342837
0.00342837
0.00334034
0.00334034
0.00334034
0.00334034
0.00334034
0.00334034
0.00334034
0.00334034
0.00334034
0.00334034
0.00334034
0.00334034
0.00334034
0.00334034
0.00334034
0.00334034
0.00334034
0.00334034
0.00334034
0.00334034
0.00322654
0.00322654
0.00322654
0.00322654
0.00322654
0.00322654
0.00322654
0.00322654
0.00322654
0.00322654
0.00322654
0.00322654
0.00322654
0.00322654
0.00322654
0.00322654
0.00322654
0.00322654
0.00322654
0.00322654
0.0030861
0.0030861
0.0030861
0.0030861
0.0030861
0.0030861
0.0030861
0.0030861
0.0030861
0.0030861
0.0030861
0.0030861
0.0030861
0.0030861
0.0030861
0.0030861
0.0030861
0.0030861
0.0030861
0.0030861
0.00291911
0.00291911
0.00291911
0.00291911
0.00291911
0.00291911
0.00291911
0.00291911
0.00291911
0.00291911
0.00291911
0.00291911
0.00291911
0.00291911
0.00291911
0.00291911
0.00291911
0.00291911
0.00291911
0.00291911
0.00272671
0.00272671
0.00272671
0.00272671
0.00272671
0.00272671
0.00272671
0.00272671
0.00272671
0.00272671
0.00272671
0.00272671
0.00272671
0.00272671
0.00272671
0.00272671
0.00272671
0.00272671
0.00272671
0.00272671
0.00251114
0.00251114
0.00251114
0.00251114
0.00251114
0.00251114
0.00251114
0.00251114
0.00251114
0.00251114
0.00251114
0.00251114
0.00251114
0.00251114
0.00251114
0.00251114
0.00251114
0.00251114
0.00251114
0.00251114
0.00227575
0.00227575
0.00227575
0.00227575
0.00227575
0.00227575
0.00227575
0.00227575
0.00227575
0.00227575
0.00227575
0.00227575
0.00227575
0.00227575
0.00227575
0.00227575
0.00227575
0.00227575
0.00227575
0.00227575
0.00202507
0.00202507
0.00202507
0.00202507
0.00202507
0.00202507
0.00202507
0.00202507
0.00202507
0.00202507
0.00202507
0.00202507
0.00202507
0.00202507
0.00202507
0.00202507
0.00202507
0.00202507
0.00202507
0.00202507
0.00176475
0.00176475
0.00176475
0.00176475
0.00176475
0.00176475
0.00176475
0.00176475
0.00176475
0.00176475
0.00176475
0.00176475
0.00176475
0.00176475
0.00176475
0.00176475
0.00176475
0.00176475
0.00176475
0.00176475
0.00150151
0.00150151
0.00150151
0.00150151
0.00150151
0.00150151
0.00150151
0.00150151
0.00150151
0.00150151
0.00150151
0.00150151
0.00150151
0.00150151
0.00150151
0.00150151
0.00150151
0.00150151
0.00150151
0.00150151
0.00124283
0.00124283
0.00124283
0.00124283
0.00124283
0.00124283
0.00124283
0.00124283
0.00124283
0.00124283
0.00124283
0.00124283
0.00124283
0.00124283
0.00124283
0.00124283
0.00124283
0.00124283
0.00124283
0.00124283
0.000996599
0.000996599
0.000996599
0.000996599
0.000996599
0.000996599
0.000996599
0.000996599
0.000996599
0.000996599
0.000996599
0.000996599
0.000996599
0.000996599
0.000996599
0.000996599
0.000996599
0.000996599
0.000996599
0.000996599
0.000770231
0.000770231
0.000770231
0.000770231
0.000770231
0.000770231
0.000770231
0.000770231
0.000770231
0.000770231
0.000770231
0.000770231
0.000770231
0.000770231
0.000770231
0.000770231
0.000770231
0.000770231
0.000770231
0.000770231
0.000569425
0.000569425
0.000569425
0.000569425
0.000569425
0.000569425
0.000569425
0.000569425
0.000569425
0.000569425
0.000569425
0.000569425
0.000569425
0.000569425
0.000569425
0.000569425
0.000569425
0.000569425
0.000569425
0.000569425
0.000396286
0.000396286
0.000396286
0.000396286
0.000396286
0.000396286
0.000396286
0.000396286
0.000396286
0.000396286
0.000396286
0.000396285
0.000396285
0.000396285
0.000396285
0.000396285
0.000396285
0.000396285
0.000396285
0.000396286
0.000247575
0.000247575
0.000247575
0.000247575
0.000247575
0.000247575
0.000247575
0.000247575
0.000247575
0.000247575
0.000247575
0.000247575
0.000247575
0.000247575
0.000247575
0.000247574
0.000247574
0.000247574
0.000247574
0.000247575
0.00011455
0.00011455
0.00011455
0.00011455
0.00011455
0.00011455
0.00011455
0.00011455
0.00011455
0.00011455
0.00011455
0.00011455
0.00011455
0.00011455
0.00011455
0.00011455
0.00011455
0.00011455
0.00011455
0.00011455
1.69636e-05
1.69636e-05
1.69636e-05
1.69636e-05
1.69636e-05
1.69636e-05
1.69636e-05
1.69636e-05
1.69636e-05
1.69636e-05
1.69636e-05
1.69636e-05
1.69636e-05
1.69636e-05
1.69636e-05
1.69636e-05
1.69636e-05
1.69636e-05
1.69636e-05
1.69636e-05
2.22524e-07
2.22524e-07
2.22524e-07
2.22524e-07
2.22524e-07
2.22524e-07
2.22524e-07
2.22524e-07
2.22524e-07
2.22524e-07
2.22524e-07
2.22524e-07
2.22524e-07
2.22525e-07
2.22525e-07
2.22525e-07
2.22525e-07
2.22525e-07
2.22525e-07
2.22525e-07
4.08619e-10
4.0862e-10
4.0862e-10
4.0862e-10
4.0862e-10
4.0862e-10
4.0862e-10
4.0862e-10
4.0862e-10
4.0862e-10
4.0862e-10
4.0862e-10
4.0862e-10
4.0862e-10
4.0862e-10
4.08621e-10
4.08621e-10
4.08621e-10
4.08621e-10
4.08621e-10
6.22997e-13
6.22997e-13
6.22997e-13
6.22997e-13
6.22997e-13
6.22997e-13
6.22998e-13
6.22998e-13
6.22998e-13
6.22998e-13
6.22998e-13
6.22998e-13
6.22998e-13
6.22998e-13
6.22998e-13
6.22998e-13
6.22999e-13
6.22999e-13
6.22999e-13
6.22999e-13
)
;

boundaryField
{
    top
    {
        type            symmetryPlane;
    }
    bottom
    {
        type            kqRWallFunction;
        value           uniform 0.0181563;
    }
    inlet
    {
        type            cyclic;
    }
    outlet
    {
        type            cyclic;
    }
    frontAndBack
    {
        type            empty;
    }
}


// ************************************************************************* //
