/*--------------------------------*- C++ -*----------------------------------*\
  =========                 |
  \\      /  F ield         | OpenFOAM: The Open Source CFD Toolbox
   \\    /   O peration     | Website:  https://openfoam.org
    \\  /    A nd           | Version:  6
     \\/     M anipulation  |
\*---------------------------------------------------------------------------*/
FoamFile
{
    version     2.0;
    format      ascii;
    class       volScalarField;
    location    "19.44";
    object      nut;
}
// * * * * * * * * * * * * * * * * * * * * * * * * * * * * * * * * * * * * * //

dimensions      [0 2 -1 0 0 0 0];

internalField   nonuniform List<scalar> 
1380
(
2.42062e-05
2.42062e-05
2.42062e-05
2.42062e-05
2.42062e-05
2.42061e-05
2.42061e-05
2.42061e-05
2.42061e-05
2.42061e-05
2.42061e-05
2.42061e-05
2.42061e-05
2.42061e-05
2.42061e-05
2.42061e-05
2.42061e-05
2.42061e-05
2.42061e-05
2.42061e-05
9.09474e-05
9.09474e-05
9.09474e-05
9.09474e-05
9.09474e-05
9.09474e-05
9.09474e-05
9.09474e-05
9.09474e-05
9.09474e-05
9.09474e-05
9.09474e-05
9.09474e-05
9.09474e-05
9.09474e-05
9.09474e-05
9.09474e-05
9.09474e-05
9.09474e-05
9.09474e-05
0.000136414
0.000136414
0.000136414
0.000136414
0.000136414
0.000136414
0.000136414
0.000136414
0.000136414
0.000136414
0.000136414
0.000136414
0.000136414
0.000136414
0.000136414
0.000136414
0.000136414
0.000136414
0.000136414
0.000136414
0.000179271
0.000179271
0.000179271
0.000179271
0.000179271
0.000179271
0.000179271
0.000179271
0.000179271
0.000179271
0.000179271
0.000179271
0.000179271
0.000179271
0.000179271
0.000179271
0.000179271
0.000179271
0.000179271
0.000179271
0.000219561
0.000219561
0.000219561
0.000219561
0.000219561
0.000219561
0.000219561
0.000219561
0.000219561
0.000219561
0.000219561
0.000219561
0.000219561
0.000219561
0.000219561
0.000219561
0.000219561
0.000219561
0.000219561
0.000219561
0.000257202
0.000257202
0.000257202
0.000257202
0.000257202
0.000257202
0.000257202
0.000257202
0.000257202
0.000257202
0.000257202
0.000257202
0.000257202
0.000257202
0.000257202
0.000257202
0.000257202
0.000257202
0.000257202
0.000257202
0.0002922
0.0002922
0.0002922
0.0002922
0.0002922
0.0002922
0.0002922
0.0002922
0.0002922
0.0002922
0.0002922
0.0002922
0.0002922
0.0002922
0.0002922
0.0002922
0.0002922
0.0002922
0.0002922
0.0002922
0.000324618
0.000324618
0.000324618
0.000324618
0.000324618
0.000324618
0.000324618
0.000324618
0.000324618
0.000324618
0.000324618
0.000324618
0.000324618
0.000324618
0.000324618
0.000324618
0.000324618
0.000324618
0.000324618
0.000324618
0.00035455
0.00035455
0.00035455
0.00035455
0.00035455
0.00035455
0.00035455
0.00035455
0.00035455
0.00035455
0.00035455
0.00035455
0.00035455
0.00035455
0.00035455
0.00035455
0.00035455
0.00035455
0.00035455
0.00035455
0.000382108
0.000382108
0.000382108
0.000382108
0.000382108
0.000382108
0.000382108
0.000382108
0.000382108
0.000382108
0.000382108
0.000382108
0.000382108
0.000382108
0.000382108
0.000382108
0.000382108
0.000382108
0.000382108
0.000382108
0.00040741
0.00040741
0.00040741
0.00040741
0.00040741
0.00040741
0.00040741
0.00040741
0.00040741
0.00040741
0.00040741
0.00040741
0.00040741
0.00040741
0.00040741
0.00040741
0.00040741
0.00040741
0.00040741
0.000407411
0.000430579
0.000430579
0.000430579
0.000430579
0.000430579
0.000430579
0.000430579
0.000430579
0.000430579
0.000430579
0.000430579
0.000430579
0.000430579
0.000430579
0.000430579
0.000430579
0.000430579
0.000430579
0.000430579
0.000430579
0.000451735
0.000451735
0.000451735
0.000451735
0.000451735
0.000451735
0.000451735
0.000451735
0.000451735
0.000451735
0.000451735
0.000451735
0.000451735
0.000451735
0.000451735
0.000451735
0.000451735
0.000451735
0.000451735
0.000451735
0.000470998
0.000470998
0.000470998
0.000470998
0.000470998
0.000470998
0.000470998
0.000470998
0.000470998
0.000470998
0.000470998
0.000470998
0.000470998
0.000470998
0.000470998
0.000470998
0.000470998
0.000470998
0.000470998
0.000470998
0.000488484
0.000488484
0.000488484
0.000488484
0.000488484
0.000488484
0.000488484
0.000488484
0.000488484
0.000488484
0.000488484
0.000488484
0.000488484
0.000488484
0.000488484
0.000488484
0.000488484
0.000488484
0.000488484
0.000488484
0.000504307
0.000504307
0.000504307
0.000504307
0.000504307
0.000504307
0.000504307
0.000504307
0.000504307
0.000504307
0.000504307
0.000504307
0.000504307
0.000504307
0.000504307
0.000504307
0.000504307
0.000504307
0.000504307
0.000504307
0.000518576
0.000518576
0.000518576
0.000518576
0.000518576
0.000518576
0.000518576
0.000518576
0.000518576
0.000518576
0.000518576
0.000518575
0.000518575
0.000518575
0.000518575
0.000518575
0.000518575
0.000518575
0.000518575
0.000518575
0.000531396
0.000531396
0.000531396
0.000531396
0.000531396
0.000531396
0.000531396
0.000531396
0.000531396
0.000531396
0.000531396
0.000531395
0.000531395
0.000531395
0.000531395
0.000531395
0.000531395
0.000531395
0.000531395
0.000531395
0.00054287
0.000542869
0.000542869
0.000542869
0.000542869
0.000542869
0.000542869
0.000542869
0.000542869
0.000542869
0.000542869
0.000542869
0.000542869
0.000542869
0.000542869
0.000542869
0.000542869
0.000542869
0.000542869
0.000542869
0.000553126
0.000553126
0.000553126
0.000553126
0.000553126
0.000553126
0.000553126
0.000553126
0.000553126
0.000553126
0.000553126
0.000553126
0.000553126
0.000553126
0.000553126
0.000553126
0.000553126
0.000553126
0.000553126
0.000553125
0.000562491
0.000562491
0.000562491
0.000562491
0.000562491
0.000562491
0.000562491
0.000562491
0.000562491
0.000562491
0.000562491
0.000562491
0.000562491
0.000562491
0.000562491
0.000562491
0.000562491
0.000562491
0.00056249
0.00056249
0.000571121
0.000571121
0.000571121
0.000571121
0.000571121
0.000571121
0.00057112
0.00057112
0.00057112
0.00057112
0.00057112
0.00057112
0.00057112
0.00057112
0.00057112
0.00057112
0.00057112
0.00057112
0.00057112
0.000571119
0.00057898
0.00057898
0.00057898
0.00057898
0.00057898
0.00057898
0.00057898
0.00057898
0.00057898
0.00057898
0.00057898
0.00057898
0.00057898
0.00057898
0.00057898
0.00057898
0.00057898
0.00057898
0.000578979
0.000578979
0.000586052
0.000586052
0.000586052
0.000586052
0.000586052
0.000586052
0.000586052
0.000586052
0.000586052
0.000586051
0.000586051
0.000586051
0.000586051
0.000586051
0.000586051
0.000586051
0.000586051
0.000586051
0.000586051
0.00058605
0.000592342
0.000592342
0.000592342
0.000592342
0.000592342
0.000592342
0.000592342
0.000592342
0.000592342
0.000592342
0.000592342
0.000592342
0.000592342
0.000592342
0.000592341
0.000592341
0.000592341
0.000592341
0.000592341
0.00059234
0.000597891
0.000597891
0.000597891
0.000597891
0.000597891
0.000597891
0.000597891
0.000597891
0.000597891
0.00059789
0.00059789
0.00059789
0.00059789
0.00059789
0.00059789
0.00059789
0.00059789
0.00059789
0.00059789
0.000597889
0.000602786
0.000602786
0.000602786
0.000602786
0.000602786
0.000602786
0.000602785
0.000602785
0.000602785
0.000602785
0.000602785
0.000602785
0.000602785
0.000602785
0.000602785
0.000602785
0.000602785
0.000602785
0.000602784
0.000602783
0.000607179
0.000607179
0.000607179
0.000607179
0.000607179
0.000607179
0.000607179
0.000607179
0.000607179
0.000607179
0.000607179
0.000607179
0.000607179
0.000607178
0.000607178
0.000607178
0.000607178
0.000607178
0.000607178
0.000607176
0.000611311
0.000611311
0.000611311
0.000611311
0.000611311
0.000611311
0.000611311
0.000611311
0.000611311
0.000611311
0.000611311
0.000611311
0.00061131
0.00061131
0.00061131
0.00061131
0.00061131
0.00061131
0.00061131
0.000611308
0.000615535
0.000615535
0.000615535
0.000615535
0.000615534
0.000615534
0.000615534
0.000615534
0.000615534
0.000615534
0.000615534
0.000615534
0.000615534
0.000615534
0.000615534
0.000615534
0.000615533
0.000615533
0.000615533
0.000615531
0.00062034
0.00062034
0.00062034
0.00062034
0.00062034
0.00062034
0.00062034
0.00062034
0.00062034
0.000620339
0.000620339
0.000620339
0.000620339
0.000620339
0.000620339
0.000620339
0.000620339
0.000620339
0.000620338
0.000620336
0.000626369
0.000626369
0.000626369
0.000626369
0.000626369
0.000626369
0.000626369
0.000626369
0.000626368
0.000626368
0.000626368
0.000626368
0.000626368
0.000626368
0.000626368
0.000626368
0.000626368
0.000626368
0.000626367
0.000626365
0.000634397
0.000634397
0.000634397
0.000634397
0.000634397
0.000634397
0.000634396
0.000634396
0.000634396
0.000634396
0.000634396
0.000634396
0.000634396
0.000634396
0.000634396
0.000634396
0.000634396
0.000634395
0.000634395
0.000634393
0.000645265
0.000645264
0.000645264
0.000645264
0.000645264
0.000645264
0.000645264
0.000645264
0.000645264
0.000645264
0.000645264
0.000645263
0.000645263
0.000645263
0.000645263
0.000645263
0.000645263
0.000645263
0.000645262
0.00064526
0.000659743
0.000659743
0.000659743
0.000659743
0.000659743
0.000659743
0.000659743
0.000659743
0.000659743
0.000659742
0.000659742
0.000659742
0.000659742
0.000659742
0.000659742
0.000659742
0.000659742
0.000659742
0.000659741
0.000659739
0.000678352
0.000678352
0.000678352
0.000678352
0.000678352
0.000678352
0.000678352
0.000678352
0.000678352
0.000678352
0.000678351
0.000678351
0.000678351
0.000678351
0.000678351
0.000678351
0.000678351
0.000678351
0.00067835
0.000678349
0.000701187
0.000701187
0.000701187
0.000701187
0.000701187
0.000701187
0.000701187
0.000701187
0.000701187
0.000701187
0.000701187
0.000701187
0.000701187
0.000701187
0.000701187
0.000701187
0.000701186
0.000701186
0.000701186
0.000701184
0.000727845
0.000727845
0.000727845
0.000727845
0.000727845
0.000727845
0.000727845
0.000727845
0.000727845
0.000727845
0.000727845
0.000727845
0.000727845
0.000727845
0.000727845
0.000727845
0.000727845
0.000727844
0.000727844
0.000727843
0.000757485
0.000757485
0.000757485
0.000757485
0.000757485
0.000757485
0.000757485
0.000757485
0.000757485
0.000757485
0.000757485
0.000757485
0.000757485
0.000757485
0.000757485
0.000757485
0.000757485
0.000757485
0.000757485
0.000757484
0.000789004
0.000789004
0.000789004
0.000789004
0.000789004
0.000789004
0.000789004
0.000789004
0.000789004
0.000789004
0.000789004
0.000789004
0.000789004
0.000789004
0.000789004
0.000789004
0.000789004
0.000789004
0.000789004
0.000789004
0.000821275
0.000821275
0.000821275
0.000821275
0.000821275
0.000821275
0.000821275
0.000821275
0.000821275
0.000821275
0.000821275
0.000821275
0.000821275
0.000821275
0.000821275
0.000821275
0.000821275
0.000821275
0.000821275
0.000821275
0.000853206
0.000853206
0.000853206
0.000853206
0.000853206
0.000853206
0.000853206
0.000853206
0.000853206
0.000853206
0.000853206
0.000853206
0.000853206
0.000853206
0.000853207
0.000853207
0.000853207
0.000853207
0.000853207
0.000853207
0.000883898
0.000883898
0.000883898
0.000883898
0.000883898
0.000883898
0.000883898
0.000883898
0.000883898
0.000883898
0.000883899
0.000883899
0.000883899
0.000883899
0.000883899
0.000883899
0.000883899
0.000883899
0.000883899
0.000883899
0.000912639
0.000912639
0.000912639
0.000912639
0.000912639
0.000912639
0.000912639
0.000912639
0.000912639
0.000912639
0.000912639
0.000912639
0.000912639
0.000912639
0.000912639
0.000912639
0.000912639
0.00091264
0.00091264
0.00091264
0.000938869
0.000938869
0.000938869
0.000938869
0.000938869
0.000938869
0.000938869
0.000938869
0.000938869
0.000938869
0.000938869
0.000938869
0.000938869
0.000938869
0.000938869
0.000938869
0.000938869
0.00093887
0.00093887
0.00093887
0.000962134
0.000962134
0.000962134
0.000962134
0.000962134
0.000962134
0.000962134
0.000962134
0.000962134
0.000962134
0.000962134
0.000962134
0.000962134
0.000962135
0.000962135
0.000962135
0.000962135
0.000962135
0.000962135
0.000962136
0.000982037
0.000982037
0.000982037
0.000982037
0.000982037
0.000982037
0.000982037
0.000982038
0.000982038
0.000982038
0.000982038
0.000982038
0.000982038
0.000982038
0.000982038
0.000982038
0.000982038
0.000982038
0.000982038
0.000982039
0.000998197
0.000998197
0.000998197
0.000998197
0.000998197
0.000998197
0.000998197
0.000998198
0.000998198
0.000998198
0.000998198
0.000998198
0.000998198
0.000998198
0.000998198
0.000998198
0.000998198
0.000998198
0.000998198
0.000998199
0.00101021
0.00101021
0.00101021
0.00101021
0.00101022
0.00101022
0.00101022
0.00101022
0.00101022
0.00101022
0.00101022
0.00101022
0.00101022
0.00101022
0.00101022
0.00101022
0.00101022
0.00101022
0.00101022
0.00101022
0.00101765
0.00101765
0.00101765
0.00101765
0.00101765
0.00101765
0.00101765
0.00101765
0.00101765
0.00101765
0.00101765
0.00101765
0.00101765
0.00101765
0.00101765
0.00101765
0.00101765
0.00101765
0.00101765
0.00101765
0.00101998
0.00101998
0.00101998
0.00101998
0.00101998
0.00101998
0.00101998
0.00101998
0.00101998
0.00101998
0.00101998
0.00101998
0.00101998
0.00101998
0.00101998
0.00101998
0.00101998
0.00101998
0.00101998
0.00101998
0.00101663
0.00101663
0.00101663
0.00101663
0.00101663
0.00101663
0.00101663
0.00101663
0.00101663
0.00101663
0.00101663
0.00101663
0.00101663
0.00101663
0.00101663
0.00101663
0.00101663
0.00101663
0.00101663
0.00101663
0.0010069
0.0010069
0.0010069
0.0010069
0.0010069
0.0010069
0.0010069
0.0010069
0.0010069
0.0010069
0.0010069
0.0010069
0.0010069
0.0010069
0.0010069
0.0010069
0.0010069
0.0010069
0.0010069
0.0010069
0.000989992
0.000989992
0.000989992
0.000989992
0.000989992
0.000989992
0.000989992
0.000989992
0.000989992
0.000989992
0.000989992
0.000989992
0.000989992
0.000989992
0.000989992
0.000989992
0.000989992
0.000989992
0.000989992
0.000989993
0.000965017
0.000965017
0.000965017
0.000965017
0.000965017
0.000965017
0.000965017
0.000965017
0.000965017
0.000965017
0.000965017
0.000965017
0.000965017
0.000965017
0.000965017
0.000965017
0.000965017
0.000965017
0.000965017
0.000965017
0.000930984
0.000930984
0.000930984
0.000930984
0.000930984
0.000930984
0.000930984
0.000930984
0.000930984
0.000930984
0.000930984
0.000930984
0.000930984
0.000930984
0.000930984
0.000930984
0.000930984
0.000930984
0.000930984
0.000930984
0.000886863
0.000886863
0.000886863
0.000886863
0.000886863
0.000886863
0.000886863
0.000886863
0.000886863
0.000886863
0.000886863
0.000886863
0.000886863
0.000886863
0.000886863
0.000886863
0.000886863
0.000886863
0.000886863
0.000886863
0.000831681
0.000831681
0.000831681
0.000831681
0.000831681
0.000831681
0.000831681
0.000831681
0.000831681
0.000831681
0.000831681
0.000831681
0.000831681
0.000831681
0.000831681
0.000831681
0.000831681
0.000831681
0.000831681
0.000831681
0.000764699
0.000764699
0.000764699
0.000764699
0.000764699
0.000764699
0.000764699
0.000764699
0.000764699
0.000764699
0.000764699
0.000764699
0.000764699
0.000764699
0.000764699
0.000764699
0.000764699
0.000764699
0.000764699
0.000764699
0.000685698
0.000685698
0.000685698
0.000685698
0.000685698
0.000685698
0.000685698
0.000685698
0.000685698
0.000685698
0.000685698
0.000685698
0.000685698
0.000685698
0.000685698
0.000685698
0.000685698
0.000685698
0.000685698
0.000685698
0.000595312
0.000595312
0.000595312
0.000595312
0.000595311
0.000595311
0.000595311
0.000595311
0.000595311
0.000595311
0.000595311
0.000595311
0.000595311
0.000595311
0.000595311
0.000595311
0.000595311
0.000595311
0.000595311
0.000595311
0.000495158
0.000495158
0.000495158
0.000495158
0.000495158
0.000495158
0.000495158
0.000495158
0.000495158
0.000495158
0.000495158
0.000495158
0.000495158
0.000495158
0.000495158
0.000495158
0.000495158
0.000495158
0.000495158
0.000495158
0.000387128
0.000387128
0.000387128
0.000387128
0.000387128
0.000387128
0.000387128
0.000387128
0.000387128
0.000387128
0.000387128
0.000387128
0.000387128
0.000387128
0.000387128
0.000387128
0.000387128
0.000387128
0.000387128
0.000387128
0.000271118
0.000271118
0.000271118
0.000271118
0.000271118
0.000271118
0.000271118
0.000271118
0.000271118
0.000271118
0.000271118
0.000271118
0.000271118
0.000271118
0.000271118
0.000271118
0.000271118
0.000271118
0.000271118
0.000271118
0.000141088
0.000141088
0.000141088
0.000141088
0.000141088
0.000141088
0.000141088
0.000141088
0.000141088
0.000141088
0.000141088
0.000141088
0.000141088
0.000141088
0.000141088
0.000141088
0.000141088
0.000141088
0.000141088
0.000141088
2.32365e-05
2.32365e-05
2.32365e-05
2.32365e-05
2.32365e-05
2.32365e-05
2.32365e-05
2.32365e-05
2.32365e-05
2.32365e-05
2.32365e-05
2.32365e-05
2.32365e-05
2.32366e-05
2.32366e-05
2.32366e-05
2.32366e-05
2.32366e-05
2.32366e-05
2.32366e-05
3.11752e-07
3.11752e-07
3.11752e-07
3.11752e-07
3.11752e-07
3.11752e-07
3.11753e-07
3.11753e-07
3.11753e-07
3.11753e-07
3.11753e-07
3.11753e-07
3.11753e-07
3.11753e-07
3.11753e-07
3.11753e-07
3.11753e-07
3.11753e-07
3.11753e-07
3.11753e-07
5.72683e-10
5.72683e-10
5.72684e-10
5.72684e-10
5.72684e-10
5.72684e-10
5.72684e-10
5.72684e-10
5.72684e-10
5.72684e-10
5.72684e-10
5.72684e-10
5.72685e-10
5.72685e-10
5.72685e-10
5.72685e-10
5.72685e-10
5.72685e-10
5.72685e-10
5.72685e-10
8.7315e-13
8.7315e-13
8.7315e-13
8.7315e-13
8.7315e-13
8.7315e-13
8.73151e-13
8.73151e-13
8.73151e-13
8.73151e-13
8.73151e-13
8.73151e-13
8.73152e-13
8.73152e-13
8.73152e-13
8.73152e-13
8.73152e-13
8.73152e-13
8.73153e-13
8.73153e-13
)
;

boundaryField
{
    top
    {
        type            symmetryPlane;
    }
    bottom
    {
        type            nutkRoughWallFunction;
        Cmu             0.09;
        kappa           0.41;
        E               9.8;
        Cs              uniform 0.5;
        Ks              uniform 0.00084;
        value           uniform 6.97926e-06;
    }
    inlet
    {
        type            cyclic;
    }
    outlet
    {
        type            cyclic;
    }
    frontAndBack
    {
        type            empty;
    }
}


// ************************************************************************* //
