/*--------------------------------*- C++ -*----------------------------------*\
  =========                 |
  \\      /  F ield         | OpenFOAM: The Open Source CFD Toolbox
   \\    /   O peration     | Website:  https://openfoam.org
    \\  /    A nd           | Version:  6
     \\/     M anipulation  |
\*---------------------------------------------------------------------------*/
FoamFile
{
    version     2.0;
    format      ascii;
    class       volScalarField;
    location    "19.44";
    object      omega_0;
}
// * * * * * * * * * * * * * * * * * * * * * * * * * * * * * * * * * * * * * //

dimensions      [0 0 -1 0 0 0 0];

internalField   nonuniform List<scalar> 
1380
(
750.051
750.051
750.051
750.051
750.051
750.051
750.051
750.051
750.051
750.051
750.051
750.051
750.051
750.051
750.051
750.051
750.051
750.051
750.051
750.051
374.368
374.368
374.368
374.368
374.368
374.368
374.368
374.368
374.368
374.368
374.368
374.368
374.368
374.368
374.368
374.368
374.368
374.368
374.368
374.368
245.116
245.116
245.116
245.116
245.116
245.116
245.116
245.116
245.116
245.116
245.116
245.116
245.116
245.116
245.116
245.116
245.116
245.116
245.116
245.116
181.328
181.328
181.328
181.328
181.328
181.328
181.328
181.328
181.328
181.328
181.328
181.328
181.328
181.328
181.328
181.328
181.328
181.328
181.328
181.327
143.768
143.768
143.768
143.768
143.768
143.768
143.768
143.768
143.768
143.768
143.768
143.768
143.768
143.768
143.768
143.768
143.768
143.768
143.768
143.768
119.083
119.083
119.083
119.083
119.083
119.083
119.083
119.083
119.083
119.083
119.083
119.083
119.083
119.083
119.083
119.083
119.083
119.083
119.083
119.083
101.605
101.605
101.605
101.605
101.605
101.605
101.605
101.605
101.605
101.605
101.605
101.605
101.605
101.605
101.605
101.605
101.605
101.605
101.605
101.605
88.5487
88.5487
88.5487
88.5487
88.5487
88.5487
88.5487
88.5487
88.5487
88.5487
88.5487
88.5487
88.5487
88.5487
88.5487
88.5487
88.5487
88.5487
88.5487
88.5486
78.3913
78.3913
78.3913
78.3913
78.3913
78.3913
78.3913
78.3913
78.3913
78.3913
78.3913
78.3913
78.3913
78.3913
78.3913
78.3913
78.3913
78.3913
78.3913
78.3912
70.2337
70.2337
70.2337
70.2337
70.2337
70.2337
70.2337
70.2337
70.2337
70.2337
70.2337
70.2337
70.2337
70.2337
70.2337
70.2337
70.2337
70.2337
70.2337
70.2337
63.5117
63.5117
63.5117
63.5117
63.5117
63.5117
63.5117
63.5117
63.5117
63.5117
63.5117
63.5117
63.5117
63.5117
63.5117
63.5117
63.5117
63.5117
63.5117
63.5116
57.8538
57.8538
57.8538
57.8538
57.8538
57.8538
57.8538
57.8538
57.8538
57.8538
57.8538
57.8538
57.8538
57.8538
57.8538
57.8538
57.8538
57.8538
57.8538
57.8538
53.006
53.006
53.006
53.006
53.006
53.006
53.006
53.006
53.006
53.006
53.006
53.006
53.006
53.006
53.006
53.006
53.006
53.006
53.006
53.006
48.7889
48.7889
48.7889
48.7889
48.7889
48.7889
48.7889
48.7889
48.7889
48.7889
48.7889
48.7889
48.7889
48.7889
48.7889
48.7889
48.7889
48.7889
48.7889
48.7889
45.0725
45.0725
45.0725
45.0725
45.0725
45.0725
45.0725
45.0725
45.0725
45.0725
45.0725
45.0725
45.0725
45.0725
45.0725
45.0725
45.0725
45.0725
45.0725
45.0725
41.7604
41.7604
41.7604
41.7604
41.7604
41.7604
41.7604
41.7604
41.7604
41.7604
41.7604
41.7604
41.7604
41.7604
41.7604
41.7604
41.7604
41.7604
41.7604
41.7605
38.7801
38.7801
38.7801
38.7801
38.7801
38.7801
38.7801
38.7801
38.7801
38.7801
38.7801
38.7801
38.7801
38.7801
38.7801
38.7801
38.7801
38.7801
38.7801
38.7801
36.0758
36.0758
36.0758
36.0758
36.0758
36.0758
36.0758
36.0758
36.0758
36.0758
36.0758
36.0758
36.0758
36.0758
36.0758
36.0758
36.0758
36.0758
36.0759
36.0759
33.6045
33.6045
33.6045
33.6045
33.6045
33.6045
33.6045
33.6045
33.6045
33.6045
33.6045
33.6045
33.6045
33.6045
33.6045
33.6045
33.6045
33.6045
33.6045
33.6045
31.3261
31.3261
31.3261
31.3261
31.3261
31.3261
31.3261
31.3261
31.3261
31.3261
31.3261
31.3261
31.3261
31.3261
31.3261
31.3261
31.3261
31.3261
31.3261
31.3261
29.1628
29.1628
29.1628
29.1628
29.1628
29.1628
29.1628
29.1628
29.1628
29.1628
29.1628
29.1628
29.1628
29.1628
29.1628
29.1628
29.1628
29.1628
29.1628
29.1628
27.0631
27.0631
27.0631
27.0631
27.0631
27.0631
27.0631
27.0631
27.0631
27.0631
27.0631
27.0631
27.0631
27.0631
27.0631
27.0631
27.0631
27.0631
27.0631
27.0631
25.0251
25.0251
25.0251
25.0251
25.0251
25.0251
25.0251
25.0251
25.0251
25.0251
25.0251
25.0251
25.0251
25.0251
25.0251
25.0251
25.0251
25.0251
25.0251
25.0252
23.0485
23.0485
23.0485
23.0485
23.0485
23.0485
23.0485
23.0485
23.0485
23.0485
23.0485
23.0485
23.0485
23.0485
23.0485
23.0485
23.0485
23.0485
23.0486
23.0486
21.1347
21.1347
21.1347
21.1347
21.1347
21.1347
21.1347
21.1347
21.1347
21.1347
21.1347
21.1347
21.1347
21.1347
21.1347
21.1347
21.1347
21.1347
21.1347
21.1347
19.2868
19.2868
19.2868
19.2868
19.2868
19.2868
19.2868
19.2868
19.2868
19.2868
19.2868
19.2868
19.2868
19.2868
19.2868
19.2868
19.2868
19.2868
19.2868
19.2869
17.5104
17.5104
17.5104
17.5104
17.5104
17.5104
17.5104
17.5104
17.5104
17.5104
17.5104
17.5104
17.5104
17.5104
17.5104
17.5104
17.5104
17.5104
17.5104
17.5104
15.8128
15.8128
15.8128
15.8128
15.8128
15.8128
15.8128
15.8128
15.8128
15.8128
15.8128
15.8128
15.8128
15.8128
15.8128
15.8128
15.8128
15.8128
15.8128
15.8128
14.2036
14.2036
14.2036
14.2036
14.2036
14.2036
14.2036
14.2036
14.2036
14.2036
14.2036
14.2036
14.2036
14.2036
14.2036
14.2036
14.2036
14.2036
14.2036
14.2036
12.6941
12.6941
12.6941
12.6941
12.6941
12.6941
12.6941
12.6941
12.6941
12.6941
12.6941
12.6941
12.6941
12.6941
12.6941
12.6941
12.6941
12.6941
12.6941
12.6941
11.2966
11.2966
11.2966
11.2966
11.2966
11.2966
11.2966
11.2966
11.2966
11.2966
11.2966
11.2966
11.2966
11.2966
11.2966
11.2966
11.2966
11.2966
11.2966
11.2966
10.0233
10.0234
10.0234
10.0234
10.0234
10.0234
10.0234
10.0234
10.0234
10.0234
10.0234
10.0234
10.0234
10.0234
10.0234
10.0234
10.0234
10.0234
10.0234
10.0234
8.88519
8.88519
8.88519
8.88519
8.88519
8.88519
8.88519
8.88519
8.88519
8.88519
8.88519
8.8852
8.8852
8.8852
8.8852
8.8852
8.8852
8.8852
8.88521
8.88524
7.88947
7.88947
7.88947
7.88947
7.88947
7.88947
7.88947
7.88947
7.88947
7.88947
7.88947
7.88947
7.88947
7.88947
7.88947
7.88947
7.88948
7.88948
7.88948
7.88951
7.03846
7.03846
7.03846
7.03846
7.03846
7.03846
7.03846
7.03846
7.03846
7.03846
7.03846
7.03846
7.03846
7.03846
7.03846
7.03847
7.03847
7.03847
7.03847
7.0385
6.32816
6.32816
6.32816
6.32816
6.32816
6.32816
6.32816
6.32817
6.32817
6.32817
6.32817
6.32817
6.32817
6.32817
6.32817
6.32817
6.32817
6.32817
6.32817
6.32819
5.74827
5.74827
5.74827
5.74827
5.74827
5.74827
5.74827
5.74827
5.74827
5.74827
5.74827
5.74827
5.74827
5.74827
5.74827
5.74827
5.74827
5.74827
5.74828
5.74829
5.28339
5.28339
5.28339
5.28339
5.28339
5.28339
5.28339
5.28339
5.28339
5.28339
5.28339
5.28339
5.28339
5.28339
5.28339
5.28339
5.28339
5.28339
5.28339
5.2834
4.91519
4.91519
4.91519
4.91519
4.91519
4.91519
4.91519
4.91519
4.91519
4.91519
4.91519
4.91519
4.91519
4.91519
4.91519
4.91519
4.91519
4.91519
4.91519
4.9152
4.62464
4.62464
4.62464
4.62464
4.62464
4.62464
4.62464
4.62464
4.62464
4.62464
4.62464
4.62464
4.62464
4.62464
4.62464
4.62464
4.62464
4.62464
4.62464
4.62464
4.39406
4.39406
4.39406
4.39406
4.39406
4.39406
4.39406
4.39406
4.39406
4.39406
4.39406
4.39406
4.39406
4.39406
4.39406
4.39406
4.39406
4.39406
4.39406
4.39406
4.20758
4.20758
4.20758
4.20758
4.20758
4.20758
4.20758
4.20758
4.20758
4.20758
4.20758
4.20758
4.20758
4.20758
4.20758
4.20758
4.20758
4.20758
4.20758
4.20757
4.05198
4.05198
4.05198
4.05198
4.05198
4.05198
4.05198
4.05198
4.05198
4.05198
4.05198
4.05198
4.05198
4.05198
4.05198
4.05198
4.05198
4.05198
4.05198
4.05197
3.91659
3.91659
3.91659
3.91659
3.91659
3.91659
3.91659
3.91659
3.91659
3.91659
3.91658
3.91658
3.91658
3.91658
3.91658
3.91658
3.91658
3.91658
3.91658
3.91658
3.79295
3.79295
3.79295
3.79295
3.79295
3.79295
3.79295
3.79295
3.79295
3.79295
3.79295
3.79295
3.79295
3.79295
3.79295
3.79295
3.79295
3.79295
3.79295
3.79295
3.67451
3.67451
3.67451
3.67451
3.67451
3.67451
3.67451
3.67451
3.67451
3.67451
3.67451
3.67451
3.67451
3.67451
3.67451
3.67451
3.67451
3.67451
3.67451
3.67451
3.55626
3.55626
3.55626
3.55626
3.55626
3.55626
3.55626
3.55626
3.55626
3.55626
3.55626
3.55626
3.55626
3.55626
3.55626
3.55626
3.55626
3.55626
3.55626
3.55626
3.43448
3.43448
3.43448
3.43448
3.43448
3.43448
3.43448
3.43448
3.43448
3.43448
3.43448
3.43448
3.43448
3.43448
3.43448
3.43448
3.43448
3.43448
3.43448
3.43447
3.3065
3.3065
3.3065
3.3065
3.3065
3.3065
3.3065
3.3065
3.3065
3.3065
3.3065
3.3065
3.3065
3.3065
3.3065
3.3065
3.3065
3.3065
3.3065
3.30649
3.17054
3.17054
3.17054
3.17054
3.17054
3.17054
3.17054
3.17054
3.17054
3.17054
3.17054
3.17054
3.17054
3.17054
3.17054
3.17054
3.17054
3.17054
3.17054
3.17054
3.0256
3.0256
3.0256
3.0256
3.0256
3.0256
3.0256
3.0256
3.0256
3.0256
3.0256
3.0256
3.0256
3.0256
3.0256
3.0256
3.0256
3.0256
3.0256
3.0256
2.87134
2.87134
2.87134
2.87134
2.87134
2.87134
2.87134
2.87134
2.87134
2.87134
2.87134
2.87134
2.87134
2.87133
2.87133
2.87133
2.87133
2.87133
2.87133
2.87133
2.70802
2.70802
2.70802
2.70802
2.70802
2.70802
2.70802
2.70802
2.70802
2.70802
2.70802
2.70802
2.70802
2.70802
2.70802
2.70802
2.70802
2.70802
2.70802
2.70802
2.53652
2.53652
2.53652
2.53652
2.53652
2.53652
2.53652
2.53652
2.53652
2.53652
2.53652
2.53652
2.53652
2.53652
2.53652
2.53652
2.53652
2.53652
2.53652
2.53652
2.35825
2.35825
2.35825
2.35825
2.35825
2.35825
2.35825
2.35825
2.35825
2.35825
2.35825
2.35825
2.35825
2.35825
2.35825
2.35825
2.35825
2.35825
2.35825
2.35825
2.1752
2.1752
2.1752
2.1752
2.1752
2.1752
2.1752
2.1752
2.1752
2.1752
2.1752
2.1752
2.1752
2.1752
2.1752
2.1752
2.1752
2.1752
2.1752
2.1752
1.9899
1.9899
1.9899
1.9899
1.9899
1.9899
1.9899
1.9899
1.9899
1.9899
1.9899
1.9899
1.9899
1.9899
1.9899
1.9899
1.9899
1.9899
1.9899
1.9899
1.80542
1.80542
1.80542
1.80542
1.80542
1.80542
1.80542
1.80542
1.80542
1.80542
1.80542
1.80542
1.80542
1.80542
1.80542
1.80542
1.80542
1.80542
1.80542
1.80542
1.6253
1.6253
1.6253
1.6253
1.6253
1.6253
1.6253
1.6253
1.6253
1.6253
1.6253
1.6253
1.6253
1.6253
1.6253
1.6253
1.6253
1.6253
1.6253
1.6253
1.45345
1.45345
1.45345
1.45345
1.45345
1.45345
1.45345
1.45345
1.45345
1.45345
1.45345
1.45345
1.45345
1.45345
1.45345
1.45345
1.45345
1.45345
1.45345
1.45345
1.29388
1.29388
1.29388
1.29388
1.29388
1.29388
1.29388
1.29388
1.29388
1.29388
1.29388
1.29388
1.29388
1.29388
1.29388
1.29388
1.29388
1.29388
1.29388
1.29388
1.15003
1.15003
1.15003
1.15003
1.15003
1.15003
1.15003
1.15003
1.15003
1.15003
1.15003
1.15003
1.15003
1.15003
1.15003
1.15003
1.15003
1.15003
1.15003
1.15004
1.0237
1.0237
1.0237
1.0237
1.0237
1.0237
1.0237
1.0237
1.0237
1.0237
1.0237
1.0237
1.0237
1.0237
1.0237
1.0237
1.0237
1.0237
1.0237
1.0237
0.913214
0.913214
0.913214
0.913214
0.913214
0.913214
0.913214
0.913214
0.913214
0.913214
0.913214
0.913214
0.913214
0.913214
0.913214
0.913214
0.913214
0.913214
0.913214
0.913214
0.811995
0.811995
0.811995
0.811995
0.811995
0.811995
0.811995
0.811995
0.811995
0.811995
0.811995
0.811995
0.811995
0.811995
0.811995
0.811995
0.811995
0.811995
0.811995
0.811995
0.730266
0.730266
0.730266
0.730266
0.730266
0.730266
0.730266
0.730266
0.730266
0.730266
0.730266
0.730266
0.730266
0.730266
0.730266
0.730266
0.730266
0.730266
0.730266
0.730266
0.714246
0.714246
0.714246
0.714246
0.714246
0.714246
0.714246
0.714246
0.714246
0.714246
0.714246
0.714246
0.714246
0.714246
0.714246
0.714246
0.714246
0.714246
0.714246
0.714246
0.714032
0.714032
0.714032
0.714032
0.714032
0.714032
0.714032
0.714032
0.714032
0.714032
0.714032
0.714032
0.714032
0.714032
0.714032
0.714032
0.714032
0.714032
0.714032
0.714032
0.714032
0.714032
0.714032
0.714032
0.714032
0.714032
0.714032
0.714032
0.714032
0.714032
0.714032
0.714031
0.714031
0.714031
0.714031
0.714031
0.714031
0.714031
0.714031
0.714031
)
;

boundaryField
{
    top
    {
        type            symmetryPlane;
    }
    bottom
    {
        type            omegaWallFunction;
        Cmu             0.09;
        kappa           0.41;
        E               9.8;
        beta1           0.075;
        blended         false;
        value           uniform 750.051;
    }
    inlet
    {
        type            cyclic;
    }
    outlet
    {
        type            cyclic;
    }
    frontAndBack
    {
        type            empty;
    }
}


// ************************************************************************* //
