/*--------------------------------*- C++ -*----------------------------------*\
  =========                 |
  \\      /  F ield         | OpenFOAM: The Open Source CFD Toolbox
   \\    /   O peration     | Website:  https://openfoam.org
    \\  /    A nd           | Version:  6
     \\/     M anipulation  |
\*---------------------------------------------------------------------------*/
FoamFile
{
    version     2.0;
    format      ascii;
    class       volScalarField;
    location    "19.44";
    object      omega;
}
// * * * * * * * * * * * * * * * * * * * * * * * * * * * * * * * * * * * * * //

dimensions      [0 0 -1 0 0 0 0];

internalField   nonuniform List<scalar> 
1380
(
750.031
750.031
750.031
750.031
750.031
750.031
750.031
750.031
750.031
750.031
750.031
750.031
750.031
750.031
750.031
750.031
750.031
750.031
750.031
750.031
374.357
374.357
374.357
374.357
374.357
374.357
374.357
374.357
374.357
374.357
374.357
374.357
374.357
374.357
374.357
374.357
374.357
374.357
374.357
374.357
245.11
245.11
245.11
245.11
245.11
245.11
245.11
245.11
245.11
245.11
245.11
245.11
245.11
245.11
245.11
245.11
245.11
245.11
245.11
245.109
181.323
181.323
181.323
181.323
181.323
181.323
181.323
181.323
181.323
181.323
181.323
181.323
181.323
181.323
181.323
181.323
181.323
181.323
181.323
181.323
143.765
143.765
143.765
143.765
143.765
143.765
143.765
143.765
143.765
143.765
143.765
143.765
143.765
143.765
143.765
143.765
143.765
143.765
143.765
143.765
119.08
119.08
119.08
119.08
119.08
119.08
119.08
119.08
119.08
119.08
119.08
119.08
119.08
119.08
119.08
119.08
119.08
119.08
119.08
119.08
101.603
101.603
101.603
101.603
101.603
101.603
101.603
101.603
101.603
101.603
101.603
101.603
101.603
101.603
101.603
101.603
101.603
101.603
101.603
101.603
88.5472
88.5472
88.5472
88.5472
88.5472
88.5472
88.5472
88.5472
88.5472
88.5472
88.5472
88.5472
88.5472
88.5472
88.5472
88.5472
88.5472
88.5472
88.5472
88.5471
78.3902
78.3902
78.3902
78.3902
78.3902
78.3902
78.3902
78.3902
78.3902
78.3902
78.3902
78.3902
78.3902
78.3902
78.3902
78.3902
78.3902
78.3902
78.3902
78.3902
70.233
70.233
70.233
70.233
70.233
70.233
70.233
70.233
70.233
70.233
70.233
70.233
70.233
70.2329
70.2329
70.2329
70.2329
70.2329
70.2329
70.2329
63.5112
63.5112
63.5112
63.5112
63.5112
63.5112
63.5112
63.5112
63.5112
63.5112
63.5112
63.5112
63.5112
63.5112
63.5112
63.5112
63.5112
63.5112
63.5112
63.5112
57.8536
57.8536
57.8536
57.8536
57.8536
57.8536
57.8536
57.8536
57.8536
57.8536
57.8536
57.8536
57.8536
57.8536
57.8536
57.8536
57.8536
57.8536
57.8536
57.8536
53.0061
53.0061
53.0061
53.0061
53.0061
53.0061
53.0061
53.0061
53.0061
53.0061
53.0061
53.0061
53.0061
53.0061
53.0061
53.0061
53.0061
53.0061
53.0061
53.0061
48.7892
48.7892
48.7892
48.7892
48.7892
48.7892
48.7892
48.7892
48.7892
48.7892
48.7892
48.7892
48.7892
48.7892
48.7892
48.7892
48.7892
48.7892
48.7892
48.7892
45.073
45.073
45.073
45.073
45.073
45.073
45.073
45.073
45.073
45.073
45.073
45.073
45.073
45.073
45.073
45.073
45.073
45.073
45.073
45.073
41.7612
41.7612
41.7612
41.7612
41.7612
41.7612
41.7612
41.7612
41.7612
41.7612
41.7612
41.7612
41.7612
41.7612
41.7612
41.7612
41.7612
41.7612
41.7612
41.7612
38.781
38.781
38.781
38.781
38.781
38.781
38.781
38.781
38.781
38.781
38.781
38.781
38.781
38.781
38.781
38.781
38.781
38.781
38.781
38.781
36.0769
36.0769
36.0769
36.0769
36.0769
36.0769
36.0769
36.0769
36.0769
36.0769
36.0769
36.0769
36.0769
36.0769
36.0769
36.0769
36.0769
36.0769
36.0769
36.077
33.6057
33.6057
33.6058
33.6058
33.6058
33.6058
33.6058
33.6058
33.6058
33.6058
33.6057
33.6057
33.6057
33.6057
33.6057
33.6057
33.6057
33.6058
33.6058
33.6058
31.3275
31.3275
31.3275
31.3275
31.3275
31.3275
31.3275
31.3275
31.3275
31.3275
31.3275
31.3275
31.3275
31.3275
31.3275
31.3275
31.3275
31.3275
31.3275
31.3275
29.1643
29.1643
29.1643
29.1643
29.1643
29.1643
29.1643
29.1643
29.1643
29.1643
29.1643
29.1643
29.1643
29.1643
29.1643
29.1643
29.1643
29.1643
29.1643
29.1644
27.0648
27.0648
27.0648
27.0648
27.0648
27.0648
27.0648
27.0648
27.0648
27.0648
27.0648
27.0648
27.0648
27.0648
27.0648
27.0648
27.0648
27.0648
27.0648
27.0648
25.0269
25.0269
25.0269
25.0269
25.0269
25.0269
25.0269
25.0269
25.0269
25.0269
25.0269
25.0269
25.0269
25.0269
25.0269
25.0269
25.0269
25.0269
25.0269
25.027
23.0505
23.0505
23.0505
23.0505
23.0505
23.0505
23.0505
23.0505
23.0505
23.0505
23.0505
23.0505
23.0505
23.0505
23.0505
23.0505
23.0505
23.0505
23.0505
23.0505
21.1367
21.1367
21.1367
21.1367
21.1367
21.1367
21.1367
21.1367
21.1367
21.1367
21.1367
21.1367
21.1367
21.1367
21.1367
21.1367
21.1367
21.1367
21.1367
21.1368
19.2889
19.2889
19.2889
19.2889
19.2889
19.2889
19.2889
19.2889
19.2889
19.2889
19.2889
19.2889
19.2889
19.2889
19.2889
19.2889
19.2889
19.2889
19.2889
19.289
17.5125
17.5125
17.5125
17.5125
17.5125
17.5125
17.5125
17.5125
17.5125
17.5125
17.5125
17.5125
17.5125
17.5125
17.5125
17.5125
17.5125
17.5125
17.5125
17.5126
15.8149
15.8149
15.8149
15.8149
15.8149
15.8149
15.8149
15.8149
15.8149
15.8149
15.8149
15.8149
15.8149
15.8149
15.8149
15.8149
15.8149
15.8149
15.8149
15.815
14.2057
14.2057
14.2057
14.2057
14.2057
14.2057
14.2057
14.2057
14.2057
14.2057
14.2057
14.2057
14.2057
14.2057
14.2057
14.2057
14.2057
14.2057
14.2057
14.2057
12.6961
12.6961
12.6961
12.6961
12.6961
12.6961
12.6961
12.6961
12.6961
12.6961
12.6961
12.6961
12.6961
12.6961
12.6961
12.6961
12.6961
12.6961
12.6961
12.6962
11.2985
11.2985
11.2985
11.2985
11.2985
11.2985
11.2985
11.2985
11.2985
11.2985
11.2985
11.2985
11.2985
11.2985
11.2985
11.2985
11.2985
11.2985
11.2985
11.2985
10.0251
10.0251
10.0251
10.0251
10.0251
10.0251
10.0251
10.0251
10.0251
10.0251
10.0251
10.0251
10.0251
10.0251
10.0251
10.0251
10.0251
10.0251
10.0251
10.0252
8.88672
8.88672
8.88673
8.88673
8.88673
8.88673
8.88673
8.88673
8.88673
8.88673
8.88673
8.88673
8.88673
8.88673
8.88673
8.88673
8.88673
8.88674
8.88675
8.88678
7.89077
7.89077
7.89077
7.89077
7.89077
7.89077
7.89077
7.89077
7.89077
7.89077
7.89077
7.89077
7.89077
7.89078
7.89078
7.89078
7.89078
7.89078
7.89079
7.89082
7.03951
7.03951
7.03951
7.03951
7.03951
7.03952
7.03952
7.03952
7.03952
7.03952
7.03952
7.03952
7.03952
7.03952
7.03952
7.03952
7.03952
7.03952
7.03953
7.03955
6.32897
6.32897
6.32897
6.32897
6.32897
6.32897
6.32897
6.32897
6.32898
6.32898
6.32898
6.32898
6.32898
6.32898
6.32898
6.32898
6.32898
6.32898
6.32898
6.329
5.74885
5.74885
5.74885
5.74885
5.74885
5.74885
5.74885
5.74885
5.74885
5.74885
5.74885
5.74885
5.74885
5.74885
5.74885
5.74885
5.74885
5.74886
5.74886
5.74887
5.28377
5.28377
5.28377
5.28377
5.28377
5.28377
5.28377
5.28378
5.28378
5.28378
5.28378
5.28378
5.28378
5.28378
5.28378
5.28378
5.28378
5.28378
5.28378
5.28379
4.91541
4.91541
4.91541
4.91541
4.91541
4.91541
4.91541
4.91541
4.91541
4.91541
4.91541
4.91541
4.91541
4.91541
4.91541
4.91541
4.91541
4.91541
4.91542
4.91542
4.62474
4.62474
4.62474
4.62474
4.62474
4.62474
4.62474
4.62474
4.62474
4.62474
4.62474
4.62474
4.62474
4.62474
4.62474
4.62474
4.62474
4.62474
4.62474
4.62474
4.39406
4.39406
4.39406
4.39406
4.39406
4.39406
4.39406
4.39406
4.39406
4.39406
4.39406
4.39406
4.39406
4.39406
4.39406
4.39406
4.39406
4.39406
4.39406
4.39407
4.20752
4.20752
4.20752
4.20752
4.20752
4.20752
4.20752
4.20752
4.20752
4.20752
4.20752
4.20752
4.20752
4.20752
4.20752
4.20752
4.20752
4.20752
4.20752
4.20751
4.05187
4.05187
4.05187
4.05187
4.05187
4.05187
4.05187
4.05187
4.05187
4.05187
4.05187
4.05187
4.05187
4.05187
4.05187
4.05187
4.05187
4.05187
4.05187
4.05187
3.91646
3.91646
3.91646
3.91646
3.91646
3.91646
3.91646
3.91646
3.91646
3.91646
3.91646
3.91646
3.91646
3.91646
3.91646
3.91646
3.91645
3.91645
3.91645
3.91645
3.79281
3.79281
3.79281
3.79281
3.79281
3.79281
3.79281
3.79281
3.79281
3.79281
3.79281
3.79281
3.79281
3.79281
3.79281
3.79281
3.79281
3.79281
3.79281
3.7928
3.67437
3.67437
3.67437
3.67437
3.67437
3.67437
3.67437
3.67437
3.67437
3.67437
3.67437
3.67437
3.67437
3.67437
3.67437
3.67437
3.67437
3.67437
3.67436
3.67436
3.55612
3.55612
3.55612
3.55612
3.55612
3.55612
3.55612
3.55612
3.55612
3.55612
3.55612
3.55612
3.55612
3.55612
3.55612
3.55612
3.55612
3.55612
3.55612
3.55612
3.43435
3.43435
3.43435
3.43435
3.43435
3.43435
3.43435
3.43435
3.43435
3.43435
3.43435
3.43435
3.43435
3.43435
3.43435
3.43435
3.43435
3.43435
3.43434
3.43434
3.30638
3.30638
3.30638
3.30638
3.30638
3.30638
3.30638
3.30638
3.30638
3.30638
3.30638
3.30638
3.30638
3.30638
3.30638
3.30638
3.30638
3.30638
3.30638
3.30637
3.17044
3.17044
3.17044
3.17044
3.17044
3.17044
3.17044
3.17044
3.17044
3.17044
3.17044
3.17044
3.17044
3.17044
3.17044
3.17044
3.17044
3.17044
3.17044
3.17043
3.02551
3.02551
3.02551
3.02551
3.02551
3.02551
3.02551
3.02551
3.02551
3.02551
3.02551
3.02551
3.02551
3.02551
3.02551
3.02551
3.02551
3.02551
3.02551
3.02551
2.87126
2.87126
2.87126
2.87126
2.87126
2.87126
2.87126
2.87126
2.87126
2.87126
2.87126
2.87126
2.87126
2.87126
2.87126
2.87126
2.87126
2.87126
2.87126
2.87126
2.70797
2.70797
2.70797
2.70797
2.70797
2.70797
2.70797
2.70797
2.70797
2.70797
2.70797
2.70797
2.70797
2.70797
2.70797
2.70797
2.70797
2.70797
2.70796
2.70796
2.53648
2.53648
2.53648
2.53648
2.53648
2.53648
2.53648
2.53648
2.53648
2.53648
2.53648
2.53648
2.53648
2.53648
2.53648
2.53648
2.53648
2.53648
2.53648
2.53648
2.35823
2.35823
2.35823
2.35823
2.35823
2.35823
2.35823
2.35823
2.35823
2.35823
2.35823
2.35823
2.35823
2.35823
2.35823
2.35823
2.35823
2.35823
2.35823
2.35823
2.17519
2.17519
2.17519
2.17519
2.17519
2.17519
2.17519
2.17519
2.17519
2.17519
2.17519
2.17519
2.17519
2.17519
2.17519
2.17519
2.17519
2.17519
2.17519
2.17519
1.9899
1.9899
1.9899
1.9899
1.9899
1.9899
1.9899
1.9899
1.9899
1.9899
1.9899
1.9899
1.9899
1.9899
1.9899
1.9899
1.9899
1.9899
1.9899
1.9899
1.80543
1.80543
1.80543
1.80543
1.80543
1.80543
1.80543
1.80543
1.80543
1.80543
1.80543
1.80543
1.80543
1.80543
1.80543
1.80543
1.80543
1.80543
1.80543
1.80543
1.62531
1.62531
1.62531
1.62531
1.62531
1.62531
1.62531
1.62531
1.62531
1.62531
1.62531
1.62531
1.62531
1.62531
1.62531
1.62531
1.62531
1.62531
1.62531
1.62531
1.45347
1.45347
1.45347
1.45347
1.45347
1.45347
1.45347
1.45347
1.45347
1.45347
1.45347
1.45347
1.45347
1.45347
1.45347
1.45347
1.45347
1.45347
1.45347
1.45347
1.29389
1.29389
1.29389
1.29389
1.29389
1.29389
1.29389
1.29389
1.29389
1.29389
1.29389
1.29389
1.29389
1.29389
1.29389
1.29389
1.29389
1.29389
1.29389
1.29389
1.15005
1.15005
1.15005
1.15005
1.15005
1.15005
1.15005
1.15005
1.15005
1.15005
1.15005
1.15005
1.15005
1.15005
1.15005
1.15005
1.15005
1.15005
1.15005
1.15005
1.02371
1.02371
1.02371
1.02371
1.02371
1.02371
1.02371
1.02371
1.02371
1.02371
1.02371
1.02371
1.02371
1.02371
1.02371
1.02371
1.02371
1.02371
1.02371
1.02371
0.913215
0.913215
0.913215
0.913215
0.913215
0.913215
0.913215
0.913215
0.913215
0.913215
0.913215
0.913215
0.913215
0.913215
0.913215
0.913215
0.913215
0.913215
0.913216
0.913216
0.811996
0.811996
0.811996
0.811996
0.811996
0.811996
0.811996
0.811996
0.811996
0.811996
0.811996
0.811996
0.811996
0.811996
0.811996
0.811996
0.811996
0.811996
0.811996
0.811996
0.730263
0.730263
0.730263
0.730263
0.730263
0.730263
0.730263
0.730263
0.730263
0.730263
0.730263
0.730263
0.730263
0.730263
0.730263
0.730263
0.730263
0.730263
0.730263
0.730263
0.714239
0.714239
0.714239
0.714239
0.714239
0.714239
0.714239
0.714239
0.714239
0.714239
0.714239
0.714239
0.714239
0.714239
0.714239
0.714239
0.714239
0.714239
0.714239
0.714239
0.714025
0.714025
0.714025
0.714025
0.714025
0.714025
0.714025
0.714025
0.714025
0.714025
0.714025
0.714025
0.714025
0.714025
0.714025
0.714025
0.714025
0.714024
0.714024
0.714024
0.714024
0.714024
0.714024
0.714024
0.714024
0.714024
0.714024
0.714024
0.714024
0.714024
0.714024
0.714024
0.714024
0.714024
0.714024
0.714024
0.714024
0.714024
0.714024
0.714024
)
;

boundaryField
{
    top
    {
        type            symmetryPlane;
    }
    bottom
    {
        type            omegaWallFunction;
        Cmu             0.09;
        kappa           0.41;
        E               9.8;
        beta1           0.075;
        blended         false;
        value           uniform 750.031;
    }
    inlet
    {
        type            cyclic;
    }
    outlet
    {
        type            cyclic;
    }
    frontAndBack
    {
        type            empty;
    }
}


// ************************************************************************* //
