/*--------------------------------*- C++ -*----------------------------------*\
  =========                 |
  \\      /  F ield         | OpenFOAM: The Open Source CFD Toolbox
   \\    /   O peration     | Website:  https://openfoam.org
    \\  /    A nd           | Version:  6
     \\/     M anipulation  |
\*---------------------------------------------------------------------------*/
FoamFile
{
    version     2.0;
    format      ascii;
    class       volSymmTensorField;
    location    "19.44";
    object      UPrime2Mean;
}
// * * * * * * * * * * * * * * * * * * * * * * * * * * * * * * * * * * * * * //

dimensions      [0 2 -2 0 0 0 0];

internalField   nonuniform List<symmTensor> 
1380
(
(0.604203 5.5501e-11 0 3.24111e-18 0 0)
(0.604203 8.25626e-11 0 3.52158e-18 0 0)
(0.604203 8.83493e-11 0 3.6349e-18 0 0)
(0.604203 6.45341e-11 0 3.44981e-18 0 0)
(0.604203 4.09167e-11 0 3.14251e-18 0 0)
(0.604203 2.29418e-11 0 2.79736e-18 0 0)
(0.604203 8.96765e-12 0 2.44954e-18 0 0)
(0.604203 -3.23761e-12 0 2.141e-18 0 0)
(0.604203 -1.28785e-11 0 1.89541e-18 0 0)
(0.604203 -2.08793e-11 0 1.7526e-18 0 0)
(0.604203 -2.74186e-11 0 1.71712e-18 0 0)
(0.604203 -3.2173e-11 0 1.79039e-18 0 0)
(0.604203 -3.54961e-11 0 1.97608e-18 0 0)
(0.604203 -3.83714e-11 0 2.23349e-18 0 0)
(0.604203 -4.0418e-11 0 2.53934e-18 0 0)
(0.604203 -4.05959e-11 0 2.8778e-18 0 0)
(0.604203 -3.91598e-11 0 3.22471e-18 0 0)
(0.604203 -3.47778e-11 0 3.57879e-18 0 0)
(0.604203 -2.47298e-11 0 4.04605e-18 0 0)
(0.604203 -1.39901e-11 0 4.19185e-18 0 0)
(0.922727 -1.02369e-10 0 2.74109e-17 0 0)
(0.922727 -1.76356e-10 0 2.42197e-17 0 0)
(0.922727 -6.57309e-11 0 2.11918e-17 0 0)
(0.922727 -6.95518e-11 0 1.85868e-17 0 0)
(0.922727 -7.60791e-11 0 1.5941e-17 0 0)
(0.922727 -7.73234e-11 0 1.34157e-17 0 0)
(0.922727 -7.52846e-11 0 1.11922e-17 0 0)
(0.922727 -7.23177e-11 0 9.40142e-18 0 0)
(0.922727 -6.75743e-11 0 8.08259e-18 0 0)
(0.922727 -5.94044e-11 0 7.23692e-18 0 0)
(0.922727 -4.70336e-11 0 6.86296e-18 0 0)
(0.922727 -3.04962e-11 0 6.97529e-18 0 0)
(0.922727 -9.03601e-12 0 7.60816e-18 0 0)
(0.922727 1.8959e-11 0 8.8207e-18 0 0)
(0.922727 5.49578e-11 0 1.07024e-17 0 0)
(0.922727 1.00176e-10 0 1.33679e-17 0 0)
(0.922727 1.54732e-10 0 1.69296e-17 0 0)
(0.922727 2.24685e-10 0 2.13164e-17 0 0)
(0.922727 2.37894e-10 0 2.59003e-17 0 0)
(0.922727 1.37457e-10 0 2.82288e-17 0 0)
(1.09449 -1.62071e-10 0 2.5639e-17 0 0)
(1.09449 -2.28795e-10 0 2.35523e-17 0 0)
(1.09449 -9.32985e-11 0 2.12117e-17 0 0)
(1.09449 -7.19921e-11 0 1.93067e-17 0 0)
(1.09449 -6.21683e-11 0 1.7155e-17 0 0)
(1.09449 -6.15941e-11 0 1.48633e-17 0 0)
(1.09449 -5.99595e-11 0 1.2652e-17 0 0)
(1.09449 -5.81986e-11 0 1.07271e-17 0 0)
(1.09449 -5.5005e-11 0 9.21999e-18 0 0)
(1.09449 -4.8754e-11 0 8.20356e-18 0 0)
(1.09449 -3.8175e-11 0 7.73069e-18 0 0)
(1.09449 -2.26082e-11 0 7.85433e-18 0 0)
(1.09449 -9.53402e-13 0 8.63601e-18 0 0)
(1.09449 2.83593e-11 0 1.01469e-17 0 0)
(1.09449 6.64182e-11 0 1.24501e-17 0 0)
(1.09449 1.14819e-10 0 1.55516e-17 0 0)
(1.09449 1.75507e-10 0 1.92941e-17 0 0)
(1.09449 2.48122e-10 0 2.32345e-17 0 0)
(1.09449 2.49054e-10 0 2.61856e-17 0 0)
(1.09449 8.11648e-11 0 2.63555e-17 0 0)
(1.22166 -2.14746e-10 0 2.40363e-17 0 0)
(1.22166 -2.77365e-10 0 2.29728e-17 0 0)
(1.22166 -1.58133e-10 0 2.08312e-17 0 0)
(1.22166 -1.23263e-10 0 1.91516e-17 0 0)
(1.22166 -1.05017e-10 0 1.72887e-17 0 0)
(1.22166 -9.77884e-11 0 1.52779e-17 0 0)
(1.22166 -8.92976e-11 0 1.32728e-17 0 0)
(1.22166 -7.93376e-11 0 1.14675e-17 0 0)
(1.22166 -6.63734e-11 0 1.00122e-17 0 0)
(1.22166 -4.98069e-11 0 9.02017e-18 0 0)
(1.22166 -2.83772e-11 0 8.57938e-18 0 0)
(1.22166 -1.43635e-12 0 8.76324e-18 0 0)
(1.22166 3.22504e-11 0 9.63737e-18 0 0)
(1.22166 7.34418e-11 0 1.12493e-17 0 0)
(1.22166 1.22483e-10 0 1.35981e-17 0 0)
(1.22166 1.80137e-10 0 1.65945e-17 0 0)
(1.22166 2.48631e-10 0 1.99799e-17 0 0)
(1.22166 3.20142e-10 0 2.31778e-17 0 0)
(1.22166 2.67539e-10 0 2.49336e-17 0 0)
(1.22166 4.61329e-11 0 2.40827e-17 0 0)
(1.32288 -1.94741e-10 0 2.03171e-17 0 0)
(1.32288 -2.32911e-10 0 1.98814e-17 0 0)
(1.32288 -1.51732e-10 0 1.79985e-17 0 0)
(1.32288 -1.14389e-10 0 1.65286e-17 0 0)
(1.32288 -1.01955e-10 0 1.49759e-17 0 0)
(1.32288 -9.79099e-11 0 1.33506e-17 0 0)
(1.32288 -9.34912e-11 0 1.17542e-17 0 0)
(1.32288 -8.57949e-11 0 1.03217e-17 0 0)
(1.32288 -7.42395e-11 0 9.17006e-18 0 0)
(1.32288 -5.77741e-11 0 8.39414e-18 0 0)
(1.32288 -3.56236e-11 0 8.07482e-18 0 0)
(1.32288 -7.06737e-12 0 8.27951e-18 0 0)
(1.32288 2.87765e-11 0 9.06098e-18 0 0)
(1.32288 7.24783e-11 0 1.04454e-17 0 0)
(1.32288 1.24543e-10 0 1.24153e-17 0 0)
(1.32288 1.85555e-10 0 1.48707e-17 0 0)
(1.32288 2.59844e-10 0 1.75934e-17 0 0)
(1.32288 3.31924e-10 0 2.00321e-17 0 0)
(1.32288 2.349e-10 0 2.10505e-17 0 0)
(1.32288 9.89404e-12 0 1.9835e-17 0 0)
(1.40685 -1.33106e-10 0 1.66319e-17 0 0)
(1.40685 -1.59763e-10 0 1.65438e-17 0 0)
(1.40685 -1.34423e-10 0 1.4849e-17 0 0)
(1.40685 -1.02749e-10 0 1.35183e-17 0 0)
(1.40685 -9.80179e-11 0 1.22031e-17 0 0)
(1.40685 -9.9543e-11 0 1.08921e-17 0 0)
(1.40685 -9.94197e-11 0 9.66328e-18 0 0)
(1.40685 -9.46486e-11 0 8.59986e-18 0 0)
(1.40685 -8.47128e-11 0 7.77306e-18 0 0)
(1.40685 -6.86368e-11 0 7.23842e-18 0 0)
(1.40685 -4.59911e-11 0 7.04698e-18 0 0)
(1.40685 -1.6292e-11 0 7.24529e-18 0 0)
(1.40685 2.09274e-11 0 7.87402e-18 0 0)
(1.40685 6.62997e-11 0 8.95763e-18 0 0)
(1.40685 1.19882e-10 0 1.04887e-17 0 0)
(1.40685 1.82607e-10 0 1.24033e-17 0 0)
(1.40685 2.59015e-10 0 1.45441e-17 0 0)
(1.40685 3.23568e-10 0 1.64061e-17 0 0)
(1.40685 1.85692e-10 0 1.70624e-17 0 0)
(1.40685 -2.10112e-11 0 1.58189e-17 0 0)
(1.4784 -4.58337e-11 0 1.35295e-17 0 0)
(1.4784 -7.37966e-11 0 1.36173e-17 0 0)
(1.4784 -1.06247e-10 0 1.19944e-17 0 0)
(1.4784 -8.36878e-11 0 1.07231e-17 0 0)
(1.4784 -8.48336e-11 0 9.58623e-18 0 0)
(1.4784 -9.18112e-11 0 8.52843e-18 0 0)
(1.4784 -9.67083e-11 0 7.6058e-18 0 0)
(1.4784 -9.63173e-11 0 6.85759e-18 0 0)
(1.4784 -8.95671e-11 0 6.30773e-18 0 0)
(1.4784 -7.60344e-11 0 5.97723e-18 0 0)
(1.4784 -5.53897e-11 0 5.88647e-18 0 0)
(1.4784 -2.72851e-11 0 6.06242e-18 0 0)
(1.4784 8.69115e-12 0 6.53714e-18 0 0)
(1.4784 5.27435e-11 0 7.33717e-18 0 0)
(1.4784 1.04903e-10 0 8.47506e-18 0 0)
(1.4784 1.65919e-10 0 9.92449e-18 0 0)
(1.4784 2.40356e-10 0 1.15926e-17 0 0)
(1.4784 2.90862e-10 0 1.30179e-17 0 0)
(1.4784 1.19594e-10 0 1.35567e-17 0 0)
(1.4784 -5.52789e-11 0 1.25209e-17 0 0)
(1.54054 5.59208e-11 0 1.10377e-17 0 0)
(1.54054 2.09892e-11 0 1.11668e-17 0 0)
(1.54054 -6.66709e-11 0 9.57198e-18 0 0)
(1.54054 -5.77527e-11 0 8.36118e-18 0 0)
(1.54054 -6.49436e-11 0 7.38578e-18 0 0)
(1.54054 -7.74008e-11 0 6.54168e-18 0 0)
(1.54054 -8.83508e-11 0 5.86496e-18 0 0)
(1.54054 -9.26983e-11 0 5.35673e-18 0 0)
(1.54054 -9.02639e-11 0 5.01211e-18 0 0)
(1.54054 -8.05014e-11 0 4.82683e-18 0 0)
(1.54054 -6.37298e-11 0 4.80049e-18 0 0)
(1.54054 -3.91606e-11 0 4.94636e-18 0 0)
(1.54054 -6.52005e-12 0 5.29113e-18 0 0)
(1.54054 3.38288e-11 0 5.86364e-18 0 0)
(1.54054 8.19288e-11 0 6.69012e-18 0 0)
(1.54054 1.38265e-10 0 7.77414e-18 0 0)
(1.54054 2.06897e-10 0 9.07039e-18 0 0)
(1.54054 2.40381e-10 0 1.01807e-17 0 0)
(1.54054 4.12161e-11 0 1.07346e-17 0 0)
(1.54054 -9.16729e-11 0 1.00086e-17 0 0)
(1.59524 1.53851e-10 0 9.13656e-18 0 0)
(1.59524 1.18204e-10 0 9.1888e-18 0 0)
(1.59524 -2.19551e-11 0 7.60882e-18 0 0)
(1.59524 -2.92586e-11 0 6.46444e-18 0 0)
(1.59524 -4.15268e-11 0 5.63021e-18 0 0)
(1.59524 -5.82734e-11 0 4.96504e-18 0 0)
(1.59524 -7.46139e-11 0 4.4813e-18 0 0)
(1.59524 -8.36199e-11 0 4.15082e-18 0 0)
(1.59524 -8.59405e-11 0 3.95007e-18 0 0)
(1.59524 -8.07241e-11 0 3.86055e-18 0 0)
(1.59524 -6.90657e-11 0 3.87025e-18 0 0)
(1.59524 -4.9409e-11 0 3.98303e-18 0 0)
(1.59524 -2.20625e-11 0 4.22356e-18 0 0)
(1.59524 1.25726e-11 0 4.62246e-18 0 0)
(1.59524 5.44765e-11 0 5.21247e-18 0 0)
(1.59524 1.03942e-10 0 6.01799e-18 0 0)
(1.59524 1.63921e-10 0 7.02478e-18 0 0)
(1.59524 1.80824e-10 0 7.9211e-18 0 0)
(1.59524 -4.26796e-11 0 8.56178e-18 0 0)
(1.59524 -1.28496e-10 0 8.17247e-18 0 0)
(1.6439 2.58131e-10 0 7.62539e-18 0 0)
(1.6439 2.22158e-10 0 7.56679e-18 0 0)
(1.6439 3.0368e-11 0 6.02233e-18 0 0)
(1.6439 3.51833e-12 0 4.96876e-18 0 0)
(1.6439 -1.53883e-11 0 4.26618e-18 0 0)
(1.6439 -3.72598e-11 0 3.75084e-18 0 0)
(1.6439 -5.85921e-11 0 3.41247e-18 0 0)
(1.6439 -7.23228e-11 0 3.20822e-18 0 0)
(1.6439 -7.93856e-11 0 3.10338e-18 0 0)
(1.6439 -7.93151e-11 0 3.07246e-18 0 0)
(1.6439 -7.28805e-11 0 3.09906e-18 0 0)
(1.6439 -5.88476e-11 0 3.18065e-18 0 0)
(1.6439 -3.78228e-11 0 3.34277e-18 0 0)
(1.6439 -1.01279e-11 0 3.61352e-18 0 0)
(1.6439 2.38991e-11 0 4.02935e-18 0 0)
(1.6439 6.42032e-11 0 4.62524e-18 0 0)
(1.6439 1.12186e-10 0 5.40596e-18 0 0)
(1.6439 1.09871e-10 0 6.15257e-18 0 0)
(1.6439 -1.36943e-10 0 6.9011e-18 0 0)
(1.6439 -1.65703e-10 0 6.8474e-18 0 0)
(1.68753 3.61557e-10 0 6.42239e-18 0 0)
(1.68753 3.22382e-10 0 6.25712e-18 0 0)
(1.68753 8.04705e-11 0 4.77127e-18 0 0)
(1.68753 3.24173e-11 0 3.82325e-18 0 0)
(1.68753 5.91354e-12 0 3.23745e-18 0 0)
(1.68753 -2.07805e-11 0 2.83687e-18 0 0)
(1.68753 -4.53786e-11 0 2.59752e-18 0 0)
(1.68753 -6.21645e-11 0 2.47392e-18 0 0)
(1.68753 -7.22317e-11 0 2.427e-18 0 0)
(1.68753 -7.58453e-11 0 2.42833e-18 0 0)
(1.68753 -7.32687e-11 0 2.46108e-18 0 0)
(1.68753 -6.38826e-11 0 2.52111e-18 0 0)
(1.68753 -4.85673e-11 0 2.62933e-18 0 0)
(1.68753 -2.76679e-11 0 2.8138e-18 0 0)
(1.68753 -2.04703e-12 0 3.11025e-18 0 0)
(1.68753 2.76161e-11 0 3.55691e-18 0 0)
(1.68753 6.08698e-11 0 4.1662e-18 0 0)
(1.68753 3.59648e-11 0 4.80593e-18 0 0)
(1.68753 -2.34297e-10 0 5.64877e-18 0 0)
(1.68753 -2.00828e-10 0 5.86971e-18 0 0)
(1.72692 4.62853e-10 0 5.47057e-18 0 0)
(1.72692 4.18368e-10 0 5.21372e-18 0 0)
(1.72692 1.30219e-10 0 3.81076e-18 0 0)
(1.72692 6.05296e-11 0 2.98836e-18 0 0)
(1.72692 2.50058e-11 0 2.51069e-18 0 0)
(1.72692 -6.64219e-12 0 2.19752e-18 0 0)
(1.72692 -3.40544e-11 0 2.02163e-18 0 0)
(1.72692 -5.31488e-11 0 1.94206e-18 0 0)
(1.72692 -6.55047e-11 0 1.92217e-18 0 0)
(1.72692 -7.1828e-11 0 1.93469e-18 0 0)
(1.72692 -7.23402e-11 0 1.96422e-18 0 0)
(1.72692 -6.70507e-11 0 2.00798e-18 0 0)
(1.72692 -5.69926e-11 0 2.08296e-18 0 0)
(1.72692 -4.2691e-11 0 2.21462e-18 0 0)
(1.72692 -2.55498e-11 0 2.43627e-18 0 0)
(1.72692 -7.2253e-12 0 2.78294e-18 0 0)
(1.72692 9.95602e-12 0 3.26928e-18 0 0)
(1.72692 -3.90361e-11 0 3.83724e-18 0 0)
(1.72692 -3.3131e-10 0 4.75299e-18 0 0)
(1.72692 -2.33744e-10 0 5.1692e-18 0 0)
(1.76264 5.39482e-10 0 4.77565e-18 0 0)
(1.76264 4.97645e-10 0 4.4161e-18 0 0)
(1.76264 1.72212e-10 0 3.0849e-18 0 0)
(1.76264 8.49556e-11 0 2.37006e-18 0 0)
(1.76264 4.16387e-11 0 1.9818e-18 0 0)
(1.76264 6.87257e-12 0 1.72938e-18 0 0)
(1.76264 -2.18684e-11 0 1.58868e-18 0 0)
(1.76264 -4.22938e-11 0 1.5276e-18 0 0)
(1.76264 -5.64465e-11 0 1.51386e-18 0 0)
(1.76264 -6.4924e-11 0 1.52404e-18 0 0)
(1.76264 -6.8218e-11 0 1.54595e-18 0 0)
(1.76264 -6.70405e-11 0 1.57784e-18 0 0)
(1.76264 -6.2068e-11 0 1.63488e-18 0 0)
(1.76264 -5.43475e-11 0 1.73967e-18 0 0)
(1.76264 -4.54415e-11 0 1.92135e-18 0 0)
(1.76264 -3.78487e-11 0 2.20941e-18 0 0)
(1.76264 -3.59638e-11 0 2.6149e-18 0 0)
(1.76264 -1.0674e-10 0 3.14337e-18 0 0)
(1.76264 -4.14429e-10 0 4.10793e-18 0 0)
(1.76264 -2.65022e-10 0 4.60861e-18 0 0)
(1.79518 5.97988e-10 0 4.29091e-18 0 0)
(1.79518 5.63726e-10 0 3.85406e-18 0 0)
(1.79518 2.0845e-10 0 2.59477e-18 0 0)
(1.79518 1.0661e-10 0 1.97546e-18 0 0)
(1.79518 5.61439e-11 0 1.66073e-18 0 0)
(1.79518 1.94632e-11 0 1.44912e-18 0 0)
(1.79518 -9.95853e-12 0 1.32404e-18 0 0)
(1.79518 -3.1137e-11 0 1.26284e-18 0 0)
(1.79518 -4.6484e-11 0 1.24039e-18 0 0)
(1.79518 -5.68249e-11 0 1.23878e-18 0 0)
(1.79518 -6.27142e-11 0 1.24986e-18 0 0)
(1.79518 -6.54564e-11 0 1.27362e-18 0 0)
(1.79518 -6.52285e-11 0 1.32383e-18 0 0)
(1.79518 -6.37073e-11 0 1.42001e-18 0 0)
(1.79518 -6.26736e-11 0 1.58578e-18 0 0)
(1.79518 -6.51087e-11 0 1.84361e-18 0 0)
(1.79518 -7.73971e-11 0 2.19915e-18 0 0)
(1.79518 -1.67888e-10 0 2.70711e-18 0 0)
(1.79518 -4.84302e-10 0 3.6923e-18 0 0)
(1.79518 -2.93679e-10 0 4.193e-18 0 0)
(1.82492 6.47115e-10 0 3.8932e-18 0 0)
(1.82492 6.19865e-10 0 3.4089e-18 0 0)
(1.82492 2.37456e-10 0 2.2306e-18 0 0)
(1.82492 1.2036e-10 0 1.70596e-18 0 0)
(1.82492 6.33535e-11 0 1.45448e-18 0 0)
(1.82492 2.52876e-11 0 1.2719e-18 0 0)
(1.82492 -3.84811e-12 0 1.14899e-18 0 0)
(1.82492 -2.45259e-11 0 1.07437e-18 0 0)
(1.82492 -3.96911e-11 0 1.03254e-18 0 0)
(1.82492 -5.0291e-11 0 1.01275e-18 0 0)
(1.82492 -5.72413e-11 0 1.01102e-18 0 0)
(1.82492 -6.19962e-11 0 1.02979e-18 0 0)
(1.82492 -6.48077e-11 0 1.08115e-18 0 0)
(1.82492 -6.76921e-11 0 1.18092e-18 0 0)
(1.82492 -7.29143e-11 0 1.34595e-18 0 0)
(1.82492 -8.40156e-11 0 1.5905e-18 0 0)
(1.82492 -1.09118e-10 0 1.91712e-18 0 0)
(1.82492 -2.18511e-10 0 2.4134e-18 0 0)
(1.82492 -5.41453e-10 0 3.40226e-18 0 0)
(1.82492 -3.17179e-10 0 3.85425e-18 0 0)
(1.85217 6.82178e-10 0 3.58825e-18 0 0)
(1.85217 6.6283e-10 0 3.08144e-18 0 0)
(1.85217 2.57714e-10 0 1.9866e-18 0 0)
(1.85217 1.27088e-10 0 1.55321e-18 0 0)
(1.85217 6.43566e-11 0 1.35675e-18 0 0)
(1.85217 2.59994e-11 0 1.19742e-18 0 0)
(1.85217 -1.68601e-12 0 1.07104e-18 0 0)
(1.85217 -2.04503e-11 0 9.77203e-19 0 0)
(1.85217 -3.40144e-11 0 9.11359e-19 0 0)
(1.85217 -4.34768e-11 0 8.70384e-19 0 0)
(1.85217 -5.00974e-11 0 8.54885e-19 0 0)
(1.85217 -5.54179e-11 0 8.69825e-19 0 0)
(1.85217 -6.00432e-11 0 9.25553e-19 0 0)
(1.85217 -6.6113e-11 0 1.03367e-18 0 0)
(1.85217 -7.64227e-11 0 1.20405e-18 0 0)
(1.85217 -9.53645e-11 0 1.44263e-18 0 0)
(1.85217 -1.32648e-10 0 1.75087e-18 0 0)
(1.85217 -2.5959e-10 0 2.24227e-18 0 0)
(1.85217 -5.87131e-10 0 3.22716e-18 0 0)
(1.85217 -3.37919e-10 0 3.60326e-18 0 0)
(1.87719 7.04039e-10 0 3.33152e-18 0 0)
(1.87719 6.93405e-10 0 2.81954e-18 0 0)
(1.87719 2.70084e-10 0 1.80359e-18 0 0)
(1.87719 1.27753e-10 0 1.45327e-18 0 0)
(1.87719 6.00752e-11 0 1.30381e-18 0 0)
(1.87719 2.21561e-11 0 1.16468e-18 0 0)
(1.87719 -3.35716e-12 0 1.03373e-18 0 0)
(1.87719 -1.93029e-11 0 9.20729e-19 0 0)
(1.87719 -3.01927e-11 0 8.31037e-19 0 0)
(1.87719 -3.73292e-11 0 7.69293e-19 0 0)
(1.87719 -4.23579e-11 0 7.40544e-19 0 0)
(1.87719 -4.6841e-11 0 7.51949e-19 0 0)
(1.87719 -5.19642e-11 0 8.12043e-19 0 0)
(1.87719 -5.98524e-11 0 9.28143e-19 0 0)
(1.87719 -7.38329e-11 0 1.10279e-18 0 0)
(1.87719 -9.93269e-11 0 1.33502e-18 0 0)
(1.87719 -1.47328e-10 0 1.62457e-18 0 0)
(1.87719 -2.90291e-10 0 2.10708e-18 0 0)
(1.87719 -6.20309e-10 0 3.08823e-18 0 0)
(1.87719 -3.55127e-10 0 3.39113e-18 0 0)
(1.90022 7.12018e-10 0 3.14014e-18 0 0)
(1.90022 7.12038e-10 0 2.64734e-18 0 0)
(1.90022 2.77195e-10 0 1.69926e-18 0 0)
(1.90022 1.26113e-10 0 1.41805e-18 0 0)
(1.90022 5.40472e-11 0 1.30689e-18 0 0)
(1.90022 1.69159e-11 0 1.18373e-18 0 0)
(1.90022 -5.97779e-12 0 1.04728e-18 0 0)
(1.90022 -1.89227e-11 0 9.15874e-19 0 0)
(1.90022 -2.70922e-11 0 8.03526e-19 0 0)
(1.90022 -3.17933e-11 0 7.22408e-19 0 0)
(1.90022 -3.49384e-11 0 6.81761e-19 0 0)
(1.90022 -3.83044e-11 0 6.90466e-19 0 0)
(1.90022 -4.33744e-11 0 7.55558e-19 0 0)
(1.90022 -5.23714e-11 0 8.80131e-19 0 0)
(1.90022 -6.90627e-11 0 1.06061e-18 0 0)
(1.90022 -9.9751e-11 0 1.28885e-18 0 0)
(1.90022 -1.56727e-10 0 1.56375e-18 0 0)
(1.90022 -3.11986e-10 0 2.02692e-18 0 0)
(1.90022 -6.40422e-10 0 2.99047e-18 0 0)
(1.90022 -3.67731e-10 0 3.23321e-18 0 0)
(1.92143 6.97171e-10 0 2.99354e-18 0 0)
(1.92143 7.10261e-10 0 2.54017e-18 0 0)
(1.92143 2.71204e-10 0 1.64338e-18 0 0)
(1.92143 1.16092e-10 0 1.40942e-18 0 0)
(1.92143 4.15463e-11 0 1.3291e-18 0 0)
(1.92143 6.95738e-12 0 1.21905e-18 0 0)
(1.92143 -1.16471e-11 0 1.07903e-18 0 0)
(1.92143 -2.00815e-11 0 9.32965e-19 0 0)
(1.92143 -2.3645e-11 0 8.02522e-19 0 0)
(1.92143 -2.45538e-11 0 7.04997e-19 0 0)
(1.92143 -2.44244e-11 0 6.54015e-19 0 0)
(1.92143 -2.52653e-11 0 6.59618e-19 0 0)
(1.92143 -2.88318e-11 0 7.27587e-19 0 0)
(1.92143 -3.75736e-11 0 8.57273e-19 0 0)
(1.92143 -5.57211e-11 0 1.04004e-18 0 0)
(1.92143 -9.03671e-11 0 1.26309e-18 0 0)
(1.92143 -1.54567e-10 0 1.52456e-18 0 0)
(1.92143 -3.18577e-10 0 1.96243e-18 0 0)
(1.92143 -6.46516e-10 0 2.91897e-18 0 0)
(1.92143 -3.81336e-10 0 3.09558e-18 0 0)
(1.94105 6.81553e-10 0 2.97489e-18 0 0)
(1.94105 7.05198e-10 0 2.55761e-18 0 0)
(1.94105 2.62438e-10 0 1.67594e-18 0 0)
(1.94105 1.02006e-10 0 1.46251e-18 0 0)
(1.94105 2.43747e-11 0 1.40295e-18 0 0)
(1.94105 -8.57296e-12 0 1.30197e-18 0 0)
(1.94105 -2.31158e-11 0 1.15923e-18 0 0)
(1.94105 -2.67617e-11 0 1.00179e-18 0 0)
(1.94105 -2.49874e-11 0 8.5688e-19 0 0)
(1.94105 -2.06421e-11 0 7.46477e-19 0 0)
(1.94105 -1.5663e-11 0 6.87178e-19 0 0)
(1.94105 -1.20863e-11 0 6.90487e-19 0 0)
(1.94105 -1.20315e-11 0 7.61163e-19 0 0)
(1.94105 -1.85591e-11 0 8.94909e-19 0 0)
(1.94105 -3.63489e-11 0 1.07981e-18 0 0)
(1.94105 -7.37326e-11 0 1.3014e-18 0 0)
(1.94105 -1.45264e-10 0 1.56022e-18 0 0)
(1.94105 -3.16494e-10 0 1.98642e-18 0 0)
(1.94105 -6.47914e-10 0 2.93557e-18 0 0)
(1.94105 -3.93502e-10 0 3.04393e-18 0 0)
(1.95965 6.63318e-10 0 3.049e-18 0 0)
(1.95965 6.90371e-10 0 2.63766e-18 0 0)
(1.95965 2.3478e-10 0 1.75106e-18 0 0)
(1.95965 6.41219e-11 0 1.55295e-18 0 0)
(1.95965 -1.75541e-11 0 1.51146e-18 0 0)
(1.95965 -4.76441e-11 0 1.41978e-18 0 0)
(1.95965 -5.57198e-11 0 1.27433e-18 0 0)
(1.95965 -5.11524e-11 0 1.10623e-18 0 0)
(1.95965 -3.98375e-11 0 9.48029e-19 0 0)
(1.95965 -2.51218e-11 0 8.26884e-19 0 0)
(1.95965 -9.9529e-12 0 7.61102e-19 0 0)
(1.95965 3.88566e-12 0 7.64126e-19 0 0)
(1.95965 1.34278e-11 0 8.38332e-19 0 0)
(1.95965 1.51857e-11 0 9.76361e-19 0 0)
(1.95965 3.63664e-12 0 1.16303e-18 0 0)
(1.95965 -3.1368e-11 0 1.38238e-18 0 0)
(1.95965 -1.0736e-10 0 1.63913e-18 0 0)
(1.95965 -2.86795e-10 0 2.05356e-18 0 0)
(1.95965 -6.25743e-10 0 3.0002e-18 0 0)
(1.95965 -3.90248e-10 0 3.06862e-18 0 0)
(1.9776 6.58109e-10 0 3.14756e-18 0 0)
(1.9776 6.92175e-10 0 2.7003e-18 0 0)
(1.9776 2.30738e-10 0 1.90564e-18 0 0)
(1.9776 4.08013e-11 0 1.75801e-18 0 0)
(1.9776 -4.84658e-11 0 1.71299e-18 0 0)
(1.9776 -7.85475e-11 0 1.59229e-18 0 0)
(1.9776 -8.19644e-11 0 1.40869e-18 0 0)
(1.9776 -6.99635e-11 0 1.20448e-18 0 0)
(1.9776 -5.03415e-11 0 1.02035e-18 0 0)
(1.9776 -2.72365e-11 0 8.86785e-19 0 0)
(1.9776 -3.97476e-12 0 8.22801e-19 0 0)
(1.9776 1.66296e-11 0 8.39232e-19 0 0)
(1.9776 3.17053e-11 0 9.36176e-19 0 0)
(1.9776 3.73328e-11 0 1.10254e-18 0 0)
(1.9776 2.78395e-11 0 1.31869e-18 0 0)
(1.9776 -7.83254e-12 0 1.56214e-18 0 0)
(1.9776 -8.90204e-11 0 1.82827e-18 0 0)
(1.9776 -2.82195e-10 0 2.21593e-18 0 0)
(1.9776 -6.10039e-10 0 3.15663e-18 0 0)
(1.9776 -3.86312e-10 0 3.22709e-18 0 0)
(1.99487 5.75807e-10 0 3.07686e-18 0 0)
(1.99487 5.98022e-10 0 2.50897e-18 0 0)
(1.99487 1.84397e-10 0 1.76605e-18 0 0)
(1.99487 2.04467e-11 0 1.63406e-18 0 0)
(1.99487 -5.13004e-11 0 1.60807e-18 0 0)
(1.99487 -7.04195e-11 0 1.50392e-18 0 0)
(1.99487 -6.76568e-11 0 1.33732e-18 0 0)
(1.99487 -5.30624e-11 0 1.15189e-18 0 0)
(1.99487 -3.40545e-11 0 9.8531e-19 0 0)
(1.99487 -1.36832e-11 0 8.66347e-19 0 0)
(1.99487 5.28749e-12 0 8.10034e-19 0 0)
(1.99487 2.15734e-11 0 8.23296e-19 0 0)
(1.99487 3.28269e-11 0 9.01859e-19 0 0)
(1.99487 3.58022e-11 0 1.03215e-18 0 0)
(1.99487 2.59237e-11 0 1.19952e-18 0 0)
(1.99487 -6.65657e-12 0 1.39212e-18 0 0)
(1.99487 -8.36722e-11 0 1.62711e-18 0 0)
(1.99487 -2.54816e-10 0 2.00628e-18 0 0)
(1.99487 -5.3732e-10 0 2.83959e-18 0 0)
(1.99487 -3.26905e-10 0 2.99076e-18 0 0)
(2.01139 4.89066e-10 0 3.42448e-18 0 0)
(2.01139 5.47378e-10 0 2.78093e-18 0 0)
(2.01139 1.58213e-10 0 1.77809e-18 0 0)
(2.01139 2.07888e-11 0 1.41079e-18 0 0)
(2.01139 -3.64571e-11 0 1.36756e-18 0 0)
(2.01139 -4.34421e-11 0 1.33128e-18 0 0)
(2.01139 -3.39193e-11 0 1.27495e-18 0 0)
(2.01139 -1.6258e-11 0 1.20092e-18 0 0)
(2.01139 2.90718e-12 0 1.12467e-18 0 0)
(2.01139 2.06448e-11 0 1.0592e-18 0 0)
(2.01139 3.45355e-11 0 1.01395e-18 0 0)
(2.01139 4.43667e-11 0 9.90704e-19 0 0)
(2.01139 4.96397e-11 0 9.82372e-19 0 0)
(2.01139 4.53092e-11 0 9.89797e-19 0 0)
(2.01139 2.70228e-11 0 1.01935e-18 0 0)
(2.01139 -1.44201e-11 0 1.10601e-18 0 0)
(2.01139 -9.99656e-11 0 1.34446e-18 0 0)
(2.01139 -2.61927e-10 0 1.93225e-18 0 0)
(2.01139 -5.50598e-10 0 2.98048e-18 0 0)
(2.01139 -3.83146e-10 0 3.40265e-18 0 0)
(2.02713 6.05508e-10 0 3.84052e-18 0 0)
(2.02713 6.82502e-10 0 3.24052e-18 0 0)
(2.02713 2.4148e-10 0 2.02266e-18 0 0)
(2.02713 5.11624e-11 0 1.45456e-18 0 0)
(2.02713 -4.13429e-11 0 1.32851e-18 0 0)
(2.02713 -7.49557e-11 0 1.27662e-18 0 0)
(2.02713 -8.20235e-11 0 1.24317e-18 0 0)
(2.02713 -7.38613e-11 0 1.20639e-18 0 0)
(2.02713 -5.75857e-11 0 1.16765e-18 0 0)
(2.02713 -3.73429e-11 0 1.12856e-18 0 0)
(2.02713 -1.7713e-11 0 1.09197e-18 0 0)
(2.02713 6.23237e-13 0 1.06184e-18 0 0)
(2.02713 1.50617e-11 0 1.03564e-18 0 0)
(2.02713 2.12763e-11 0 1.01477e-18 0 0)
(2.02713 1.4375e-11 0 1.01034e-18 0 0)
(2.02713 -1.64967e-11 0 1.06806e-18 0 0)
(2.02713 -9.31153e-11 0 1.30043e-18 0 0)
(2.02713 -2.54977e-10 0 1.91889e-18 0 0)
(2.02713 -5.37545e-10 0 3.16057e-18 0 0)
(2.02713 -3.4517e-10 0 3.41204e-18 0 0)
(2.04203 5.65554e-10 0 3.30357e-18 0 0)
(2.04203 6.68851e-10 0 2.79311e-18 0 0)
(2.04203 2.49312e-10 0 1.75572e-18 0 0)
(2.04203 5.36528e-11 0 1.31086e-18 0 0)
(2.04203 -4.36323e-11 0 1.21349e-18 0 0)
(2.04203 -7.99576e-11 0 1.15442e-18 0 0)
(2.04203 -8.70965e-11 0 1.09955e-18 0 0)
(2.04203 -7.77684e-11 0 1.04266e-18 0 0)
(2.04203 -5.92002e-11 0 9.91769e-19 0 0)
(2.04203 -3.59874e-11 0 9.52864e-19 0 0)
(2.04203 -1.22841e-11 0 9.28341e-19 0 0)
(2.04203 9.42718e-12 0 9.17832e-19 0 0)
(2.04203 2.63528e-11 0 9.15512e-19 0 0)
(2.04203 3.40223e-11 0 9.18501e-19 0 0)
(2.04203 2.72993e-11 0 9.30432e-19 0 0)
(2.04203 -6.24011e-12 0 9.82001e-19 0 0)
(2.04203 -9.01107e-11 0 1.16754e-18 0 0)
(2.04203 -2.63223e-10 0 1.68251e-18 0 0)
(2.04203 -5.28072e-10 0 2.90592e-18 0 0)
(2.04203 -3.50678e-10 0 3.0082e-18 0 0)
(2.05605 5.29438e-10 0 3.19411e-18 0 0)
(2.05605 6.61256e-10 0 2.73985e-18 0 0)
(2.05605 2.68055e-10 0 1.75689e-18 0 0)
(2.05605 7.38902e-11 0 1.30285e-18 0 0)
(2.05605 -2.37394e-11 0 1.17813e-18 0 0)
(2.05605 -6.39968e-11 0 1.10132e-18 0 0)
(2.05605 -7.57361e-11 0 1.03727e-18 0 0)
(2.05605 -7.11181e-11 0 9.78077e-19 0 0)
(2.05605 -5.68815e-11 0 9.29565e-19 0 0)
(2.05605 -3.7521e-11 0 8.97168e-19 0 0)
(2.05605 -1.69149e-11 0 8.83121e-19 0 0)
(2.05605 2.06249e-12 0 8.81544e-19 0 0)
(2.05605 1.69144e-11 0 8.88233e-19 0 0)
(2.05605 2.29385e-11 0 8.96616e-19 0 0)
(2.05605 1.52417e-11 0 9.09455e-19 0 0)
(2.05605 -1.85682e-11 0 9.56124e-19 0 0)
(2.05605 -1.00813e-10 0 1.13097e-18 0 0)
(2.05605 -2.69615e-10 0 1.62546e-18 0 0)
(2.05605 -5.11078e-10 0 2.86761e-18 0 0)
(2.05605 -3.43934e-10 0 2.82507e-18 0 0)
(2.06913 5.08994e-10 0 2.89776e-18 0 0)
(2.06913 6.55571e-10 0 2.47219e-18 0 0)
(2.06913 2.86796e-10 0 1.59388e-18 0 0)
(2.06913 9.34771e-11 0 1.18852e-18 0 0)
(2.06913 -5.50952e-12 0 1.07485e-18 0 0)
(2.06913 -4.99332e-11 0 1.00985e-18 0 0)
(2.06913 -6.58278e-11 0 9.54041e-19 0 0)
(2.06913 -6.53666e-11 0 8.99836e-19 0 0)
(2.06913 -5.50724e-11 0 8.53549e-19 0 0)
(2.06913 -3.93271e-11 0 8.21586e-19 0 0)
(2.06913 -2.19103e-11 0 8.07815e-19 0 0)
(2.06913 -5.66483e-12 0 8.06179e-19 0 0)
(2.06913 6.68873e-12 0 8.11224e-19 0 0)
(2.06913 1.07951e-11 0 8.17772e-19 0 0)
(2.06913 1.93074e-12 0 8.28516e-19 0 0)
(2.06913 -3.19708e-11 0 8.73211e-19 0 0)
(2.06913 -1.1256e-10 0 1.04454e-18 0 0)
(2.06913 -2.7325e-10 0 1.52791e-18 0 0)
(2.06913 -5.02163e-10 0 2.70141e-18 0 0)
(2.06913 -3.35678e-10 0 2.62059e-18 0 0)
(2.08122 4.90302e-10 0 2.58655e-18 0 0)
(2.08122 6.48643e-10 0 2.18642e-18 0 0)
(2.08122 3.04821e-10 0 1.41445e-18 0 0)
(2.08122 1.13102e-10 0 1.06986e-18 0 0)
(2.08122 1.28386e-11 0 9.72698e-19 0 0)
(2.08122 -3.58785e-11 0 9.23623e-19 0 0)
(2.08122 -5.61109e-11 0 8.79549e-19 0 0)
(2.08122 -5.98408e-11 0 8.33066e-19 0 0)
(2.08122 -5.35465e-11 0 7.90744e-19 0 0)
(2.08122 -4.1501e-11 0 7.59414e-19 0 0)
(2.08122 -2.74135e-11 0 7.43222e-19 0 0)
(2.08122 -1.38868e-11 0 7.37469e-19 0 0)
(2.08122 -3.99209e-12 0 7.36956e-19 0 0)
(2.08122 -1.67858e-12 0 7.38222e-19 0 0)
(2.08122 -1.1923e-11 0 7.45664e-19 0 0)
(2.08122 -4.60427e-11 0 7.90902e-19 0 0)
(2.08122 -1.24545e-10 0 9.65103e-19 0 0)
(2.08122 -2.76309e-10 0 1.43999e-18 0 0)
(2.08122 -4.9147e-10 0 2.55518e-18 0 0)
(2.08122 -3.25534e-10 0 2.44166e-18 0 0)
(2.09228 4.74109e-10 0 2.17201e-18 0 0)
(2.09228 6.44252e-10 0 1.81496e-18 0 0)
(2.09228 3.27543e-10 0 1.17281e-18 0 0)
(2.09228 1.39179e-10 0 9.08201e-19 0 0)
(2.09228 3.75826e-11 0 8.40283e-19 0 0)
(2.09228 -1.5699e-11 0 8.14252e-19 0 0)
(2.09228 -4.10128e-11 0 7.86478e-19 0 0)
(2.09228 -4.97381e-11 0 7.50557e-19 0 0)
(2.09228 -4.83815e-11 0 7.13666e-19 0 0)
(2.09228 -4.11073e-11 0 6.83195e-19 0 0)
(2.09228 -3.14764e-11 0 6.63005e-19 0 0)
(2.09228 -2.20254e-11 0 6.50442e-19 0 0)
(2.09228 -1.59944e-11 0 6.41524e-19 0 0)
(2.09228 -1.69819e-11 0 6.3479e-19 0 0)
(2.09228 -3.04758e-11 0 6.3636e-19 0 0)
(2.09228 -6.6491e-11 0 6.81183e-19 0 0)
(2.09228 -1.44955e-10 0 8.5707e-19 0 0)
(2.09228 -2.87674e-10 0 1.32111e-18 0 0)
(2.09228 -4.89336e-10 0 2.33446e-18 0 0)
(2.09228 -3.2143e-10 0 2.23808e-18 0 0)
(2.10227 4.51733e-10 0 1.75994e-18 0 0)
(2.10227 6.3405e-10 0 1.44552e-18 0 0)
(2.10227 3.47892e-10 0 9.32066e-19 0 0)
(2.10227 1.66359e-10 0 7.46576e-19 0 0)
(2.10227 6.46096e-11 0 7.11336e-19 0 0)
(2.10227 7.88592e-12 0 7.07317e-19 0 0)
(2.10227 -2.20444e-11 0 6.95255e-19 0 0)
(2.10227 -3.58405e-11 0 6.70364e-19 0 0)
(2.10227 -3.97744e-11 0 6.39634e-19 0 0)
(2.10227 -3.79278e-11 0 6.10678e-19 0 0)
(2.10227 -3.3561e-11 0 5.86931e-19 0 0)
(2.10227 -2.92282e-11 0 5.67013e-19 0 0)
(2.10227 -2.81528e-11 0 5.48778e-19 0 0)
(2.10227 -3.37181e-11 0 5.3281e-19 0 0)
(2.10227 -5.15935e-11 0 5.28417e-19 0 0)
(2.10227 -9.06163e-11 0 5.71954e-19 0 0)
(2.10227 -1.69321e-10 0 7.48651e-19 0 0)
(2.10227 -3.03847e-10 0 1.19496e-18 0 0)
(2.10227 -4.82857e-10 0 2.14804e-18 0 0)
(2.10227 -3.13937e-10 0 2.04896e-18 0 0)
(2.11112 4.14746e-10 0 1.46373e-18 0 0)
(2.11112 6.1108e-10 0 1.1777e-18 0 0)
(2.11112 3.60314e-10 0 7.59756e-19 0 0)
(2.11112 1.9128e-10 0 6.13631e-19 0 0)
(2.11112 9.2816e-11 0 5.90164e-19 0 0)
(2.11112 3.54317e-11 0 5.95827e-19 0 0)
(2.11112 2.6698e-12 0 5.95601e-19 0 0)
(2.11112 -1.52482e-11 0 5.83544e-19 0 0)
(2.11112 -2.40616e-11 0 5.63793e-19 0 0)
(2.11112 -2.76256e-11 0 5.41791e-19 0 0)
(2.11112 -2.89999e-11 0 5.19672e-19 0 0)
(2.11112 -3.0676e-11 0 4.96397e-19 0 0)
(2.11112 -3.57061e-11 0 4.7138e-19 0 0)
(2.11112 -4.73609e-11 0 4.46821e-19 0 0)
(2.11112 -7.10768e-11 0 4.35033e-19 0 0)
(2.11112 -1.14713e-10 0 4.7376e-19 0 0)
(2.11112 -1.94891e-10 0 6.43854e-19 0 0)
(2.11112 -3.22991e-10 0 1.05952e-18 0 0)
(2.11112 -4.81481e-10 0 1.91481e-18 0 0)
(2.11112 -3.13628e-10 0 1.8244e-18 0 0)
(2.11881 3.69621e-10 0 1.23758e-18 0 0)
(2.11881 5.75207e-10 0 9.85534e-19 0 0)
(2.11881 3.62075e-10 0 6.4424e-19 0 0)
(2.11881 2.10547e-10 0 5.13394e-19 0 0)
(2.11881 1.19314e-10 0 4.87667e-19 0 0)
(2.11881 6.41056e-11 0 4.93573e-19 0 0)
(2.11881 3.054e-11 0 4.99621e-19 0 0)
(2.11881 9.86215e-12 0 4.97812e-19 0 0)
(2.11881 -2.96814e-12 0 4.88345e-19 0 0)
(2.11881 -1.1546e-11 0 4.73947e-19 0 0)
(2.11881 -1.86008e-11 0 4.55249e-19 0 0)
(2.11881 -2.64679e-11 0 4.31384e-19 0 0)
(2.11881 -3.8041e-11 0 4.02856e-19 0 0)
(2.11881 -5.6601e-11 0 3.73437e-19 0 0)
(2.11881 -8.70905e-11 0 3.57781e-19 0 0)
(2.11881 -1.3624e-10 0 3.93782e-19 0 0)
(2.11881 -2.19165e-10 0 5.55475e-19 0 0)
(2.11881 -3.42133e-10 0 9.35544e-19 0 0)
(2.11881 -4.8381e-10 0 1.66272e-18 0 0)
(2.11881 -3.1848e-10 0 1.57579e-18 0 0)
(2.1253 3.20035e-10 0 1.08343e-18 0 0)
(2.1253 5.34176e-10 0 8.58353e-19 0 0)
(2.1253 3.57806e-10 0 5.68849e-19 0 0)
(2.1253 2.26536e-10 0 4.38196e-19 0 0)
(2.1253 1.44271e-10 0 4.02916e-19 0 0)
(2.1253 9.27615e-11 0 4.03706e-19 0 0)
(2.1253 5.93865e-11 0 4.13077e-19 0 0)
(2.1253 3.67129e-11 0 4.19619e-19 0 0)
(2.1253 2.04136e-11 0 4.19689e-19 0 0)
(2.1253 7.17046e-12 0 4.13011e-19 0 0)
(2.1253 -5.44932e-12 0 3.98783e-19 0 0)
(2.1253 -1.95728e-11 0 3.76139e-19 0 0)
(2.1253 -3.79115e-11 0 3.46366e-19 0 0)
(2.1253 -6.35859e-11 0 3.14756e-19 0 0)
(2.1253 -1.01133e-10 0 2.97605e-19 0 0)
(2.1253 -1.56013e-10 0 3.3164e-19 0 0)
(2.1253 -2.41566e-10 0 4.83295e-19 0 0)
(2.1253 -3.60021e-10 0 8.25819e-19 0 0)
(2.1253 -4.87689e-10 0 1.41322e-18 0 0)
(2.1253 -3.26509e-10 0 1.33086e-18 0 0)
(2.13054 2.7509e-10 0 9.59239e-19 0 0)
(2.13054 4.94719e-10 0 7.6044e-19 0 0)
(2.13054 3.52913e-10 0 5.09261e-19 0 0)
(2.13054 2.41105e-10 0 3.80201e-19 0 0)
(2.13054 1.68237e-10 0 3.3586e-19 0 0)
(2.13054 1.20379e-10 0 3.32365e-19 0 0)
(2.13054 8.70902e-11 0 3.44285e-19 0 0)
(2.13054 6.24534e-11 0 3.5793e-19 0 0)
(2.13054 4.25165e-11 0 3.66336e-19 0 0)
(2.13054 2.45309e-11 0 3.66481e-19 0 0)
(2.13054 6.34487e-12 0 3.56364e-19 0 0)
(2.13054 -1.39776e-11 0 3.35185e-19 0 0)
(2.13054 -3.8987e-11 0 3.0487e-19 0 0)
(2.13054 -7.14669e-11 0 2.7224e-19 0 0)
(2.13054 -1.1552e-10 0 2.54762e-19 0 0)
(2.13054 -1.75385e-10 0 2.8767e-19 0 0)
(2.13054 -2.62502e-10 0 4.30153e-19 0 0)
(2.13054 -3.76232e-10 0 7.39464e-19 0 0)
(2.13054 -4.90093e-10 0 1.21923e-18 0 0)
(2.13054 -3.31063e-10 0 1.13752e-18 0 0)
(2.13452 2.36477e-10 0 8.97821e-19 0 0)
(2.13452 4.57786e-10 0 7.14116e-19 0 0)
(2.13452 3.4769e-10 0 4.90216e-19 0 0)
(2.13452 2.54674e-10 0 3.59843e-19 0 0)
(2.13452 1.90943e-10 0 3.07513e-19 0 0)
(2.13452 1.46323e-10 0 2.98708e-19 0 0)
(2.13452 1.1285e-10 0 3.10594e-19 0 0)
(2.13452 8.59141e-11 0 3.28116e-19 0 0)
(2.13452 6.22817e-11 0 3.4207e-19 0 0)
(2.13452 3.96212e-11 0 3.4737e-19 0 0)
(2.13452 1.60084e-11 0 3.4127e-19 0 0)
(2.13452 -1.02532e-11 0 3.23006e-19 0 0)
(2.13452 -4.14803e-11 0 2.95011e-19 0 0)
(2.13452 -8.00133e-11 0 2.65172e-19 0 0)
(2.13452 -1.29606e-10 0 2.51316e-19 0 0)
(2.13452 -1.93838e-10 0 2.86193e-19 0 0)
(2.13452 -2.82134e-10 0 4.2112e-19 0 0)
(2.13452 -3.89927e-10 0 7.00291e-19 0 0)
(2.13452 -4.90823e-10 0 1.08816e-18 0 0)
(2.13452 -3.3268e-10 0 1.01619e-18 0 0)
(2.13722 2.01711e-10 0 1.02595e-18 0 0)
(2.13722 4.21818e-10 0 8.20158e-19 0 0)
(2.13722 3.40306e-10 0 5.98693e-19 0 0)
(2.13722 2.65385e-10 0 4.58984e-19 0 0)
(2.13722 2.10841e-10 0 3.92991e-19 0 0)
(2.13722 1.69537e-10 0 3.72158e-19 0 0)
(2.13722 1.36045e-10 0 3.76625e-19 0 0)
(2.13722 1.06974e-10 0 3.91219e-19 0 0)
(2.13722 7.99838e-11 0 4.05778e-19 0 0)
(2.13722 5.2993e-11 0 4.13927e-19 0 0)
(2.13722 2.44503e-11 0 4.12564e-19 0 0)
(2.13722 -7.13224e-12 0 4.01162e-19 0 0)
(2.13722 -4.38172e-11 0 3.82779e-19 0 0)
(2.13722 -8.76681e-11 0 3.66079e-19 0 0)
(2.13722 -1.41628e-10 0 3.68461e-19 0 0)
(2.13722 -2.09253e-10 0 4.19015e-19 0 0)
(2.13722 -2.97436e-10 0 5.59387e-19 0 0)
(2.13722 -4.00398e-10 0 8.1823e-19 0 0)
(2.13722 -4.90016e-10 0 1.12894e-18 0 0)
(2.13722 -3.3252e-10 0 1.0961e-18 0 0)
(2.13862 1.71026e-10 0 1.93839e-18 0 0)
(2.13862 3.87681e-10 0 1.4794e-18 0 0)
(2.13862 3.31224e-10 0 1.14003e-18 0 0)
(2.13862 2.72584e-10 0 9.2967e-19 0 0)
(2.13862 2.26869e-10 0 8.10433e-19 0 0)
(2.13862 1.88866e-10 0 7.4932e-19 0 0)
(2.13862 1.55639e-10 0 7.25895e-19 0 0)
(2.13862 1.24805e-10 0 7.24037e-19 0 0)
(2.13862 9.48282e-11 0 7.32494e-19 0 0)
(2.13862 6.40287e-11 0 7.44136e-19 0 0)
(2.13862 3.11737e-11 0 7.55731e-19 0 0)
(2.13862 -4.9806e-12 0 7.67297e-19 0 0)
(2.13862 -4.6264e-11 0 7.82949e-19 0 0)
(2.13862 -9.44862e-11 0 8.12436e-19 0 0)
(2.13862 -1.51802e-10 0 8.73377e-19 0 0)
(2.13862 -2.2157e-10 0 9.92662e-19 0 0)
(2.13862 -3.08474e-10 0 1.20578e-18 0 0)
(2.13862 -4.06789e-10 0 1.5327e-18 0 0)
(2.13862 -4.8512e-10 0 1.91788e-18 0 0)
(2.13862 -3.29429e-10 0 2.09319e-18 0 0)
(2.13871 1.40981e-10 0 5.80822e-18 0 0)
(2.13871 3.52845e-10 0 4.32822e-18 0 0)
(2.13871 3.19085e-10 0 3.23299e-18 0 0)
(2.13871 2.75879e-10 0 2.57243e-18 0 0)
(2.13871 2.38533e-10 0 2.21931e-18 0 0)
(2.13871 2.03834e-10 0 2.04999e-18 0 0)
(2.13871 1.71112e-10 0 1.98621e-18 0 0)
(2.13871 1.38993e-10 0 1.98395e-18 0 0)
(2.13871 1.06652e-10 0 2.01939e-18 0 0)
(2.13871 7.29154e-11 0 2.08177e-18 0 0)
(2.13871 3.67115e-11 0 2.16833e-18 0 0)
(2.13871 -2.97151e-12 0 2.28204e-18 0 0)
(2.13871 -4.76184e-11 0 2.43115e-18 0 0)
(2.13871 -9.89079e-11 0 2.63104e-18 0 0)
(2.13871 -1.58183e-10 0 2.90713e-18 0 0)
(2.13871 -2.28813e-10 0 3.29766e-18 0 0)
(2.13871 -3.13435e-10 0 3.85527e-18 0 0)
(2.13871 -4.07175e-10 0 4.63425e-18 0 0)
(2.13871 -4.75869e-10 0 5.61839e-18 0 0)
(2.13871 -3.24376e-10 0 6.38208e-18 0 0)
(2.13751 1.26339e-10 0 1.24325e-18 0 0)
(2.13751 3.29015e-10 0 1.13068e-18 0 0)
(2.13751 3.08013e-10 0 1.04974e-18 0 0)
(2.13751 2.74039e-10 0 9.47427e-19 0 0)
(2.13751 2.41403e-10 0 8.76593e-19 0 0)
(2.13751 2.08599e-10 0 8.36427e-19 0 0)
(2.13751 1.76161e-10 0 8.20172e-19 0 0)
(2.13751 1.43383e-10 0 8.18593e-19 0 0)
(2.13751 1.098e-10 0 8.23726e-19 0 0)
(2.13751 7.44152e-11 0 8.30481e-19 0 0)
(2.13751 3.64248e-11 0 8.36457e-19 0 0)
(2.13751 -5.0545e-12 0 8.42274e-19 0 0)
(2.13751 -5.11673e-11 0 8.50934e-19 0 0)
(2.13751 -1.03459e-10 0 8.69882e-19 0 0)
(2.13751 -1.62578e-10 0 9.1294e-19 0 0)
(2.13751 -2.31682e-10 0 1.00192e-18 0 0)
(2.13751 -3.11513e-10 0 1.15923e-18 0 0)
(2.13751 -3.98625e-10 0 1.40023e-18 0 0)
(2.13751 -4.56099e-10 0 1.68186e-18 0 0)
(2.13751 -3.07601e-10 0 1.78103e-18 0 0)
(2.13505 1.03691e-10 0 4.48069e-19 0 0)
(2.13505 2.84047e-10 0 4.36113e-19 0 0)
(2.13505 2.75962e-10 0 3.64078e-19 0 0)
(2.13505 2.54163e-10 0 3.1436e-19 0 0)
(2.13505 2.29639e-10 0 2.87355e-19 0 0)
(2.13505 2.02001e-10 0 2.76986e-19 0 0)
(2.13505 1.72964e-10 0 2.77221e-19 0 0)
(2.13505 1.42435e-10 0 2.81627e-19 0 0)
(2.13505 1.10358e-10 0 2.8549e-19 0 0)
(2.13505 7.60765e-11 0 2.86123e-19 0 0)
(2.13505 3.89399e-11 0 2.82393e-19 0 0)
(2.13505 -1.68934e-12 0 2.74924e-19 0 0)
(2.13505 -4.66659e-11 0 2.66039e-19 0 0)
(2.13505 -9.7402e-11 0 2.60695e-19 0 0)
(2.13505 -1.54024e-10 0 2.66979e-19 0 0)
(2.13505 -2.19262e-10 0 2.95388e-19 0 0)
(2.13505 -2.93095e-10 0 3.5731e-19 0 0)
(2.13505 -3.73508e-10 0 4.62649e-19 0 0)
(2.13505 -4.22878e-10 0 5.72119e-19 0 0)
(2.13505 -2.8155e-10 0 5.5429e-19 0 0)
(2.13137 7.90993e-11 0 2.09717e-19 0 0)
(2.13137 2.33956e-10 0 1.80284e-19 0 0)
(2.13137 2.38924e-10 0 1.48214e-19 0 0)
(2.13137 2.27373e-10 0 1.23668e-19 0 0)
(2.13137 2.09544e-10 0 1.10554e-19 0 0)
(2.13137 1.87347e-10 0 1.04113e-19 0 0)
(2.13137 1.62711e-10 0 1.01348e-19 0 0)
(2.13137 1.35748e-10 0 9.94873e-20 0 0)
(2.13137 1.06741e-10 0 9.68562e-20 0 0)
(2.13137 7.52146e-11 0 9.27283e-20 0 0)
(2.13137 4.06668e-11 0 8.70392e-20 0 0)
(2.13137 2.68024e-12 0 8.08855e-20 0 0)
(2.13137 -3.93565e-11 0 7.6042e-20 0 0)
(2.13137 -8.66425e-11 0 7.54645e-20 0 0)
(2.13137 -1.38998e-10 0 8.38085e-20 0 0)
(2.13137 -1.98807e-10 0 1.06862e-19 0 0)
(2.13137 -2.65473e-10 0 1.50666e-19 0 0)
(2.13137 -3.39023e-10 0 2.23845e-19 0 0)
(2.13137 -3.81138e-10 0 2.95854e-19 0 0)
(2.13137 -2.50754e-10 0 2.79229e-19 0 0)
(2.12654 5.69111e-11 0 1.52408e-19 0 0)
(2.12654 1.87873e-10 0 1.23508e-19 0 0)
(2.12654 2.01263e-10 0 1.09417e-19 0 0)
(2.12654 1.96344e-10 0 9.85559e-20 0 0)
(2.12654 1.84612e-10 0 9.27641e-20 0 0)
(2.12654 1.67944e-10 0 8.77518e-20 0 0)
(2.12654 1.48299e-10 0 8.22004e-20 0 0)
(2.12654 1.25786e-10 0 7.57333e-20 0 0)
(2.12654 1.00846e-10 0 6.87527e-20 0 0)
(2.12654 7.32139e-11 0 6.19579e-20 0 0)
(2.12654 4.23398e-11 0 5.60444e-20 0 0)
(2.12654 8.12006e-12 0 5.2277e-20 0 0)
(2.12654 -2.98992e-11 0 5.18972e-20 0 0)
(2.12654 -7.27008e-11 0 5.64221e-20 0 0)
(2.12654 -1.20062e-10 0 6.79834e-20 0 0)
(2.12654 -1.74173e-10 0 8.90083e-20 0 0)
(2.12654 -2.34336e-10 0 1.21869e-19 0 0)
(2.12654 -3.01722e-10 0 1.73804e-19 0 0)
(2.12654 -3.3922e-10 0 2.21908e-19 0 0)
(2.12654 -2.21277e-10 0 2.09764e-19 0 0)
(2.12064 4.08446e-11 0 1.12045e-19 0 0)
(2.12064 1.51031e-10 0 8.84293e-20 0 0)
(2.12064 1.66376e-10 0 8.37716e-20 0 0)
(2.12064 1.6534e-10 0 8.23359e-20 0 0)
(2.12064 1.58314e-10 0 8.13869e-20 0 0)
(2.12064 1.46502e-10 0 7.71483e-20 0 0)
(2.12064 1.31702e-10 0 6.95762e-20 0 0)
(2.12064 1.13845e-10 0 5.99662e-20 0 0)
(2.12064 9.33468e-11 0 5.01619e-20 0 0)
(2.12064 7.0054e-11 0 4.18586e-20 0 0)
(2.12064 4.33498e-11 0 3.62698e-20 0 0)
(2.12064 1.33776e-11 0 3.46419e-20 0 0)
(2.12064 -2.02435e-11 0 3.76902e-20 0 0)
(2.12064 -5.83072e-11 0 4.57604e-20 0 0)
(2.12064 -1.00482e-10 0 5.90146e-20 0 0)
(2.12064 -1.49144e-10 0 7.7495e-20 0 0)
(2.12064 -2.03405e-10 0 1.01177e-19 0 0)
(2.12064 -2.6528e-10 0 1.35339e-19 0 0)
(2.12064 -3.00484e-10 0 1.65419e-19 0 0)
(2.12064 -1.96917e-10 0 1.57845e-19 0 0)
(2.11381 2.88267e-11 0 8.01361e-20 0 0)
(2.11381 1.21155e-10 0 6.71918e-20 0 0)
(2.11381 1.37019e-10 0 7.23074e-20 0 0)
(2.11381 1.38595e-10 0 7.77183e-20 0 0)
(2.11381 1.34968e-10 0 7.86912e-20 0 0)
(2.11381 1.26833e-10 0 7.2774e-20 0 0)
(2.11381 1.15897e-10 0 6.17394e-20 0 0)
(2.11381 1.01771e-10 0 4.85102e-20 0 0)
(2.11381 8.49062e-11 0 3.61174e-20 0 0)
(2.11381 6.53602e-11 0 2.70375e-20 0 0)
(2.11381 4.24291e-11 0 2.27113e-20 0 0)
(2.11381 1.63716e-11 0 2.40805e-20 0 0)
(2.11381 -1.31043e-11 0 3.1102e-20 0 0)
(2.11381 -4.65888e-11 0 4.28822e-20 0 0)
(2.11381 -8.36776e-11 0 5.77796e-20 0 0)
(2.11381 -1.26857e-10 0 7.37068e-20 0 0)
(2.11381 -1.74844e-10 0 8.90502e-20 0 0)
(2.11381 -2.31512e-10 0 1.07448e-19 0 0)
(2.11381 -2.64186e-10 0 1.21376e-19 0 0)
(2.11381 -1.73253e-10 0 1.13972e-19 0 0)
(2.10621 2.07684e-11 0 5.40622e-20 0 0)
(2.10621 9.31759e-11 0 4.76681e-20 0 0)
(2.10621 1.06526e-10 0 5.62983e-20 0 0)
(2.10621 1.08559e-10 0 6.42525e-20 0 0)
(2.10621 1.07596e-10 0 6.66147e-20 0 0)
(2.10621 1.02889e-10 0 6.15207e-20 0 0)
(2.10621 9.57008e-11 0 5.10956e-20 0 0)
(2.10621 8.56528e-11 0 3.83811e-20 0 0)
(2.10621 7.29801e-11 0 2.64199e-20 0 0)
(2.10621 5.77922e-11 0 1.77086e-20 0 0)
(2.10621 3.93205e-11 0 1.36508e-20 0 0)
(2.10621 1.80389e-11 0 1.51352e-20 0 0)
(2.10621 -6.35855e-12 0 2.19717e-20 0 0)
(2.10621 -3.41549e-11 0 3.31396e-20 0 0)
(2.10621 -6.50143e-11 0 4.67183e-20 0 0)
(2.10621 -1.01277e-10 0 6.02349e-20 0 0)
(2.10621 -1.4218e-10 0 7.12998e-20 0 0)
(2.10621 -1.92198e-10 0 8.22485e-20 0 0)
(2.10621 -2.22746e-10 0 8.8143e-20 0 0)
(2.10621 -1.45268e-10 0 8.05386e-20 0 0)
(2.09803 2.05406e-11 0 3.97855e-20 0 0)
(2.09803 7.1407e-11 0 3.49407e-20 0 0)
(2.09803 7.7204e-11 0 4.15267e-20 0 0)
(2.09803 7.49246e-11 0 4.65548e-20 0 0)
(2.09803 7.3664e-11 0 4.7208e-20 0 0)
(2.09803 7.10557e-11 0 4.30144e-20 0 0)
(2.09803 6.7052e-11 0 3.54504e-20 0 0)
(2.09803 6.08686e-11 0 2.65755e-20 0 0)
(2.09803 5.27755e-11 0 1.8362e-20 0 0)
(2.09803 4.27052e-11 0 1.23463e-20 0 0)
(2.09803 3.00289e-11 0 9.44366e-21 0 0)
(2.09803 1.52744e-11 0 1.01925e-20 0 0)
(2.09803 -1.93487e-12 0 1.44538e-20 0 0)
(2.09803 -2.16322e-11 0 2.15719e-20 0 0)
(2.09803 -4.38186e-11 0 3.03183e-20 0 0)
(2.09803 -6.9859e-11 0 3.9184e-20 0 0)
(2.09803 -1.01448e-10 0 4.66667e-20 0 0)
(2.09803 -1.40951e-10 0 5.40348e-20 0 0)
(2.09803 -1.69395e-10 0 6.06277e-20 0 0)
(2.09803 -1.0819e-10 0 6.14195e-20 0 0)
(2.08949 2.86517e-11 0 4.39178e-20 0 0)
(2.08949 6.33991e-11 0 3.41909e-20 0 0)
(2.08949 6.1446e-11 0 3.69005e-20 0 0)
(2.08949 5.43052e-11 0 3.92853e-20 0 0)
(2.08949 5.05902e-11 0 3.93417e-20 0 0)
(2.08949 4.71021e-11 0 3.66012e-20 0 0)
(2.08949 4.33161e-11 0 3.18429e-20 0 0)
(2.08949 3.82618e-11 0 2.61279e-20 0 0)
(2.08949 3.22088e-11 0 2.05418e-20 0 0)
(2.08949 2.50232e-11 0 1.6011e-20 0 0)
(2.08949 1.63636e-11 0 1.32076e-20 0 0)
(2.08949 6.54063e-12 0 1.2603e-20 0 0)
(2.08949 -4.72372e-12 0 1.43412e-20 0 0)
(2.08949 -1.73672e-11 0 1.82875e-20 0 0)
(2.08949 -3.16044e-11 0 2.39826e-20 0 0)
(2.08949 -4.85155e-11 0 3.08081e-20 0 0)
(2.08949 -6.97254e-11 0 3.79141e-20 0 0)
(2.08949 -9.86318e-11 0 4.61547e-20 0 0)
(2.08949 -1.22868e-10 0 5.67415e-20 0 0)
(2.08949 -7.4034e-11 0 6.5994e-20 0 0)
(2.08085 2.76869e-11 0 9.39844e-20 0 0)
(2.08085 5.25727e-11 0 7.54414e-20 0 0)
(2.08085 4.73891e-11 0 6.97195e-20 0 0)
(2.08085 3.87715e-11 0 6.5808e-20 0 0)
(2.08085 3.4081e-11 0 6.20147e-20 0 0)
(2.08085 3.04567e-11 0 5.78983e-20 0 0)
(2.08085 2.70633e-11 0 5.35202e-20 0 0)
(2.08085 2.30621e-11 0 4.91699e-20 0 0)
(2.08085 1.85886e-11 0 4.52829e-20 0 0)
(2.08085 1.35161e-11 0 4.21522e-20 0 0)
(2.08085 7.71083e-12 0 4.00052e-20 0 0)
(2.08085 1.34456e-12 0 3.91479e-20 0 0)
(2.08085 -5.71845e-12 0 3.98967e-20 0 0)
(2.08085 -1.34336e-11 0 4.24455e-20 0 0)
(2.08085 -2.20104e-11 0 4.69818e-20 0 0)
(2.08085 -3.23699e-11 0 5.36623e-20 0 0)
(2.08085 -4.55447e-11 0 6.24416e-20 0 0)
(2.08085 -6.66146e-11 0 7.46639e-20 0 0)
(2.08085 -8.5838e-11 0 9.11925e-20 0 0)
(2.08085 -5.05998e-11 0 1.09671e-19 0 0)
(2.07238 2.57983e-11 0 2.42442e-19 0 0)
(2.07238 4.40408e-11 0 2.21348e-19 0 0)
(2.07238 3.66116e-11 0 2.00203e-19 0 0)
(2.07238 2.67007e-11 0 1.78489e-19 0 0)
(2.07238 2.11681e-11 0 1.5879e-19 0 0)
(2.07238 1.73189e-11 0 1.42932e-19 0 0)
(2.07238 1.40533e-11 0 1.31357e-19 0 0)
(2.07238 1.06085e-11 0 1.23609e-19 0 0)
(2.07238 7.21825e-12 0 1.19144e-19 0 0)
(2.07238 3.72583e-12 0 1.17334e-19 0 0)
(2.07238 1.30115e-13 0 1.17469e-19 0 0)
(2.07238 -3.41287e-12 0 1.1929e-19 0 0)
(2.07238 -7.07096e-12 0 1.22898e-19 0 0)
(2.07238 -1.07513e-11 0 1.28684e-19 0 0)
(2.07238 -1.46134e-11 0 1.37295e-19 0 0)
(2.07238 -1.97675e-11 0 1.49432e-19 0 0)
(2.07238 -2.64952e-11 0 1.65492e-19 0 0)
(2.07238 -4.00289e-11 0 1.8593e-19 0 0)
(2.07238 -5.39241e-11 0 2.10749e-19 0 0)
(2.07238 -3.13884e-11 0 2.38313e-19 0 0)
(2.06432 2.02264e-11 0 1.69713e-19 0 0)
(2.06432 3.29163e-11 0 1.19758e-19 0 0)
(2.06432 2.5653e-11 0 7.87656e-20 0 0)
(2.06432 1.6723e-11 0 5.38259e-20 0 0)
(2.06432 1.16682e-11 0 4.37531e-20 0 0)
(2.06432 8.28705e-12 0 4.46799e-20 0 0)
(2.06432 5.50172e-12 0 5.24691e-20 0 0)
(2.06432 2.70864e-12 0 6.33117e-20 0 0)
(2.06432 2.11903e-13 0 7.40421e-20 0 0)
(2.06432 -2.08951e-12 0 8.23497e-20 0 0)
(2.06432 -4.17597e-12 0 8.66084e-20 0 0)
(2.06432 -5.76263e-12 0 8.56898e-20 0 0)
(2.06432 -7.05028e-12 0 7.92794e-20 0 0)
(2.06432 -8.06648e-12 0 6.8748e-20 0 0)
(2.06432 -8.86746e-12 0 5.77471e-20 0 0)
(2.06432 -1.00999e-11 0 5.19517e-20 0 0)
(2.06432 -1.24831e-11 0 5.89505e-20 0 0)
(2.06432 -1.96172e-11 0 8.7496e-20 0 0)
(2.06432 -2.87593e-11 0 1.39389e-19 0 0)
(2.06432 -1.69545e-11 0 1.849e-19 0 0)
(2.05676 1.52118e-11 0 2.51937e-20 0 0)
(2.05676 2.31006e-11 0 2.1227e-20 0 0)
(2.05676 1.66578e-11 0 1.4807e-20 0 0)
(2.05676 8.9567e-12 0 1.0656e-20 0 0)
(2.05676 4.30194e-12 0 9.71804e-21 0 0)
(2.05676 1.036e-12 0 1.07553e-20 0 0)
(2.05676 -1.65339e-12 0 1.26584e-20 0 0)
(2.05676 -4.06311e-12 0 1.45034e-20 0 0)
(2.05676 -5.89238e-12 0 1.56237e-20 0 0)
(2.05676 -7.1264e-12 0 1.56576e-20 0 0)
(2.05676 -7.76874e-12 0 1.45836e-20 0 0)
(2.05676 -7.64104e-12 0 1.25266e-20 0 0)
(2.05676 -6.87583e-12 0 9.97663e-21 0 0)
(2.05676 -5.48243e-12 0 7.74165e-21 0 0)
(2.05676 -3.48666e-12 0 6.89809e-21 0 0)
(2.05676 -1.61162e-12 0 8.64332e-21 0 0)
(2.05676 -4.19203e-13 0 1.37353e-20 0 0)
(2.05676 -3.24646e-12 0 2.11287e-20 0 0)
(2.05676 -8.81946e-12 0 2.78163e-20 0 0)
(2.05676 -5.07236e-12 0 2.79791e-20 0 0)
(2.04943 1.65835e-11 0 1.42995e-20 0 0)
(2.04943 1.99979e-11 0 1.14258e-20 0 0)
(2.04943 1.3767e-11 0 6.32377e-21 0 0)
(2.04943 5.8009e-12 0 2.93382e-21 0 0)
(2.04943 -2.03578e-13 0 2.30766e-21 0 0)
(2.04943 -4.64859e-12 0 3.2847e-21 0 0)
(2.04943 -8.4319e-12 0 4.94075e-21 0 0)
(2.04943 -1.15118e-11 0 6.64303e-21 0 0)
(2.04943 -1.35998e-11 0 7.90217e-21 0 0)
(2.04943 -1.45966e-11 0 8.40844e-21 0 0)
(2.04943 -1.45364e-11 0 8.10178e-21 0 0)
(2.04943 -1.32938e-11 0 6.94526e-21 0 0)
(2.04943 -1.09348e-11 0 5.20521e-21 0 0)
(2.04943 -7.33372e-12 0 3.37274e-21 0 0)
(2.04943 -2.43176e-12 0 2.19503e-21 0 0)
(2.04943 3.13322e-12 0 2.62119e-21 0 0)
(2.04943 9.04999e-12 0 5.4915e-21 0 0)
(2.04943 1.1732e-11 0 1.05278e-20 0 0)
(2.04943 1.1175e-11 0 1.54745e-20 0 0)
(2.04943 1.03734e-11 0 1.50377e-20 0 0)
(2.04205 2.27738e-11 0 1.147e-20 0 0)
(2.04205 2.29025e-11 0 9.54414e-21 0 0)
(2.04205 1.50975e-11 0 5.89267e-21 0 0)
(2.04205 5.74586e-12 0 2.84549e-21 0 0)
(2.04205 -2.54397e-12 0 1.72402e-21 0 0)
(2.04205 -8.88233e-12 0 1.92339e-21 0 0)
(2.04205 -1.4319e-11 0 2.84632e-21 0 0)
(2.04205 -1.85766e-11 0 4.09213e-21 0 0)
(2.04205 -2.13501e-11 0 5.25722e-21 0 0)
(2.04205 -2.25251e-11 0 6.02027e-21 0 0)
(2.04205 -2.2092e-11 0 6.21079e-21 0 0)
(2.04205 -2.01161e-11 0 5.70887e-21 0 0)
(2.04205 -1.64919e-11 0 4.62895e-21 0 0)
(2.04205 -1.11644e-11 0 3.22439e-21 0 0)
(2.04205 -3.94598e-12 0 1.99431e-21 0 0)
(2.04205 4.73409e-12 0 1.65082e-21 0 0)
(2.04205 1.46752e-11 0 2.98121e-21 0 0)
(2.04205 2.25327e-11 0 6.13979e-21 0 0)
(2.04205 2.78303e-11 0 9.88524e-21 0 0)
(2.04205 2.54464e-11 0 1.07182e-20 0 0)
(2.03468 3.18539e-11 0 9.81444e-21 0 0)
(2.03468 2.86099e-11 0 8.51834e-21 0 0)
(2.03468 1.9342e-11 0 5.34404e-21 0 0)
(2.03468 7.40973e-12 0 2.41933e-21 0 0)
(2.03468 -3.00448e-12 0 9.82245e-22 0 0)
(2.03468 -1.13912e-11 0 8.64612e-22 0 0)
(2.03468 -1.84781e-11 0 1.55978e-21 0 0)
(2.03468 -2.39148e-11 0 2.67883e-21 0 0)
(2.03468 -2.74355e-11 0 3.81561e-21 0 0)
(2.03468 -2.89955e-11 0 4.64639e-21 0 0)
(2.03468 -2.84565e-11 0 4.97161e-21 0 0)
(2.03468 -2.61673e-11 0 4.6997e-21 0 0)
(2.03468 -2.19092e-11 0 3.90281e-21 0 0)
(2.03468 -1.54844e-11 0 2.763e-21 0 0)
(2.03468 -6.80133e-12 0 1.59171e-21 0 0)
(2.03468 3.8414e-12 0 9.14857e-22 0 0)
(2.03468 1.62111e-11 0 1.375e-21 0 0)
(2.03468 2.82413e-11 0 3.39967e-21 0 0)
(2.03468 3.8634e-11 0 6.34761e-21 0 0)
(2.03468 3.81684e-11 0 8.18296e-21 0 0)
(2.02757 3.99209e-11 0 8.00978e-21 0 0)
(2.02757 3.37535e-11 0 6.86985e-21 0 0)
(2.02757 2.25387e-11 0 3.89465e-21 0 0)
(2.02757 1.03346e-11 0 1.68608e-21 0 0)
(2.02757 -1.7175e-12 0 6.51547e-22 0 0)
(2.02757 -1.14884e-11 0 6.98184e-22 0 0)
(2.02757 -1.95589e-11 0 1.39815e-21 0 0)
(2.02757 -2.57673e-11 0 2.37776e-21 0 0)
(2.02757 -2.9877e-11 0 3.29787e-21 0 0)
(2.02757 -3.19088e-11 0 3.91384e-21 0 0)
(2.02757 -3.16643e-11 0 4.04718e-21 0 0)
(2.02757 -2.94228e-11 0 3.71897e-21 0 0)
(2.02757 -2.52587e-11 0 3.02189e-21 0 0)
(2.02757 -1.88334e-11 0 2.06941e-21 0 0)
(2.02757 -1.00127e-11 0 1.14555e-21 0 0)
(2.02757 9.81408e-13 0 6.35016e-22 0 0)
(2.02757 1.41779e-11 0 9.97332e-22 0 0)
(2.02757 2.81119e-11 0 2.70949e-21 0 0)
(2.02757 4.12447e-11 0 5.28659e-21 0 0)
(2.02757 4.41462e-11 0 7.22681e-21 0 0)
(2.02103 3.54882e-11 0 6.72286e-21 0 0)
(2.02103 3.26698e-11 0 5.27233e-21 0 0)
(2.02103 2.18094e-11 0 2.69838e-21 0 0)
(2.02103 1.07215e-11 0 1.08555e-21 0 0)
(2.02103 1.84669e-12 0 5.49407e-22 0 0)
(2.02103 -6.6903e-12 0 7.53267e-22 0 0)
(2.02103 -1.38288e-11 0 1.42814e-21 0 0)
(2.02103 -1.94151e-11 0 2.24742e-21 0 0)
(2.02103 -2.33373e-11 0 2.9539e-21 0 0)
(2.02103 -2.56285e-11 0 3.38215e-21 0 0)
(2.02103 -2.60779e-11 0 3.38657e-21 0 0)
(2.02103 -2.47065e-11 0 2.97746e-21 0 0)
(2.02103 -2.19489e-11 0 2.3314e-21 0 0)
(2.02103 -1.74876e-11 0 1.53917e-21 0 0)
(2.02103 -1.11162e-11 0 8.35927e-22 0 0)
(2.02103 -2.82363e-12 0 5.1344e-22 0 0)
(2.02103 7.35394e-12 0 9.71262e-22 0 0)
(2.02103 1.84188e-11 0 2.60196e-21 0 0)
(2.02103 2.99651e-11 0 4.81269e-21 0 0)
(2.02103 3.48354e-11 0 6.51053e-21 0 0)
(2.01544 1.01823e-11 0 5.56506e-21 0 0)
(2.01544 1.29536e-11 0 4.32282e-21 0 0)
(2.01544 8.74518e-12 0 2.24095e-21 0 0)
(2.01544 4.01035e-12 0 9.21718e-22 0 0)
(2.01544 2.76638e-12 0 6.89211e-22 0 0)
(2.01544 -1.31352e-13 0 9.3261e-22 0 0)
(2.01544 -2.1948e-12 0 1.50111e-21 0 0)
(2.01544 -4.11369e-12 0 2.14095e-21 0 0)
(2.01544 -5.67838e-12 0 2.65388e-21 0 0)
(2.01544 -6.82486e-12 0 2.92758e-21 0 0)
(2.01544 -7.3949e-12 0 2.8937e-21 0 0)
(2.01544 -7.47976e-12 0 2.52607e-21 0 0)
(2.01544 -7.20769e-12 0 1.95424e-21 0 0)
(2.01544 -6.48742e-12 0 1.31812e-21 0 0)
(2.01544 -5.24717e-12 0 8.33258e-22 0 0)
(2.01544 -3.06617e-12 0 7.14823e-22 0 0)
(2.01544 -7.11087e-13 0 1.30071e-21 0 0)
(2.01544 2.12094e-12 0 2.82451e-21 0 0)
(2.01544 7.17667e-12 0 4.44097e-21 0 0)
(2.01544 8.78276e-12 0 5.65089e-21 0 0)
(2.0112 -2.04138e-11 0 1.05113e-20 0 0)
(2.0112 -1.51247e-11 0 7.97991e-21 0 0)
(2.0112 -1.06248e-11 0 5.54959e-21 0 0)
(2.0112 -5.10578e-12 0 3.96201e-21 0 0)
(2.0112 1.01979e-12 0 3.44302e-21 0 0)
(2.0112 5.36559e-12 0 3.63945e-21 0 0)
(2.0112 9.33102e-12 0 4.22537e-21 0 0)
(2.0112 1.22354e-11 0 4.89654e-21 0 0)
(2.0112 1.39975e-11 0 5.42603e-21 0 0)
(2.0112 1.47213e-11 0 5.69808e-21 0 0)
(2.0112 1.4694e-11 0 5.67791e-21 0 0)
(2.0112 1.3473e-11 0 5.32494e-21 0 0)
(2.0112 1.12158e-11 0 4.80403e-21 0 0)
(2.0112 7.95951e-12 0 4.31512e-21 0 0)
(2.0112 3.78954e-12 0 4.12091e-21 0 0)
(2.0112 -8.801e-13 0 4.47529e-21 0 0)
(2.0112 -6.92356e-12 0 5.67299e-21 0 0)
(2.0112 -1.25688e-11 0 7.63388e-21 0 0)
(2.0112 -1.62038e-11 0 9.62201e-21 0 0)
(2.0112 -2.01535e-11 0 1.07723e-20 0 0)
(2.00865 -3.48804e-11 0 1.94955e-19 0 0)
(2.00865 -2.8716e-11 0 1.64569e-19 0 0)
(2.00865 -1.96726e-11 0 1.34873e-19 0 0)
(2.00865 -8.90993e-12 0 1.13931e-19 0 0)
(2.00865 1.05163e-12 0 1.01859e-19 0 0)
(2.00865 9.509e-12 0 9.62446e-20 0 0)
(2.00865 1.61639e-11 0 9.46605e-20 0 0)
(2.00865 2.13436e-11 0 9.53267e-20 0 0)
(2.00865 2.46146e-11 0 9.71149e-20 0 0)
(2.00865 2.62193e-11 0 9.95838e-20 0 0)
(2.00865 2.62707e-11 0 1.02547e-19 0 0)
(2.00865 2.42154e-11 0 1.05972e-19 0 0)
(2.00865 2.03726e-11 0 1.10221e-19 0 0)
(2.00865 1.47482e-11 0 1.15784e-19 0 0)
(2.00865 7.43813e-12 0 1.23302e-19 0 0)
(2.00865 -1.16397e-12 0 1.33486e-19 0 0)
(2.00865 -1.12455e-11 0 1.4698e-19 0 0)
(2.00865 -2.09342e-11 0 1.63604e-19 0 0)
(2.00865 -3.02892e-11 0 1.82003e-19 0 0)
(2.00865 -3.58467e-11 0 1.96206e-19 0 0)
(2.00791 -4.07421e-11 0 3.64577e-20 0 0)
(2.00791 -3.31375e-11 0 3.00448e-20 0 0)
(2.00791 -2.14677e-11 0 2.70761e-20 0 0)
(2.00791 -9.51765e-12 0 2.60582e-20 0 0)
(2.00791 1.64542e-12 0 2.62394e-20 0 0)
(2.00791 1.07512e-11 0 2.72042e-20 0 0)
(2.00791 1.8055e-11 0 2.85385e-20 0 0)
(2.00791 2.35537e-11 0 2.99091e-20 0 0)
(2.00791 2.70745e-11 0 3.10724e-20 0 0)
(2.00791 2.88949e-11 0 3.19518e-20 0 0)
(2.00791 2.88163e-11 0 3.24104e-20 0 0)
(2.00791 2.66074e-11 0 3.25003e-20 0 0)
(2.00791 2.25341e-11 0 3.23435e-20 0 0)
(2.00791 1.65229e-11 0 3.21409e-20 0 0)
(2.00791 8.66558e-12 0 3.22012e-20 0 0)
(2.00791 -8.60249e-13 0 3.28483e-20 0 0)
(2.00791 -1.0421e-11 0 3.42124e-20 0 0)
(2.00791 -2.22775e-11 0 3.68568e-20 0 0)
(2.00791 -3.42016e-11 0 4.0263e-20 0 0)
(2.00791 -4.10793e-11 0 4.16219e-20 0 0)
(2.00855 -2.81434e-11 0 2.47157e-21 0 0)
(2.00855 -2.23501e-11 0 1.56085e-21 0 0)
(2.00855 -1.33665e-11 0 6.83198e-22 0 0)
(2.00855 -4.99739e-12 0 2.9511e-22 0 0)
(2.00855 2.70516e-12 0 2.91499e-22 0 0)
(2.00855 9.02777e-12 0 5.37814e-22 0 0)
(2.00855 1.4045e-11 0 8.86483e-22 0 0)
(2.00855 1.77457e-11 0 1.22093e-21 0 0)
(2.00855 2.00853e-11 0 1.45464e-21 0 0)
(2.00855 2.11713e-11 0 1.54914e-21 0 0)
(2.00855 2.06663e-11 0 1.44705e-21 0 0)
(2.00855 1.88233e-11 0 1.1955e-21 0 0)
(2.00855 1.57031e-11 0 8.45266e-22 0 0)
(2.00855 1.11203e-11 0 4.87685e-22 0 0)
(2.00855 5.39681e-12 0 2.54515e-22 0 0)
(2.00855 -1.60181e-12 0 2.73444e-22 0 0)
(2.00855 -9.53686e-12 0 6.58995e-22 0 0)
(2.00855 -1.8784e-11 0 1.65455e-21 0 0)
(2.00855 -2.71114e-11 0 2.92867e-21 0 0)
(2.00855 -3.0062e-11 0 3.09497e-21 0 0)
(2.00951 -1.26841e-11 0 1.69059e-21 0 0)
(2.00951 -1.13728e-11 0 1.5787e-21 0 0)
(2.00951 -7.15346e-12 0 1.26523e-21 0 0)
(2.00951 -3.15771e-12 0 1.0169e-21 0 0)
(2.00951 2.25515e-13 0 8.87581e-22 0 0)
(2.00951 3.25007e-12 0 8.49508e-22 0 0)
(2.00951 5.69423e-12 0 8.81392e-22 0 0)
(2.00951 7.52379e-12 0 9.41882e-22 0 0)
(2.00951 8.7385e-12 0 9.93832e-22 0 0)
(2.00951 9.38828e-12 0 1.01602e-21 0 0)
(2.00951 9.31881e-12 0 9.87539e-22 0 0)
(2.00951 8.68269e-12 0 9.15021e-22 0 0)
(2.00951 7.35551e-12 0 8.11519e-22 0 0)
(2.00951 5.62003e-12 0 7.12255e-22 0 0)
(2.00951 3.37146e-12 0 6.54574e-22 0 0)
(2.00951 4.36591e-14 0 6.90548e-22 0 0)
(2.00951 -3.39535e-12 0 8.52693e-22 0 0)
(2.00951 -7.60429e-12 0 1.17984e-21 0 0)
(2.00951 -1.16152e-11 0 1.55295e-21 0 0)
(2.00951 -1.26681e-11 0 1.67835e-21 0 0)
(2.01006 -5.5059e-12 0 3.23091e-21 0 0)
(2.01006 -6.74148e-12 0 3.11403e-21 0 0)
(2.01006 -5.47669e-12 0 2.707e-21 0 0)
(2.01006 -3.47959e-12 0 2.35252e-21 0 0)
(2.01006 -1.95568e-12 0 2.16097e-21 0 0)
(2.01006 -3.52972e-13 0 2.05925e-21 0 0)
(2.01006 9.8451e-13 0 2.0246e-21 0 0)
(2.01006 2.08804e-12 0 2.02872e-21 0 0)
(2.01006 2.95523e-12 0 2.03736e-21 0 0)
(2.01006 3.56891e-12 0 2.02993e-21 0 0)
(2.01006 3.96202e-12 0 1.98822e-21 0 0)
(2.01006 4.02945e-12 0 1.91148e-21 0 0)
(2.01006 3.90743e-12 0 1.81417e-21 0 0)
(2.01006 3.56128e-12 0 1.70609e-21 0 0)
(2.01006 2.85596e-12 0 1.61338e-21 0 0)
(2.01006 2.00787e-12 0 1.58217e-21 0 0)
(2.01006 8.30813e-13 0 1.68122e-21 0 0)
(2.01006 -5.29494e-13 0 1.99604e-21 0 0)
(2.01006 -2.40894e-12 0 2.51615e-21 0 0)
(2.01006 -3.89942e-12 0 3.05498e-21 0 0)
(2.01046 -2.48024e-12 0 1.05062e-22 0 0)
(2.01046 -3.50882e-12 0 1.50537e-22 0 0)
(2.01046 -3.0307e-12 0 1.01498e-22 0 0)
(2.01046 -1.88182e-12 0 4.01224e-23 0 0)
(2.01046 -1.31173e-12 0 2.06769e-23 0 0)
(2.01046 -3.10287e-13 0 7.38332e-24 0 0)
(2.01046 2.55357e-13 0 9.61698e-24 0 0)
(2.01046 7.99005e-13 0 1.90719e-23 0 0)
(2.01046 1.30795e-12 0 3.32267e-23 0 0)
(2.01046 1.64054e-12 0 4.48156e-23 0 0)
(2.01046 1.87802e-12 0 5.36901e-23 0 0)
(2.01046 1.95903e-12 0 5.55385e-23 0 0)
(2.01046 1.94192e-12 0 5.20936e-23 0 0)
(2.01046 1.8046e-12 0 4.34566e-23 0 0)
(2.01046 1.504e-12 0 3.12527e-23 0 0)
(2.01046 1.07399e-12 0 1.84655e-23 0 0)
(2.01046 5.19357e-13 0 9.15894e-24 0 0)
(2.01046 -9.14786e-14 0 9.34457e-24 0 0)
(2.01046 -8.66759e-13 0 2.48976e-23 0 0)
(2.01046 -1.55871e-12 0 5.82098e-23 0 0)
(2.0108 -4.3109e-13 0 3.66533e-24 0 0)
(2.0108 -8.02262e-13 0 7.72648e-24 0 0)
(2.0108 -7.74033e-13 0 6.01392e-24 0 0)
(2.0108 -4.73944e-13 0 2.45847e-24 0 0)
(2.0108 -3.33401e-13 0 1.26969e-24 0 0)
(2.0108 -1.01494e-13 0 2.98833e-25 0 0)
(2.0108 1.405e-13 0 2.86622e-25 0 0)
(2.0108 2.11453e-13 0 5.53134e-25 0 0)
(2.0108 3.34427e-13 0 1.27053e-24 0 0)
(2.0108 3.86881e-13 0 1.68974e-24 0 0)
(2.0108 4.42269e-13 0 2.18628e-24 0 0)
(2.0108 4.5799e-13 0 2.36965e-24 0 0)
(2.0108 4.54623e-13 0 2.33726e-24 0 0)
(2.0108 4.23637e-13 0 2.05788e-24 0 0)
(2.0108 3.56427e-13 0 1.56766e-24 0 0)
(2.0108 2.61939e-13 0 9.83749e-25 0 0)
(2.0108 1.4167e-13 0 4.64845e-25 0 0)
(2.0108 1.79176e-14 0 2.16767e-25 0 0)
(2.0108 -6.78833e-14 0 4.7375e-25 0 0)
(2.0108 -1.90989e-13 0 1.42474e-24 0 0)
(2.01086 -8.30103e-14 0 8.97184e-26 0 0)
(2.01086 -1.33606e-13 0 1.60629e-25 0 0)
(2.01086 -1.45359e-13 0 1.45919e-25 0 0)
(2.01086 -1.20525e-13 0 1.03702e-25 0 0)
(2.01086 -9.83987e-14 0 7.29732e-26 0 0)
(2.01086 -7.28127e-14 0 5.41028e-26 0 0)
(2.01086 -4.49e-14 0 5.03773e-26 0 0)
(2.01086 -3.65826e-14 0 5.06818e-26 0 0)
(2.01086 -3.17881e-14 0 5.14852e-26 0 0)
(2.01086 -2.75795e-14 0 5.43561e-26 0 0)
(2.01086 -2.06395e-14 0 5.80792e-26 0 0)
(2.01086 -2.41333e-14 0 6.25255e-26 0 0)
(2.01086 -3.52011e-14 0 7.49871e-26 0 0)
(2.01086 -4.32365e-14 0 8.02227e-26 0 0)
(2.01086 -1.27568e-14 0 5.84445e-26 0 0)
(2.01086 2.78579e-14 0 5.41865e-26 0 0)
(2.01086 4.0759e-14 0 6.16558e-26 0 0)
(2.01086 4.67082e-14 0 6.81471e-26 0 0)
(2.01086 2.77101e-14 0 7.26317e-26 0 0)
(2.01086 -3.14927e-14 0 6.9684e-26 0 0)
(2.01086 2.09215e-14 0 6.35957e-26 0 0)
(2.01086 5.4986e-14 0 7.54841e-26 0 0)
(2.01086 6.35101e-14 0 9.37325e-26 0 0)
(2.01086 5.94085e-14 0 8.82388e-26 0 0)
(2.01086 5.22065e-14 0 7.64147e-26 0 0)
(2.01086 3.96974e-14 0 6.85173e-26 0 0)
(2.01086 3.28875e-14 0 6.37486e-26 0 0)
(2.01086 3.46808e-14 0 5.93104e-26 0 0)
(2.01086 3.68839e-14 0 5.57569e-26 0 0)
(2.01086 4.00301e-14 0 5.31587e-26 0 0)
(2.01086 3.96579e-14 0 5.29353e-26 0 0)
(2.01086 3.80943e-14 0 5.31531e-26 0 0)
(2.01086 2.6452e-14 0 6.04974e-26 0 0)
(2.01086 2.23131e-14 0 6.59731e-26 0 0)
(2.01086 3.41405e-14 0 6.62613e-26 0 0)
(2.01086 8.62442e-14 0 7.40762e-26 0 0)
(2.01086 9.64358e-14 0 8.61338e-26 0 0)
(2.01086 8.47231e-14 0 8.22943e-26 0 0)
(2.01086 2.82705e-14 0 4.99922e-26 0 0)
(2.01086 9.1774e-15 0 5.51789e-26 0 0)
(2.01086 -2.67499e-15 0 1.11324e-25 0 0)
(2.01086 5.23702e-14 0 1.04814e-25 0 0)
(2.01086 6.75625e-14 0 1.31401e-25 0 0)
(2.01086 5.31359e-14 0 1.12358e-25 0 0)
(2.01086 3.45281e-14 0 9.00234e-26 0 0)
(2.01086 5.66477e-15 0 7.53051e-26 0 0)
(2.01086 -1.18842e-14 0 6.56177e-26 0 0)
(2.01086 -1.98185e-14 0 5.77477e-26 0 0)
(2.01086 -2.78645e-14 0 5.29832e-26 0 0)
(2.01086 -3.86348e-14 0 5.16293e-26 0 0)
(2.01086 -4.93225e-14 0 5.34567e-26 0 0)
(2.01086 -5.82971e-14 0 5.74203e-26 0 0)
(2.01086 -7.2587e-14 0 6.67683e-26 0 0)
(2.01086 -8.18357e-14 0 7.6816e-26 0 0)
(2.01086 -9.09688e-14 0 9.04899e-26 0 0)
(2.01086 -1.05634e-13 0 1.13793e-25 0 0)
(2.01086 -1.15627e-13 0 1.38701e-25 0 0)
(2.01086 -1.30265e-13 0 1.60678e-25 0 0)
(2.01086 -1.07705e-13 0 1.19307e-25 0 0)
(2.01086 -5.11997e-14 0 1.14881e-25 0 0)
)
;

boundaryField
{
    top
    {
        type            symmetryPlane;
    }
    bottom
    {
        type            calculated;
        value           uniform (0 0 0 0 0 0);
    }
    inlet
    {
        type            cyclic;
    }
    outlet
    {
        type            cyclic;
    }
    frontAndBack
    {
        type            empty;
    }
}


// ************************************************************************* //
