/*--------------------------------*- C++ -*----------------------------------*\
  =========                 |
  \\      /  F ield         | OpenFOAM: The Open Source CFD Toolbox
   \\    /   O peration     | Website:  https://openfoam.org
    \\  /    A nd           | Version:  6
     \\/     M anipulation  |
\*---------------------------------------------------------------------------*/
FoamFile
{
    version     2.0;
    format      ascii;
    class       surfaceScalarField;
    location    "19.44";
    object      ddtCorrDdt0(phi);
}
// * * * * * * * * * * * * * * * * * * * * * * * * * * * * * * * * * * * * * //

dimensions      [0 3 -2 0 0 0 0];

internalField   nonuniform List<scalar> 
6298
(
-3.07565e-10
1.07946e-15
-3.07568e-10
2.72217e-15
-3.07569e-10
3.68809e-16
-3.07566e-10
-2.04203e-15
-3.07563e-10
-3.94767e-15
-3.07558e-10
-4.24661e-15
-3.07556e-10
-2.65951e-15
-3.07557e-10
1.29545e-15
-3.07564e-10
7.2258e-15
-3.07576e-10
1.19963e-14
-3.0759e-10
1.40768e-14
-3.07601e-10
1.04954e-14
-3.076e-10
-3.57525e-16
-3.07589e-10
-1.15298e-14
-3.07573e-10
-1.55953e-14
-3.07561e-10
-1.25419e-14
-3.07553e-10
-7.34749e-15
-3.07552e-10
-1.39208e-15
-3.07555e-10
2.90037e-15
5.24767e-15
-5.85015e-10
1.09529e-14
-5.8502e-10
7.89493e-15
-5.85021e-10
1.38783e-15
-5.85018e-10
-5.14168e-15
-5.85012e-10
-1.03413e-14
-5.85004e-10
-1.1704e-14
-5.84999e-10
-8.31465e-15
-5.84999e-10
1.86672e-15
-5.85011e-10
1.84406e-14
-5.85032e-10
3.30396e-14
-5.85059e-10
4.11234e-14
-5.85081e-10
3.32077e-14
-5.85084e-10
2.5771e-15
-5.85065e-10
-3.10578e-14
-5.85036e-10
-4.45669e-14
-5.85011e-10
-3.72039e-14
-5.84995e-10
-2.29844e-14
-5.84991e-10
-5.7415e-15
-5.84996e-10
7.46515e-15
1.48486e-14
-7.56398e-10
2.34678e-14
-7.56405e-10
1.45823e-14
-7.56406e-10
3.02425e-15
-7.56403e-10
-8.33661e-15
-7.56396e-10
-1.74877e-14
-7.56387e-10
-2.07243e-14
-7.56379e-10
-1.62093e-14
-7.56378e-10
7.18118e-16
-7.5639e-10
3.04699e-14
-7.56415e-10
5.85239e-14
-7.56451e-10
7.63482e-14
-7.56483e-10
6.51927e-14
-7.5649e-10
9.84504e-15
-7.56467e-10
-5.39029e-14
-7.5643e-10
-8.13551e-14
-7.56398e-10
-6.98497e-14
-7.56376e-10
-4.47866e-14
-7.56368e-10
-1.30577e-14
-7.56373e-10
1.24194e-14
2.68667e-14
-8.81063e-10
3.77874e-14
-8.81071e-10
2.23806e-14
-8.81073e-10
5.2719e-15
-8.8107e-10
-1.11894e-14
-8.81063e-10
-2.46529e-14
-8.81053e-10
-3.05886e-14
-8.81044e-10
-2.60017e-14
-8.8104e-10
-2.58271e-15
-8.81052e-10
4.19773e-14
-8.8108e-10
8.6472e-14
-8.81121e-10
1.1763e-13
-8.81161e-10
1.05051e-13
-8.81173e-10
2.18026e-14
-8.81149e-10
-7.80233e-14
-8.81107e-10
-1.23542e-13
-8.81068e-10
-1.08623e-13
-8.81041e-10
-7.1771e-14
-8.81031e-10
-2.33315e-14
-8.81035e-10
1.72309e-14
4.04514e-14
-9.80692e-10
5.34651e-14
-9.80701e-10
3.10782e-14
-9.80704e-10
8.13054e-15
-9.80701e-10
-1.34704e-14
-9.80695e-10
-3.1456e-14
-9.80684e-10
-4.09146e-14
-9.80673e-10
-3.74868e-14
-9.80667e-10
-8.2319e-15
-9.80678e-10
5.22955e-14
-9.80707e-10
1.15854e-13
-9.80753e-10
1.63786e-13
-9.808e-10
1.5192e-13
-9.80817e-10
3.8563e-14
-9.80792e-10
-1.0233e-13
-9.80746e-10
-1.69821e-13
-9.80702e-10
-1.52485e-13
-9.80671e-10
-1.03361e-13
-9.80657e-10
-3.65455e-14
-9.80662e-10
2.16137e-14
5.51446e-14
-1.0652e-09
7.02302e-14
-1.06521e-09
4.05506e-14
-1.06521e-09
1.16018e-14
-1.06521e-09
-1.50509e-14
-1.0652e-09
-3.76853e-14
-1.06519e-09
-5.14706e-14
-1.06518e-09
-5.05059e-14
-1.06517e-09
-1.63083e-14
-1.06518e-09
6.10732e-14
-1.06521e-09
1.46062e-13
-1.06526e-09
2.14032e-13
-1.06532e-09
2.05167e-13
-1.06534e-09
6.01312e-14
-1.06531e-09
-1.26143e-13
-1.06526e-09
-2.19388e-13
-1.06522e-09
-2.00762e-13
-1.06518e-09
-1.39144e-13
-1.06516e-09
-5.26817e-14
-1.06517e-09
2.53821e-14
7.06582e-14
-1.13979e-09
8.79053e-14
-1.1398e-09
5.07197e-14
-1.13981e-09
1.56829e-14
-1.13981e-09
-1.58579e-14
-1.1398e-09
-4.32169e-14
-1.13979e-09
-6.21036e-14
-1.13978e-09
-6.49207e-14
-1.13977e-09
-2.68182e-14
-1.13977e-09
6.81219e-14
-1.1398e-09
1.767e-13
-1.13986e-09
2.67785e-13
-1.13992e-09
2.64271e-13
-1.13994e-09
8.64563e-14
-1.13992e-09
-1.48995e-13
-1.13987e-09
-2.71675e-13
-1.13981e-09
-2.52971e-13
-1.13978e-09
-1.78814e-13
-1.13976e-09
-7.17107e-14
-1.13976e-09
2.84005e-14
8.67888e-14
-1.20748e-09
1.06362e-13
-1.20749e-09
6.15335e-14
-1.20749e-09
2.03711e-14
-1.20749e-09
-1.58525e-14
-1.20749e-09
-4.79793e-14
-1.20748e-09
-7.27054e-14
-1.20746e-09
-8.06041e-14
-1.20745e-09
-3.97099e-14
-1.20745e-09
7.33357e-14
-1.20748e-09
2.07478e-13
-1.20754e-09
3.24593e-13
-1.20761e-09
3.28776e-13
-1.20764e-09
1.17456e-13
-1.20761e-09
-1.70548e-13
-1.20756e-09
-3.26235e-13
-1.2075e-09
-3.08747e-13
-1.20746e-09
-2.22136e-13
-1.20744e-09
-9.35814e-14
-1.20744e-09
3.05628e-14
1.03381e-13
-1.27011e-09
1.25503e-13
-1.27012e-09
7.29567e-14
-1.27013e-09
2.56614e-14
-1.27013e-09
-1.50189e-14
-1.27012e-09
-5.19334e-14
-1.27011e-09
-8.31953e-14
-1.2701e-09
-9.74394e-14
-1.27008e-09
-5.48953e-14
-1.27008e-09
7.6672e-14
-1.27011e-09
2.38172e-13
-1.27017e-09
3.84072e-13
-1.27024e-09
3.98266e-13
-1.27028e-09
1.53028e-13
-1.27026e-09
-1.90537e-13
-1.2702e-09
-3.8269e-13
-1.27014e-09
-3.67804e-13
-1.2701e-09
-2.68926e-13
-1.27007e-09
-1.18226e-13
-1.27007e-09
3.17782e-14
1.20305e-13
-1.3289e-09
1.45254e-13
-1.32891e-09
8.49623e-14
-1.32892e-09
3.15439e-14
-1.32892e-09
-1.33556e-14
-1.32892e-09
-5.5058e-14
-1.32891e-09
-9.35097e-14
-1.32889e-09
-1.15313e-13
-1.32887e-09
-7.22665e-14
-1.32887e-09
7.81214e-14
-1.3289e-09
2.68607e-13
-1.32897e-09
4.45887e-13
-1.32904e-09
4.72357e-13
-1.32908e-09
1.9305e-13
-1.32906e-09
-2.08758e-13
-1.329e-09
-4.40708e-13
-1.32894e-09
-4.29889e-13
-1.32889e-09
-3.19018e-13
-1.32886e-09
-1.45575e-13
-1.32887e-09
3.19679e-14
1.3745e-13
-1.38468e-09
1.65556e-13
-1.38469e-09
9.75283e-14
-1.3847e-09
3.80077e-14
-1.3847e-09
-1.08741e-14
-1.3847e-09
-5.73432e-14
-1.38469e-09
-1.0359e-13
-1.38467e-09
-1.34123e-13
-1.38465e-09
-9.17074e-14
-1.38465e-09
7.77038e-14
-1.38468e-09
2.98641e-13
-1.38474e-09
5.09739e-13
-1.38482e-09
5.50698e-13
-1.38486e-09
2.37382e-13
-1.38485e-09
-2.2505e-13
-1.38479e-09
-4.99994e-13
-1.38472e-09
-4.94782e-13
-1.38467e-09
-3.72261e-13
-1.38464e-09
-1.75558e-13
-1.38464e-09
3.10622e-14
1.54717e-13
-1.43801e-09
1.86354e-13
-1.43803e-09
1.10639e-13
-1.43803e-09
4.50472e-14
-1.43804e-09
-7.58704e-15
-1.43804e-09
-5.87972e-14
-1.43803e-09
-1.13396e-13
-1.43801e-09
-1.53782e-13
-1.43799e-09
-1.13108e-13
-1.43798e-09
7.54629e-14
-1.43801e-09
3.28178e-13
-1.43808e-09
5.75383e-13
-1.43816e-09
6.32974e-13
-1.43821e-09
2.8586e-13
-1.43819e-09
-2.39306e-13
-1.43813e-09
-5.603e-13
-1.43807e-09
-5.62295e-13
-1.43801e-09
-4.2852e-13
-1.43798e-09
-2.08099e-13
-1.43798e-09
2.9021e-14
1.72022e-13
-2.40383e-09
2.20523e-13
-2.40385e-09
1.32697e-13
-2.40386e-09
5.7451e-14
-2.40387e-09
-7.05027e-16
-2.40387e-09
-5.9422e-14
-2.40386e-09
-1.28397e-13
-2.40382e-09
-1.86722e-13
-2.40379e-09
-1.51094e-13
-2.40378e-09
6.81724e-14
-2.40382e-09
3.74116e-13
-2.40393e-09
6.83473e-13
-2.40407e-09
7.71868e-13
-2.40416e-09
3.71575e-13
-2.40414e-09
-2.57578e-13
-2.40404e-09
-6.58219e-13
-2.40393e-09
-6.7515e-13
-2.40383e-09
-5.24396e-13
-2.40377e-09
-2.65268e-13
-2.40377e-09
2.33063e-14
1.99519e-13
-2.69325e-09
2.57939e-13
-2.69328e-09
1.57574e-13
-2.69329e-09
7.21556e-14
-2.6933e-09
8.71448e-15
-2.6933e-09
-5.78457e-14
-2.69329e-09
-1.43333e-13
-2.69325e-09
-2.23393e-13
-2.6932e-09
-1.95951e-13
-2.69319e-09
5.54978e-14
-2.69324e-09
4.21024e-13
-2.69336e-09
8.01829e-13
-2.69351e-09
9.28157e-13
-2.69362e-09
4.73208e-13
-2.6936e-09
-2.70569e-13
-2.6935e-09
-7.6329e-13
-2.69337e-09
-8.012e-13
-2.69326e-09
-6.33933e-13
-2.69319e-09
-3.3265e-13
-2.69318e-09
1.35915e-14
2.28227e-13
-3.01196e-09
2.98741e-13
-3.01199e-09
1.85556e-13
-3.01201e-09
8.94259e-14
-3.01202e-09
2.09736e-14
-3.01203e-09
-5.37266e-14
-3.01201e-09
-1.5794e-13
-3.01197e-09
-2.6371e-13
-3.01192e-09
-2.47873e-13
-3.0119e-09
3.66312e-14
-3.01195e-09
4.6833e-13
-3.01208e-09
9.30414e-13
-3.01225e-09
1.10233e-12
-3.01237e-09
5.92336e-13
-3.01236e-09
-2.76626e-13
-3.01225e-09
-8.7479e-13
-3.01211e-09
-9.41102e-13
-3.01199e-09
-7.58305e-13
-3.01191e-09
-4.11372e-13
-3.01189e-09
-1.23723e-15
2.57698e-13
-3.36334e-09
3.43034e-13
-3.36337e-09
2.16929e-13
-3.36339e-09
1.09554e-13
-3.3634e-09
3.6393e-14
-3.36341e-09
-4.67065e-14
-3.3634e-09
-1.71925e-13
-3.36335e-09
-3.07501e-13
-3.36329e-09
-3.06976e-13
-3.36327e-09
1.07364e-14
-3.36331e-09
5.1545e-13
-3.36345e-09
1.06908e-12
-3.36365e-09
1.29461e-12
-3.36378e-09
7.30502e-13
-3.36379e-09
-2.73873e-13
-3.36367e-09
-9.91827e-13
-3.36351e-09
-1.09531e-12
-3.36337e-09
-8.98585e-13
-3.36328e-09
-5.02706e-13
-3.36326e-09
-2.24817e-14
2.87352e-13
-3.75095e-09
3.908e-13
-3.75099e-09
2.51979e-13
-3.75101e-09
1.32845e-13
-3.75103e-09
5.53205e-14
-3.75104e-09
-3.64274e-14
-3.75103e-09
-1.84981e-13
-3.75098e-09
-3.54467e-13
-3.75091e-09
-3.73241e-13
-3.75088e-09
-2.27847e-14
-3.75093e-09
5.61495e-13
-3.75107e-09
1.21721e-12
-3.75129e-09
1.5052e-12
-3.75144e-09
8.8919e-13
-3.75146e-09
-2.60195e-13
-3.75134e-09
-1.11315e-12
-3.75117e-09
-1.26413e-12
-3.75101e-09
-1.05579e-12
-3.7509e-09
-6.08056e-13
-3.75088e-09
-5.15939e-14
3.16519e-13
-4.17865e-09
4.41957e-13
-4.17868e-09
2.90972e-13
-4.17871e-09
1.59663e-13
-4.17873e-09
7.8092e-14
-4.17875e-09
-2.25686e-14
-4.17874e-09
-1.96747e-13
-4.17869e-09
-4.04172e-13
-4.17861e-09
-4.46393e-13
-4.17857e-09
-6.45155e-14
-4.17862e-09
6.05412e-13
-4.17877e-09
1.3739e-12
-4.179e-09
1.7339e-12
-4.17918e-09
1.06979e-12
-4.17921e-09
-2.33208e-13
-4.17908e-09
-1.23701e-12
-4.1789e-09
-1.44769e-12
-4.17873e-09
-1.2309e-12
-4.1786e-09
-7.28796e-13
-4.17857e-09
-9.02738e-14
3.44326e-13
-4.65052e-09
4.96239e-13
-4.65056e-09
3.34206e-13
-4.65059e-09
1.90412e-13
-4.65062e-09
1.05002e-13
-4.65064e-09
-4.79484e-15
-4.65062e-09
-2.0678e-13
-4.65057e-09
-4.56064e-13
-4.65049e-09
-5.25945e-13
-4.65044e-09
-1.14932e-13
-4.65048e-09
6.46093e-13
-4.65065e-09
1.53786e-12
-4.65089e-09
1.98003e-12
-4.6511e-09
1.27354e-12
-4.65114e-09
-1.90242e-13
-4.65102e-09
-1.36108e-12
-4.65082e-09
-1.64598e-12
-4.65062e-09
-1.4248e-12
-4.65049e-09
-8.66202e-13
-4.65044e-09
-1.40457e-13
3.6964e-13
-5.17096e-09
5.53218e-13
-5.17101e-09
3.81937e-13
-5.17105e-09
2.25522e-13
-5.17108e-09
1.36343e-13
-5.1711e-09
1.72424e-14
-5.17109e-09
-2.14599e-13
-5.17104e-09
-5.09479e-13
-5.17095e-09
-6.11253e-13
-5.17089e-09
-1.74182e-13
-5.17093e-09
6.82369e-13
-5.1711e-09
1.70719e-12
-5.17136e-09
2.24246e-12
-5.17159e-09
1.50143e-12
-5.17165e-09
-1.28345e-13
-5.17153e-09
-1.48244e-12
-5.17132e-09
-1.85876e-12
-5.1711e-09
-1.6379e-12
-5.17095e-09
-1.02142e-12
-5.17088e-09
-2.04643e-13
3.91067e-13
-5.74469e-09
6.12261e-13
-5.74474e-09
4.34365e-13
-5.74478e-09
2.65453e-13
-5.74482e-09
1.72387e-13
-5.74485e-09
4.38848e-14
-5.74484e-09
-2.19687e-13
-5.74479e-09
-5.63679e-13
-5.7447e-09
-7.01353e-13
-5.74463e-09
-2.42205e-13
-5.74466e-09
7.13008e-13
-5.74483e-09
1.87956e-12
-5.74511e-09
2.51939e-12
-5.74536e-09
1.7541e-12
-5.74545e-09
-4.43135e-14
-5.74533e-09
-1.59752e-12
-5.7451e-09
-2.08525e-12
-5.74487e-09
-1.8701e-12
-5.7447e-09
-1.1955e-12
-5.74462e-09
-2.85827e-13
4.06771e-13
-6.37674e-09
6.72476e-13
-6.3768e-09
4.91594e-13
-6.37684e-09
3.10689e-13
-6.37688e-09
2.13446e-13
-6.37692e-09
7.54122e-14
-6.37691e-09
-2.21551e-13
-6.37686e-09
-6.17622e-13
-6.37677e-09
-7.94924e-13
-6.37669e-09
-3.18831e-13
-6.37671e-09
7.36762e-13
-6.37689e-09
2.05211e-12
-6.37718e-09
2.80833e-12
-6.37745e-09
2.03183e-12
-6.37756e-09
6.52817e-14
-6.37746e-09
-1.70199e-12
-6.37722e-09
-2.32384e-12
-6.37697e-09
-2.12141e-12
-6.37677e-09
-1.38967e-12
-6.37667e-09
-3.86773e-13
4.14419e-13
-7.0725e-09
7.32662e-13
-7.07256e-09
5.53591e-13
-7.07261e-09
3.61718e-13
-7.07266e-09
2.59856e-13
-7.07269e-09
1.12119e-13
-7.07269e-09
-2.19723e-13
-7.07264e-09
-6.69881e-13
-7.07255e-09
-8.90352e-13
-7.07246e-09
-4.03831e-13
-7.07248e-09
7.52352e-13
-7.07265e-09
2.22149e-12
-7.07294e-09
3.10607e-12
-7.07325e-09
2.33431e-12
-7.07339e-09
2.03908e-13
-7.0733e-09
-1.79078e-12
-7.07305e-09
-2.57158e-12
-7.07278e-09
-2.39231e-12
-7.07256e-09
-1.60594e-12
-7.07244e-09
-5.09481e-13
4.11561e-13
-7.8377e-09
7.91239e-13
-7.83777e-09
6.2013e-13
-7.83783e-09
4.19019e-13
-7.83788e-09
3.11979e-13
-7.83792e-09
1.54165e-13
-7.83793e-09
-2.13633e-13
-7.83788e-09
-7.18971e-13
-7.83778e-09
-9.85858e-13
-7.83769e-09
-4.9644e-13
-7.8377e-09
7.57749e-13
-7.83786e-09
2.38464e-12
-7.83816e-09
3.40992e-12
-7.83849e-09
2.66017e-12
-7.83866e-09
3.74171e-13
-7.83859e-09
-1.8586e-12
-7.83834e-09
-2.82421e-12
-7.83805e-09
-2.68275e-12
-7.83781e-09
-1.84628e-12
-7.83766e-09
-6.56164e-13
3.95473e-13
-8.67848e-09
8.46187e-13
-8.67855e-09
6.90745e-13
-8.67861e-09
4.83023e-13
-8.67867e-09
3.70221e-13
-8.67872e-09
2.01729e-13
-8.67873e-09
-2.02644e-13
-8.67869e-09
-7.63659e-13
-8.67859e-09
-1.07946e-12
-8.67849e-09
-5.95183e-13
-8.67849e-09
7.50706e-13
-8.67864e-09
2.53832e-12
-8.67895e-09
3.71751e-12
-8.67929e-09
3.00711e-12
-8.6795e-09
5.77605e-13
-8.67946e-09
-1.89971e-12
-8.67921e-09
-3.07607e-12
-8.6789e-09
-2.99193e-12
-8.67863e-09
-2.11244e-12
-8.67846e-09
-8.29183e-13
3.62864e-13
-9.60133e-09
8.94974e-13
-9.6014e-09
7.64643e-13
-9.60148e-09
5.5408e-13
-9.60154e-09
4.3505e-13
-9.60159e-09
2.55171e-13
-9.60161e-09
-1.86216e-13
-9.60157e-09
-8.02669e-13
-9.60148e-09
-1.16888e-12
-9.60138e-09
-6.98337e-13
-9.60136e-09
7.29583e-13
-9.6015e-09
2.67859e-12
-9.6018e-09
4.02487e-12
-9.60217e-09
3.3722e-12
-9.60241e-09
8.15782e-13
-9.6024e-09
-1.90774e-12
-9.60216e-09
-3.32028e-12
-9.60183e-09
-3.31853e-12
-9.60154e-09
-2.40604e-12
-9.60133e-09
-1.03052e-12
3.10035e-13
-1.06132e-08
9.34494e-13
-1.06132e-08
8.40629e-13
-1.06133e-08
6.32391e-13
-1.06134e-08
5.06913e-13
-1.06134e-08
3.14726e-13
-1.06135e-08
-1.63765e-13
-1.06134e-08
-8.34388e-13
-1.06134e-08
-1.25166e-12
-1.06132e-08
-8.03868e-13
-1.06132e-08
6.93102e-13
-1.06133e-08
2.80118e-12
-1.06136e-08
4.32585e-12
-1.0614e-08
3.75159e-12
-1.06143e-08
1.09081e-12
-1.06143e-08
-1.87612e-12
-1.06141e-08
-3.54937e-12
-1.06137e-08
-3.65959e-12
-1.06134e-08
-2.72732e-12
-1.06132e-08
-1.26267e-12
2.32829e-13
-1.17213e-08
9.60974e-13
-1.17213e-08
9.17031e-13
-1.17214e-08
7.17952e-13
-1.17215e-08
5.8599e-13
-1.17216e-08
3.80627e-13
-1.17216e-08
-1.34431e-13
-1.17216e-08
-8.57321e-13
-1.17215e-08
-1.32517e-12
-1.17214e-08
-9.08946e-13
-1.17213e-08
6.40529e-13
-1.17214e-08
2.90144e-12
-1.17217e-08
4.61287e-12
-1.17221e-08
4.1403e-12
-1.17224e-08
1.40441e-12
-1.17225e-08
-1.79806e-12
-1.17223e-08
-3.75433e-12
-1.1722e-08
-4.01141e-12
-1.17216e-08
-3.07581e-12
-1.17213e-08
-1.52742e-12
1.26537e-13
-1.29334e-08
9.69912e-13
-1.29335e-08
9.91661e-13
-1.29335e-08
8.10436e-13
-1.29336e-08
6.72374e-13
-1.29337e-08
4.53187e-13
-1.29337e-08
-9.73699e-14
-1.29337e-08
-8.70133e-13
-1.29337e-08
-1.38679e-12
-1.29336e-08
-1.01006e-12
-1.29335e-08
5.71826e-13
-1.29336e-08
2.97456e-12
-1.29338e-08
4.87872e-12
-1.29342e-08
4.53228e-12
-1.29346e-08
1.75574e-12
-1.29347e-08
-1.66685e-12
-1.29345e-08
-3.92468e-12
-1.29342e-08
-4.36939e-12
-1.29338e-08
-3.44999e-12
-1.29335e-08
-1.82539e-12
-1.42724e-14
-1.42577e-08
9.56047e-13
-1.42577e-08
1.06169e-12
-1.42578e-08
9.09141e-13
-1.42579e-08
7.66256e-13
-1.4258e-08
5.32439e-13
-1.4258e-08
-5.1918e-14
-1.4258e-08
-8.71254e-13
-1.4258e-08
-1.43395e-12
-1.42579e-08
-1.10398e-12
-1.42578e-08
4.88226e-13
-1.42579e-08
3.0167e-12
-1.42581e-08
5.11634e-12
-1.42585e-08
4.92039e-12
-1.42589e-08
2.14091e-12
-1.42591e-08
-1.47623e-12
-1.42589e-08
-4.04881e-12
-1.42586e-08
-4.72691e-12
-1.42582e-08
-3.84767e-12
-1.42578e-08
-2.15712e-12
-1.94534e-13
-1.57027e-08
9.13364e-13
-1.57027e-08
1.12356e-12
-1.57028e-08
1.01287e-12
-1.57029e-08
8.67492e-13
-1.5703e-08
6.18495e-13
-1.57031e-08
2.84721e-15
-1.57031e-08
-8.59319e-13
-1.57031e-08
-1.46429e-12
-1.5703e-08
-1.18737e-12
-1.57029e-08
3.918e-13
-1.57029e-08
3.02469e-12
-1.57031e-08
5.31806e-12
-1.57035e-08
5.29631e-12
-1.57039e-08
2.55596e-12
-1.57041e-08
-1.22241e-12
-1.57041e-08
-4.11564e-12
-1.57037e-08
-5.0715e-12
-1.57033e-08
-4.26747e-12
-1.57029e-08
-2.52523e-12
-4.16446e-13
-1.72775e-08
8.35291e-13
-1.72775e-08
1.17287e-12
-1.72776e-08
1.11979e-12
-1.72777e-08
9.75985e-13
-1.72778e-08
7.11754e-13
-1.72779e-08
6.76583e-14
-1.72779e-08
-8.33481e-13
-1.72779e-08
-1.47574e-12
-1.72778e-08
-1.25661e-12
-1.72777e-08
2.85564e-13
-1.72777e-08
2.99527e-12
-1.72779e-08
5.47603e-12
-1.72782e-08
5.65155e-12
-1.72787e-08
2.99418e-12
-1.7279e-08
-9.03505e-13
-1.7279e-08
-4.1129e-12
-1.72787e-08
-5.3894e-12
-1.72782e-08
-4.70504e-12
-1.72778e-08
-2.9303e-12
-6.83193e-13
-1.89916e-08
7.15176e-13
-1.89916e-08
1.20434e-12
-1.89917e-08
1.22733e-12
-1.89918e-08
1.09155e-12
-1.89919e-08
8.12473e-13
-1.8992e-08
1.42691e-13
-1.8992e-08
-7.92934e-13
-1.8992e-08
-1.46675e-12
-1.8992e-08
-1.30812e-12
-1.89919e-08
1.73695e-13
-1.89918e-08
2.92669e-12
-1.89919e-08
5.58241e-12
-1.89922e-08
5.97665e-12
-1.89927e-08
3.44532e-12
-1.89931e-08
-5.20961e-13
-1.89932e-08
-4.02621e-12
-1.89929e-08
-5.6644e-12
-1.89924e-08
-5.15433e-12
-1.8992e-08
-3.37138e-12
-9.97461e-13
-2.0855e-08
5.46489e-13
-2.0855e-08
1.21175e-12
-2.08551e-08
1.33192e-12
-2.08552e-08
1.21322e-12
-2.08553e-08
9.20874e-13
-2.08554e-08
2.27787e-13
-2.08554e-08
-7.37164e-13
-2.08555e-08
-1.43588e-12
-2.08554e-08
-1.33871e-12
-2.08553e-08
6.12452e-14
-2.08552e-08
2.81953e-12
-2.08553e-08
5.63015e-12
-2.08556e-08
6.26402e-12
-2.0856e-08
3.89898e-12
-2.08564e-08
-8.26523e-14
-2.08566e-08
-3.84362e-12
-2.08564e-08
-5.87785e-12
-2.0856e-08
-5.60816e-12
-2.08555e-08
-3.84613e-12
-1.36004e-12
-2.28782e-08
3.21783e-13
-2.28782e-08
1.18822e-12
-2.28783e-08
1.42893e-12
-2.28784e-08
1.33939e-12
-2.28785e-08
1.03707e-12
-2.28786e-08
3.22617e-13
-2.28787e-08
-6.6575e-13
-2.28787e-08
-1.38171e-12
-2.28787e-08
-1.34575e-12
-2.28786e-08
-4.6631e-14
-2.28785e-08
2.6767e-12
-2.28785e-08
5.61334e-12
-2.28787e-08
6.50593e-12
-2.28791e-08
4.34816e-12
-2.28796e-08
4.02269e-13
-2.28799e-08
-3.56311e-12
-2.28798e-08
-6.01242e-12
-2.28793e-08
-6.05493e-12
-2.28788e-08
-4.34975e-12
-1.76861e-12
-2.50724e-08
3.55922e-14
-2.50723e-08
1.12554e-12
-2.50724e-08
1.51204e-12
-2.50725e-08
1.46776e-12
-2.50727e-08
1.16087e-12
-2.50728e-08
4.27047e-13
-2.50729e-08
-5.78046e-13
-2.50729e-08
-1.30371e-12
-2.5073e-08
-1.32744e-12
-2.50729e-08
-1.44533e-13
-2.50727e-08
2.50351e-12
-2.50726e-08
5.52508e-12
-2.50728e-08
6.6922e-12
-2.50732e-08
4.78524e-12
-2.50737e-08
9.23123e-13
-2.50741e-08
-3.18378e-12
-2.50741e-08
-6.05046e-12
-2.50737e-08
-6.47871e-12
-2.50731e-08
-4.8753e-12
-2.22027e-12
-2.74493e-08
-3.09803e-13
-2.74492e-08
1.01488e-12
-2.74493e-08
1.57335e-12
-2.74494e-08
1.59488e-12
-2.74495e-08
1.29202e-12
-2.74496e-08
5.4238e-13
-2.74497e-08
-4.73703e-13
-2.74498e-08
-1.20373e-12
-2.74499e-08
-1.28296e-12
-2.74498e-08
-2.26705e-13
-2.74496e-08
2.30619e-12
-2.74494e-08
5.36271e-12
-2.74496e-08
6.80699e-12
-2.745e-08
5.1954e-12
-2.74505e-08
1.4742e-12
-2.7451e-08
-2.70603e-12
-2.74511e-08
-5.97592e-12
-2.74507e-08
-6.85237e-12
-2.74502e-08
-5.41768e-12
-2.71834e-12
-3.00214e-08
-7.13272e-13
-3.00212e-08
8.46874e-13
-3.00213e-08
1.60402e-12
-3.00214e-08
1.71594e-12
-3.00215e-08
1.43022e-12
-3.00217e-08
6.70391e-13
-3.00218e-08
-3.53631e-13
-3.00219e-08
-1.08521e-12
-3.0022e-08
-1.21166e-12
-3.00219e-08
-2.87037e-13
-3.00217e-08
2.09209e-12
-3.00215e-08
5.12769e-12
-3.00215e-08
6.83621e-12
-3.00219e-08
5.562e-12
-3.00224e-08
2.04616e-12
-3.0023e-08
-2.13575e-12
-3.00232e-08
-5.77493e-12
-3.00229e-08
-7.14882e-12
-3.00224e-08
-5.96625e-12
-3.25926e-12
-3.2802e-08
-1.16838e-12
-3.28017e-08
6.11618e-13
-3.28017e-08
1.59434e-12
-3.28018e-08
1.82458e-12
-3.2802e-08
1.57436e-12
-3.28021e-08
8.10809e-13
-3.28023e-08
-2.19133e-13
-3.28024e-08
-9.4969e-13
-3.28025e-08
-1.1148e-12
-3.28025e-08
-3.20092e-13
-3.28022e-08
1.87038e-12
-3.28019e-08
4.82561e-12
-3.28019e-08
6.76217e-12
-3.28022e-08
5.87448e-12
-3.28028e-08
2.63363e-12
-3.28034e-08
-1.49355e-12
-3.28037e-08
-5.43738e-12
-3.28036e-08
-7.33786e-12
-3.2803e-08
-6.50927e-12
-3.83605e-12
-3.58052e-08
-1.67742e-12
-3.58049e-08
3.13293e-13
-3.58048e-08
1.53406e-12
-3.58049e-08
1.91256e-12
-3.58051e-08
1.72027e-12
-3.58052e-08
9.62418e-13
-3.58054e-08
-6.9805e-14
-3.58055e-08
-7.98895e-13
-3.58056e-08
-9.91445e-13
-3.58056e-08
-3.24964e-13
-3.58054e-08
1.64746e-12
-3.58051e-08
4.4703e-12
-3.58049e-08
6.58099e-12
-3.58051e-08
6.11553e-12
-3.58057e-08
3.21552e-12
-3.58064e-08
-7.96393e-13
-3.58069e-08
-4.95963e-12
-3.58068e-08
-7.39457e-12
-3.58063e-08
-7.01474e-12
-4.44878e-12
-3.90463e-08
-2.24247e-12
-3.9046e-08
-4.23632e-14
-3.90458e-08
1.41309e-12
-3.90459e-08
1.96949e-12
-3.9046e-08
1.86076e-12
-3.90462e-08
1.12424e-12
-3.90464e-08
9.56104e-14
-3.90465e-08
-6.35126e-13
-3.90467e-08
-8.44414e-13
-3.90467e-08
-3.0034e-13
-3.90465e-08
1.43255e-12
-3.90461e-08
4.07504e-12
-3.90458e-08
6.29344e-12
-3.9046e-08
6.27535e-12
-3.90465e-08
3.76345e-12
-3.90472e-08
-7.36487e-14
-3.90478e-08
-4.33836e-12
-3.90479e-08
-7.29436e-12
-3.90475e-08
-7.44552e-12
-5.09067e-12
-4.25418e-08
-2.85273e-12
-4.25414e-08
-4.54118e-13
-4.25412e-08
1.21872e-12
-4.25412e-08
1.98479e-12
-4.25413e-08
1.98966e-12
-4.25415e-08
1.29408e-12
-4.25417e-08
2.75377e-13
-4.25419e-08
-4.6096e-13
-4.2542e-08
-6.785e-13
-4.25421e-08
-2.44887e-13
-4.25419e-08
1.23565e-12
-4.25415e-08
3.65183e-12
-4.25411e-08
5.90503e-12
-4.25411e-08
6.32752e-12
-4.25416e-08
4.26634e-12
-4.25424e-08
6.64761e-13
-4.25431e-08
-3.60013e-12
-4.25434e-08
-7.01749e-12
-4.25431e-08
-7.76401e-12
-5.74518e-12
-4.63095e-08
-3.5067e-12
-4.6309e-08
-9.31418e-13
-4.63088e-08
9.56875e-13
-4.63087e-08
1.94657e-12
-4.63088e-08
2.09885e-12
-4.6309e-08
1.46804e-12
-4.63092e-08
4.66626e-13
-4.63094e-08
-2.77359e-13
-4.63096e-08
-4.98591e-13
-4.63097e-08
-1.60053e-13
-4.63095e-08
1.06519e-12
-4.6309e-08
3.21419e-12
-4.63086e-08
5.42905e-12
-4.63085e-08
6.25665e-12
-4.63089e-08
4.71023e-12
-4.63097e-08
1.4015e-12
-4.63105e-08
-2.77625e-12
-4.6311e-08
-6.55785e-12
-4.63108e-08
-7.93962e-12
-6.37019e-12
-5.03689e-08
-4.19721e-12
-5.03683e-08
-1.47046e-12
-5.0368e-08
6.36214e-13
-5.03679e-08
1.84019e-12
-5.0368e-08
2.17685e-12
-5.03681e-08
1.64045e-12
-5.03683e-08
6.67884e-13
-5.03685e-08
-8.64184e-14
-5.03687e-08
-3.07836e-13
-5.03688e-08
-5.03012e-14
-5.03687e-08
9.25124e-13
-5.03683e-08
2.77803e-12
-5.03677e-08
4.88437e-12
-5.03675e-08
6.04512e-12
-5.03679e-08
5.08254e-12
-5.03686e-08
2.12393e-12
-5.03695e-08
-1.90954e-12
-5.03701e-08
-5.91518e-12
-5.03701e-08
-7.94093e-12
-6.92707e-12
-5.47411e-08
-4.90637e-12
-5.47405e-08
-2.06258e-12
-5.47401e-08
2.60501e-13
-5.47399e-08
1.65891e-12
-5.47399e-08
2.21089e-12
-5.47401e-08
1.80354e-12
-5.47403e-08
8.76729e-13
-5.47405e-08
1.07867e-13
-5.47407e-08
-1.098e-13
-5.47408e-08
7.9708e-14
-5.47407e-08
8.17876e-13
-5.47403e-08
2.35795e-12
-5.47397e-08
4.29649e-12
-5.47394e-08
5.68981e-12
-5.47396e-08
5.33841e-12
-5.47403e-08
2.83079e-12
-5.47412e-08
-1.01279e-12
-5.4742e-08
-5.12463e-12
-5.47422e-08
-7.74236e-12
-7.37517e-12
-5.94493e-08
-5.58937e-12
-5.94487e-08
-2.7104e-12
-5.94482e-08
-1.9073e-13
-5.9448e-08
1.41524e-12
-5.9448e-08
2.19081e-12
-5.94481e-08
1.94601e-12
-5.94483e-08
1.08728e-12
-5.94485e-08
3.0521e-13
-5.94487e-08
9.14601e-14
-5.94489e-08
2.24325e-13
-5.94488e-08
7.42813e-13
-5.94484e-08
1.96531e-12
-5.94478e-08
3.68621e-12
-5.94473e-08
5.21566e-12
-5.94474e-08
5.44185e-12
-5.94481e-08
3.48771e-12
-5.9449e-08
-9.94764e-14
-5.94499e-08
-4.22393e-12
-5.94503e-08
-7.32383e-12
-7.66639e-12
-6.4519e-08
-6.2031e-12
-6.45183e-08
-3.39955e-12
-6.45178e-08
-7.10179e-13
-6.45175e-08
1.11485e-12
-6.45174e-08
2.10096e-12
-6.45175e-08
2.05391e-12
-6.45177e-08
1.2913e-12
-6.45179e-08
5.05669e-13
-6.45181e-08
2.93324e-13
-6.45183e-08
3.75918e-13
-6.45182e-08
6.96816e-13
-6.45179e-08
1.60961e-12
-6.45173e-08
3.07592e-12
-6.45167e-08
4.64435e-12
-6.45166e-08
5.38233e-12
-6.45172e-08
4.05767e-12
-6.45181e-08
7.86037e-13
-6.45191e-08
-3.23347e-12
-6.45197e-08
-6.68163e-12
-7.76496e-12
-6.99779e-08
-6.70549e-12
-6.99772e-08
-4.09529e-12
-6.99766e-08
-1.28953e-12
-6.99763e-08
7.53209e-13
-6.99761e-08
1.9368e-12
-6.99762e-08
2.11522e-12
-6.99764e-08
1.48004e-12
-6.99766e-08
7.02725e-13
-6.99768e-08
4.91939e-13
-6.99769e-08
5.29035e-13
-6.99769e-08
6.74777e-13
-6.99766e-08
1.29719e-12
-6.9976e-08
2.48637e-12
-6.99754e-08
4.0103e-12
-6.99751e-08
5.15646e-12
-6.99756e-08
4.49788e-12
-6.99764e-08
1.64604e-12
-6.99775e-08
-2.1885e-12
-6.99783e-08
-5.86149e-12
-7.64192e-12
-7.58564e-08
-7.04301e-12
-7.58557e-08
-4.76425e-12
-7.58551e-08
-1.92019e-12
-7.58547e-08
3.32409e-13
-7.58544e-08
1.70325e-12
-7.58544e-08
2.11389e-12
-7.58546e-08
1.64209e-12
-7.58548e-08
8.92531e-13
-7.5855e-08
6.83394e-13
-7.58551e-08
6.7693e-13
-7.58551e-08
6.69915e-13
-7.58549e-08
1.03072e-12
-7.58543e-08
1.93526e-12
-7.58537e-08
3.34537e-12
-7.58533e-08
4.77828e-12
-7.58536e-08
4.78534e-12
-7.58544e-08
2.46102e-12
-7.58554e-08
-1.13837e-12
-7.58564e-08
-4.91087e-12
-7.27795e-12
-8.21876e-08
-7.17346e-12
-8.2187e-08
-5.36713e-12
-8.21863e-08
-2.58495e-12
-8.21858e-08
-1.46228e-13
-8.21856e-08
1.4119e-12
-8.21855e-08
2.04489e-12
-8.21856e-08
1.76232e-12
-8.21858e-08
1.07165e-12
-8.2186e-08
8.64171e-13
-8.21861e-08
8.12914e-13
-8.21861e-08
6.74311e-13
-8.21859e-08
8.08987e-13
-8.21854e-08
1.43613e-12
-8.21847e-08
2.67823e-12
-8.21842e-08
4.27625e-12
-8.21843e-08
4.88686e-12
-8.2185e-08
3.19254e-12
-8.21861e-08
-1.14272e-13
-8.21871e-08
-3.86627e-12
-6.67307e-12
-8.90075e-08
-7.06832e-12
-8.9007e-08
-5.8492e-12
-8.90064e-08
-3.2494e-12
-8.90058e-08
-6.82811e-13
-8.90055e-08
1.06649e-12
-8.90053e-08
1.9074e-12
-8.90054e-08
1.82873e-12
-8.90056e-08
1.23154e-12
-8.90057e-08
1.03022e-12
-8.90059e-08
9.31166e-13
-8.90059e-08
6.79534e-13
-8.90057e-08
6.27297e-13
-8.90052e-08
9.97172e-13
-8.90046e-08
2.03592e-12
-8.9004e-08
3.68898e-12
-8.90039e-08
4.80645e-12
-8.90045e-08
3.8082e-12
-8.90055e-08
8.33135e-13
-8.90066e-08
-2.78159e-12
-5.84515e-12
-9.63553e-08
-6.71889e-12
-9.6355e-08
-6.15502e-12
-9.63543e-08
-3.86564e-12
-9.63538e-08
-1.26656e-12
-9.63534e-08
6.67831e-13
-9.63532e-08
1.70494e-12
-9.63532e-08
1.82777e-12
-9.63533e-08
1.36247e-12
-9.63534e-08
1.17672e-12
-9.63535e-08
1.02691e-12
-9.63535e-08
6.77504e-13
-9.63534e-08
4.78153e-13
-9.6353e-08
6.20407e-13
-9.63524e-08
1.44167e-12
-9.63518e-08
3.06373e-12
-9.63515e-08
4.55432e-12
-9.6352e-08
4.25013e-12
-9.63529e-08
1.7196e-12
-9.63539e-08
-1.69156e-12
-4.87874e-12
-1.04273e-07
-6.13213e-12
-1.04273e-07
-6.2423e-12
-1.04272e-07
-4.39398e-12
-1.04272e-07
-1.85965e-12
-1.04271e-07
2.18679e-13
-1.04271e-07
1.43819e-12
-1.04271e-07
1.76121e-12
-1.04271e-07
1.45454e-12
-1.04271e-07
1.29778e-12
-1.04271e-07
1.09601e-12
-1.04271e-07
6.61486e-13
-1.04271e-07
3.51838e-13
-1.04271e-07
3.02226e-13
-1.0427e-07
9.12057e-13
-1.0427e-07
2.44094e-12
-1.04269e-07
4.16238e-12
-1.0427e-07
4.49727e-12
-1.0427e-07
2.51652e-12
-1.04271e-07
-6.51309e-13
-3.83599e-12
-1.12806e-07
-5.33638e-12
-1.12807e-07
-6.08459e-12
-1.12806e-07
-4.77523e-12
-1.12806e-07
-2.43364e-12
-1.12805e-07
-2.70413e-13
-1.12805e-07
1.11983e-12
-1.12805e-07
1.63253e-12
-1.12805e-07
1.49723e-12
-1.12805e-07
1.38522e-12
-1.12805e-07
1.1354e-12
-1.12805e-07
6.27214e-13
-1.12805e-07
2.3699e-13
-1.12805e-07
3.48006e-14
-1.12804e-07
4.55447e-13
-1.12803e-07
1.85211e-12
-1.12803e-07
3.68003e-12
-1.12803e-07
4.54595e-12
-1.12804e-07
3.1973e-12
-1.12805e-07
2.7755e-13
-2.78158e-12
-1.22004e-07
-4.43569e-12
-1.22005e-07
-5.69733e-12
-1.22005e-07
-4.97024e-12
-1.22004e-07
-2.93639e-12
-1.22004e-07
-7.71826e-13
-1.22003e-07
7.53618e-13
-1.22003e-07
1.44667e-12
-1.22003e-07
1.4869e-12
-1.22003e-07
1.43076e-12
-1.22003e-07
1.14232e-12
-1.22003e-07
5.7294e-13
-1.22003e-07
1.22812e-13
-1.22003e-07
-1.94125e-13
-1.22002e-07
7.19857e-14
-1.22002e-07
1.32219e-12
-1.22001e-07
3.16567e-12
-1.22001e-07
4.41299e-12
-1.22002e-07
3.6794e-12
-1.22003e-07
1.12397e-12
-1.73084e-12
-1.31919e-07
-3.49312e-12
-1.3192e-07
-5.11072e-12
-1.3192e-07
-4.95281e-12
-1.3192e-07
-3.32241e-12
-1.31919e-07
-1.25049e-12
-1.31919e-07
3.57434e-13
-1.31919e-07
1.2117e-12
-1.31918e-07
1.42353e-12
-1.31918e-07
1.4286e-12
-1.31918e-07
1.11374e-12
-1.31918e-07
4.97148e-13
-1.31918e-07
7.28092e-16
-1.31918e-07
-3.97409e-13
-1.31918e-07
-2.46073e-13
-1.31917e-07
8.66626e-13
-1.31917e-07
2.66012e-12
-1.31916e-07
4.1457e-12
-1.31917e-07
3.9718e-12
-1.31917e-07
1.86456e-12
-7.72881e-13
-1.42607e-07
-2.58155e-12
-1.42608e-07
-4.37225e-12
-1.42608e-07
-4.71705e-12
-1.42608e-07
-3.54423e-12
-1.42608e-07
-1.67273e-12
-1.42607e-07
-4.24926e-14
-1.42607e-07
9.40666e-13
-1.42607e-07
1.30948e-12
-1.42607e-07
1.37652e-12
-1.42607e-07
1.04876e-12
-1.42607e-07
4.01325e-13
-1.42607e-07
-1.33694e-13
-1.42606e-07
-5.91528e-13
-1.42606e-07
-5.12647e-13
-1.42606e-07
4.90132e-13
-1.42605e-07
2.19737e-12
-1.42605e-07
3.79907e-12
-1.42605e-07
4.07826e-12
-1.42606e-07
2.47904e-12
4.33468e-14
-1.54128e-07
-1.7193e-12
-1.54129e-07
-3.58026e-12
-1.54129e-07
-4.3059e-12
-1.54129e-07
-3.58199e-12
-1.54129e-07
-1.99299e-12
-1.54129e-07
-4.121e-13
-1.54128e-07
6.52949e-13
-1.54128e-07
1.15182e-12
-1.54128e-07
1.27713e-12
-1.54128e-07
9.48732e-13
-1.54128e-07
2.87588e-13
-1.54128e-07
-2.82505e-13
-1.54128e-07
-7.90714e-13
-1.54127e-07
-7.45336e-13
-1.54127e-07
1.86969e-13
-1.54127e-07
1.79942e-12
-1.54126e-07
3.42904e-12
-1.54126e-07
4.03346e-12
-1.54127e-07
2.90381e-12
7.35967e-13
-1.66546e-07
-9.78368e-13
-1.66547e-07
-2.81393e-12
-1.66547e-07
-3.76411e-12
-1.66548e-07
-3.43461e-12
-1.66547e-07
-2.1722e-12
-1.66547e-07
-7.17164e-13
-1.66547e-07
3.74349e-13
-1.66547e-07
9.64124e-13
-1.66546e-07
1.13779e-12
-1.66546e-07
8.15987e-13
-1.66546e-07
1.54436e-13
-1.66546e-07
-4.44325e-13
-1.66546e-07
-9.99615e-13
-1.66546e-07
-9.62721e-13
-1.66545e-07
-5.70011e-14
-1.66545e-07
1.47471e-12
-1.66545e-07
3.08805e-12
-1.66544e-07
3.88263e-12
-1.66545e-07
3.1433e-12
1.30447e-12
-1.79929e-07
-3.77438e-13
-1.79929e-07
-2.11457e-12
-1.7993e-07
-3.15557e-12
-1.7993e-07
-3.13352e-12
-1.7993e-07
-2.18926e-12
-1.7993e-07
-9.23128e-13
-1.7993e-07
1.35448e-13
-1.7993e-07
7.6715e-13
-1.7993e-07
9.70735e-13
-1.79929e-07
6.59325e-13
-1.79929e-07
1.13521e-14
-1.79929e-07
-6.18462e-13
-1.79929e-07
-1.22749e-12
-1.79929e-07
-1.18029e-12
-1.79928e-07
-2.61475e-13
-1.79928e-07
1.21721e-12
-1.79928e-07
2.80023e-12
-1.79928e-07
3.68971e-12
-1.79928e-07
3.23035e-12
1.6955e-12
-1.94349e-07
7.931e-14
-1.9435e-07
-1.53075e-12
-1.9435e-07
-2.56904e-12
-1.94351e-07
-2.73577e-12
-1.94351e-07
-2.04942e-12
-1.94351e-07
-9.98892e-13
-1.94351e-07
-3.36328e-14
-1.9435e-07
5.87809e-13
-1.9435e-07
7.94224e-13
-1.9435e-07
4.93589e-13
-1.9435e-07
-1.35465e-13
-1.9435e-07
-8.07636e-13
-1.9435e-07
-1.46834e-12
-1.94349e-07
-1.40976e-12
-1.94349e-07
-4.47449e-13
-1.94349e-07
1.00857e-12
-1.94349e-07
2.57488e-12
-1.94348e-07
3.50879e-12
-1.94348e-07
3.21809e-12
1.91672e-12
-2.09885e-07
3.91675e-13
-2.09885e-07
-1.08103e-12
-2.09886e-07
-2.0844e-12
-2.09886e-07
-2.30783e-12
-2.09886e-07
-1.79558e-12
-2.09886e-07
-9.38097e-13
-2.09886e-07
-1.00502e-13
-2.09886e-07
4.56688e-13
-2.09886e-07
6.32613e-13
-2.09886e-07
3.34951e-13
-2.09886e-07
-2.78904e-13
-2.09886e-07
-1.00337e-12
-2.09885e-07
-1.71459e-12
-2.09885e-07
-1.65663e-12
-2.09885e-07
-6.32637e-13
-2.09885e-07
8.20632e-13
-2.09885e-07
2.40276e-12
-2.09884e-07
3.38188e-12
-2.09884e-07
3.16675e-12
2.00145e-12
-2.26618e-07
5.52621e-13
-2.26619e-07
-7.7887e-13
-2.26619e-07
-1.7132e-12
-2.2662e-07
-1.92625e-12
-2.2662e-07
-1.48117e-12
-2.2662e-07
-7.62805e-13
-2.2662e-07
-4.90271e-14
-2.2662e-07
4.07531e-13
-2.2662e-07
5.14774e-13
-2.2662e-07
2.03552e-13
-2.2662e-07
-4.03316e-13
-2.26619e-07
-1.18678e-12
-2.26619e-07
-1.96784e-12
-2.26619e-07
-1.91108e-12
-2.26619e-07
-8.29301e-13
-2.26619e-07
6.16073e-13
-2.26618e-07
2.25676e-12
-2.26618e-07
3.3181e-12
-2.26618e-07
3.12435e-12
2.01168e-12
-2.44639e-07
6.15658e-13
-2.44639e-07
-6.24839e-13
-2.44639e-07
-1.49038e-12
-2.44639e-07
-1.63869e-12
-2.4464e-07
-1.17754e-12
-2.4464e-07
-5.16043e-13
-2.4464e-07
1.11738e-13
-2.4464e-07
4.64298e-13
-2.4464e-07
4.74357e-13
-2.4464e-07
1.19769e-13
-2.4464e-07
-4.96939e-13
-2.4464e-07
-1.33885e-12
-2.4464e-07
-2.21027e-12
-2.44639e-07
-2.18261e-12
-2.44639e-07
-1.0444e-12
-2.44639e-07
3.97296e-13
-2.44639e-07
2.08866e-12
-2.44639e-07
3.28889e-12
-2.44639e-07
3.13414e-12
2.02157e-12
-2.6404e-07
6.44605e-13
-2.6404e-07
-5.72477e-13
-2.6404e-07
-1.43136e-12
-2.6404e-07
-1.49394e-12
-2.64041e-07
-9.40449e-13
-2.64041e-07
-2.55567e-13
-2.64041e-07
3.51148e-13
-2.64041e-07
6.29678e-13
-2.64041e-07
5.34155e-13
-2.64041e-07
1.08891e-13
-2.64041e-07
-5.42868e-13
-2.64041e-07
-1.43792e-12
-2.64041e-07
-2.41463e-12
-2.64041e-07
-2.47626e-12
-2.6404e-07
-1.29842e-12
-2.6404e-07
1.69048e-13
-2.6404e-07
1.87322e-12
-2.6404e-07
3.26672e-12
-2.6404e-07
3.20828e-12
2.07398e-12
-2.84924e-07
7.027e-13
-2.84924e-07
-5.67101e-13
-2.84923e-07
-1.51892e-12
-2.84923e-07
-1.52782e-12
-2.84924e-07
-8.29492e-13
-2.84924e-07
-3.82661e-14
-2.84924e-07
6.21654e-13
-2.84924e-07
8.87207e-13
-2.84924e-07
7.02962e-13
-2.84925e-07
1.89103e-13
-2.84925e-07
-5.22006e-13
-2.84925e-07
-1.46143e-12
-2.84924e-07
-2.54559e-12
-2.84924e-07
-2.77079e-12
-2.84924e-07
-1.59098e-12
-2.84924e-07
-8.12027e-14
-2.84923e-07
1.5839e-12
-2.84923e-07
3.21816e-12
-2.84923e-07
3.34331e-12
2.20043e-12
-3.07397e-07
8.45788e-13
-3.07397e-07
-5.82162e-13
-3.07397e-07
-1.69207e-12
-3.07397e-07
-1.73255e-12
-3.07397e-07
-8.98575e-13
-3.07397e-07
7.89568e-14
-3.07397e-07
8.79033e-13
-3.07397e-07
1.1956e-12
-3.07397e-07
9.63871e-13
-3.07398e-07
3.63331e-13
-3.07398e-07
-4.13887e-13
-3.07398e-07
-1.38541e-12
-3.07398e-07
-2.57466e-12
-3.07398e-07
-3.02639e-12
-3.07397e-07
-1.92178e-12
-3.07397e-07
-3.72258e-13
-3.07397e-07
1.21477e-12
-3.07396e-07
3.11114e-12
-3.07397e-07
3.52603e-12
2.41704e-12
-3.31576e-07
1.13231e-12
-3.31576e-07
-5.37379e-13
-3.31576e-07
-1.89512e-12
-3.31575e-07
-2.05923e-12
-3.31575e-07
-1.13779e-12
-3.31575e-07
1.86757e-14
-3.31575e-07
1.04509e-12
-3.31576e-07
1.51735e-12
-3.31576e-07
1.29261e-12
-3.31576e-07
6.16813e-13
-3.31576e-07
-2.14768e-13
-3.31577e-07
-1.18661e-12
-3.31577e-07
-2.48223e-12
-3.31576e-07
-3.19631e-12
-3.31576e-07
-2.29514e-12
-3.31576e-07
-7.16907e-13
-3.31575e-07
8.13241e-13
-3.31575e-07
2.88774e-12
-3.31575e-07
3.71678e-12
2.67672e-12
-3.57583e-07
1.54485e-12
-3.57584e-07
-3.56916e-13
-3.57583e-07
-2.03673e-12
-3.57583e-07
-2.43819e-12
-3.57583e-07
-1.50546e-12
-3.57582e-07
-2.46431e-13
-3.57582e-07
1.03016e-12
-3.57583e-07
1.76555e-12
-3.57583e-07
1.6773e-12
-3.57583e-07
9.52641e-13
-3.57584e-07
5.15421e-14
-3.57584e-07
-8.67492e-13
-3.57584e-07
-2.26488e-12
-3.57584e-07
-3.23152e-12
-3.57584e-07
-2.66668e-12
-3.57583e-07
-1.11581e-12
-3.57583e-07
4.0019e-13
-3.57583e-07
2.48302e-12
-3.57583e-07
3.87914e-12
2.9416e-12
-3.85551e-07
2.02014e-12
-3.85551e-07
-1.63773e-14
-3.85551e-07
-2.00526e-12
-3.85551e-07
-2.81136e-12
-3.85551e-07
-1.96019e-12
-3.8555e-07
-6.50549e-13
-3.8555e-07
7.92647e-13
-3.8555e-07
1.83573e-12
-3.8555e-07
2.04374e-12
-3.85551e-07
1.36427e-12
-3.85551e-07
3.84493e-13
-3.85551e-07
-4.80631e-13
-3.85552e-07
-1.91146e-12
-3.85552e-07
-3.10447e-12
-3.85552e-07
-2.96922e-12
-3.85551e-07
-1.52866e-12
-3.85551e-07
-1.83928e-14
-3.8555e-07
1.90004e-12
-3.8555e-07
3.92248e-12
3.1889e-12
-4.15619e-07
2.4773e-12
-4.1562e-07
4.77187e-13
-4.1562e-07
-1.71906e-12
-4.1562e-07
-3.0532e-12
-4.15619e-07
-2.47987e-12
-4.15619e-07
-1.12956e-12
-4.15618e-07
3.4766e-13
-4.15618e-07
1.65623e-12
-4.15618e-07
2.26112e-12
-4.15619e-07
1.82194e-12
-4.15619e-07
7.9431e-13
-4.1562e-07
-1.17614e-13
-4.1562e-07
-1.40267e-12
-4.1562e-07
-2.80431e-12
-4.1562e-07
-3.14247e-12
-4.1562e-07
-1.94744e-12
-4.15619e-07
-4.654e-13
-4.15619e-07
1.2712e-12
-4.15618e-07
3.76114e-12
3.3894e-12
-4.47938e-07
2.84849e-12
-4.47938e-07
1.02806e-12
-4.47939e-07
-1.11558e-12
-4.47939e-07
-3.03094e-12
-4.47938e-07
-2.99122e-12
-4.47938e-07
-1.65313e-12
-4.47937e-07
-2.20821e-13
-4.47937e-07
1.21083e-12
-4.47937e-07
2.24288e-12
-4.47937e-07
2.20831e-12
-4.47938e-07
1.28287e-12
-4.47938e-07
2.62254e-13
-4.47938e-07
-8.50652e-13
-4.47939e-07
-2.36085e-12
-4.47939e-07
-3.13591e-12
-4.47939e-07
-2.34567e-12
-4.47938e-07
-9.41242e-13
-4.47937e-07
6.80852e-13
-4.47937e-07
3.36891e-12
3.5085e-12
-4.82666e-07
3.19933e-12
-4.82666e-07
1.61305e-12
-4.82667e-07
-3.97052e-13
-4.82667e-07
-2.62033e-12
-4.82667e-07
-3.35301e-12
-4.82666e-07
-2.24066e-12
-4.82666e-07
-7.70367e-13
-4.82665e-07
5.49561e-13
-4.82665e-07
1.95001e-12
-4.82665e-07
2.40118e-12
-4.82665e-07
1.77263e-12
-4.82666e-07
6.80724e-13
-4.82666e-07
-3.69277e-13
-4.82667e-07
-1.77603e-12
-4.82667e-07
-2.91921e-12
-4.82667e-07
-2.65836e-12
-4.82666e-07
-1.3823e-12
-4.82666e-07
1.32168e-13
-4.82665e-07
2.70388e-12
3.48001e-12
-5.19972e-07
3.51212e-12
-5.19973e-07
2.26222e-12
-5.19974e-07
2.45899e-13
-5.19974e-07
-1.85945e-12
-5.19974e-07
-3.3202e-12
-5.19974e-07
-2.82339e-12
-5.19973e-07
-1.3724e-12
-5.19973e-07
-1.45035e-13
-5.19972e-07
1.38239e-12
-5.19972e-07
2.30396e-12
-5.19972e-07
2.12579e-12
-5.19973e-07
1.12665e-12
-5.19973e-07
6.31314e-14
-5.19974e-07
-1.14349e-12
-5.19974e-07
-2.52112e-12
-5.19974e-07
-2.80819e-12
-5.19974e-07
-1.76992e-12
-5.19973e-07
-3.38451e-13
-5.19972e-07
1.81439e-12
3.26104e-12
-5.60038e-07
3.60682e-12
-5.60038e-07
2.91961e-12
-5.60039e-07
9.37152e-13
-5.6004e-07
-9.09001e-13
-5.6004e-07
-2.8492e-12
-5.6004e-07
-3.1896e-12
-5.60039e-07
-2.01999e-12
-5.60039e-07
-7.53332e-13
-5.60038e-07
6.11118e-13
-5.60038e-07
1.89011e-12
-5.60038e-07
2.22656e-12
-5.60038e-07
1.54228e-12
-5.60039e-07
4.56804e-13
-5.60039e-07
-6.12155e-13
-5.6004e-07
-1.97164e-12
-5.6004e-07
-2.75247e-12
-5.60039e-07
-2.09268e-12
-5.60039e-07
-7.47678e-13
-5.60038e-07
9.13069e-13
2.79018e-12
-6.03052e-07
3.43844e-12
-6.03053e-07
3.4816e-12
-6.03054e-07
1.75655e-12
-6.03054e-07
2.34292e-15
-6.03055e-07
-2.00809e-12
-6.03055e-07
-3.11891e-12
-6.03055e-07
-2.61074e-12
-6.03054e-07
-1.34298e-12
-6.03054e-07
-1.04637e-13
-6.03053e-07
1.16773e-12
-6.03053e-07
1.99253e-12
-6.03053e-07
1.76744e-12
-6.03053e-07
8.09563e-13
-6.03054e-07
-1.78055e-13
-6.03054e-07
-1.3694e-12
-6.03054e-07
-2.50034e-12
-6.03054e-07
-2.33922e-12
-6.03054e-07
-1.13827e-12
-6.03053e-07
1.78791e-13
2.11168e-12
-6.49217e-07
3.08205e-12
-6.49218e-07
3.81138e-12
-6.49219e-07
2.65275e-12
-6.49219e-07
8.28422e-13
-6.4922e-07
-9.46742e-13
-6.49221e-07
-2.5594e-12
-6.49221e-07
-2.87718e-12
-6.4922e-07
-1.97183e-12
-6.49219e-07
-7.83438e-13
-6.49219e-07
3.45515e-13
-6.49218e-07
1.4572e-12
-6.49218e-07
1.69764e-12
-6.49218e-07
1.07833e-12
-6.49219e-07
1.4366e-13
-6.49219e-07
-8.64357e-13
-6.49219e-07
-2.09532e-12
-6.49219e-07
-2.45011e-12
-6.49219e-07
-1.50969e-12
-6.49218e-07
-3.85378e-13
1.34249e-12
-6.98745e-07
2.57874e-12
-6.98745e-07
3.79613e-12
-6.98746e-07
3.49654e-12
-6.98747e-07
1.7894e-12
-6.98748e-07
1.02019e-13
-6.98749e-07
-1.63763e-12
-6.98749e-07
-2.68219e-12
-6.98749e-07
-2.47333e-12
-6.98748e-07
-1.45767e-12
-6.98747e-07
-4.04443e-13
-6.98747e-07
6.87897e-13
-6.98746e-07
1.28264e-12
-6.98746e-07
1.12358e-12
-6.98747e-07
3.62078e-13
-6.98747e-07
-5.00651e-13
-6.98747e-07
-1.65281e-12
-6.98747e-07
-2.39863e-12
-6.98747e-07
-1.82399e-12
-6.98747e-07
-8.44666e-13
6.52977e-13
-7.5186e-07
2.08466e-12
-7.5186e-07
3.52012e-12
-7.51861e-07
4.06133e-12
-7.51862e-07
2.8498e-12
-7.51863e-07
1.10425e-12
-7.51864e-07
-5.00173e-13
-7.51864e-07
-2.00844e-12
-7.51864e-07
-2.59833e-12
-7.51864e-07
-2.08889e-12
-7.51863e-07
-1.12432e-12
-7.51862e-07
-1.51607e-13
-7.51861e-07
5.81822e-13
-7.51861e-07
8.48424e-13
-7.51861e-07
4.25298e-13
-7.51861e-07
-2.84968e-13
-7.51862e-07
-1.25457e-12
-7.51862e-07
-2.2167e-12
-7.51862e-07
-1.98058e-12
-7.51861e-07
-1.22896e-12
-4.21431e-14
-8.08796e-07
1.57606e-12
-8.08796e-07
2.98209e-12
-8.08796e-07
4.28157e-12
-8.08797e-07
3.85814e-12
-8.08798e-07
2.25339e-12
-8.08799e-07
6.83576e-13
-8.088e-07
-1.03227e-12
-8.08801e-07
-2.27035e-12
-8.088e-07
-2.49489e-12
-8.088e-07
-1.87003e-12
-8.08799e-07
-9.76003e-13
-8.08798e-07
-2.11371e-13
-8.08797e-07
2.68878e-13
-8.08797e-07
2.51975e-13
-8.08797e-07
-2.26464e-13
-8.08797e-07
-1.01205e-12
-8.08798e-07
-1.94813e-12
-8.08798e-07
-2.03871e-12
-8.08797e-07
-1.47155e-12
-6.0783e-13
-8.69799e-07
1.09517e-12
-8.69798e-07
2.40297e-12
-8.69798e-07
4.17611e-12
-8.69799e-07
4.64829e-12
-8.698e-07
3.46267e-12
-8.69801e-07
1.80722e-12
-8.69803e-07
1.11916e-13
-8.69803e-07
-1.53492e-12
-8.69803e-07
-2.50415e-12
-8.69803e-07
-2.49952e-12
-8.69802e-07
-1.83739e-12
-8.69801e-07
-1.0541e-12
-8.698e-07
-4.5176e-13
-8.698e-07
-2.18524e-13
-8.698e-07
-3.74731e-13
-8.698e-07
-9.20079e-13
-8.698e-07
-1.69431e-12
-8.698e-07
-2.01601e-12
-8.698e-07
-1.61744e-12
-9.85384e-13
-9.35123e-07
6.84772e-13
-9.35123e-07
1.94737e-12
-9.35123e-07
3.85438e-12
-9.35123e-07
5.06893e-12
-9.35124e-07
4.53466e-12
-9.35125e-07
2.97758e-12
-9.35126e-07
1.25275e-12
-9.35127e-07
-5.54173e-13
-9.35128e-07
-2.10279e-12
-9.35128e-07
-2.82626e-12
-9.35127e-07
-2.63649e-12
-9.35126e-07
-1.98537e-12
-9.35125e-07
-1.27434e-12
-9.35124e-07
-8.23589e-13
-9.35124e-07
-7.64097e-13
-9.35124e-07
-9.992e-13
-9.35124e-07
-1.54214e-12
-9.35124e-07
-1.92992e-12
-9.35124e-07
-1.6776e-12
-1.20851e-12
-1.00503e-06
4.07568e-13
-1.00503e-06
1.59672e-12
-1.00503e-06
3.503e-12
-1.00503e-06
5.14641e-12
-1.00503e-06
5.36152e-12
-1.00504e-06
4.11185e-12
-1.00504e-06
2.30947e-12
-1.00504e-06
4.88339e-13
-1.00504e-06
-1.42934e-12
-1.00504e-06
-2.79146e-12
-1.00504e-06
-3.24357e-12
-1.00504e-06
-2.88947e-12
-1.00504e-06
-2.19898e-12
-1.00504e-06
-1.56728e-12
-1.00503e-06
-1.31561e-12
-1.00503e-06
-1.26164e-12
-1.00503e-06
-1.52322e-12
-1.00503e-06
-1.81343e-12
-1.00503e-06
-1.6493e-12
-1.2456e-12
-1.0798e-06
3.20814e-13
-1.0798e-06
1.39372e-12
-1.0798e-06
3.22106e-12
-1.0798e-06
5.02853e-12
-1.0798e-06
5.8781e-12
-1.07981e-06
5.07025e-12
-1.07981e-06
3.32234e-12
-1.07981e-06
1.34741e-12
-1.07981e-06
-6.35635e-13
-1.07981e-06
-2.45947e-12
-1.07981e-06
-3.5591e-12
-1.07981e-06
-3.693e-12
-1.07981e-06
-3.14002e-12
-1.07981e-06
-2.44261e-12
-1.0798e-06
-1.97113e-12
-1.0798e-06
-1.67983e-12
-1.0798e-06
-1.63409e-12
-1.0798e-06
-1.70405e-12
-1.0798e-06
-1.54193e-12
-1.12541e-12
-1.15971e-06
4.32203e-13
-1.15971e-06
1.38634e-12
-1.15971e-06
3.12841e-12
-1.15971e-06
4.9039e-12
-1.15971e-06
6.08287e-12
-1.15971e-06
5.74883e-12
-1.15971e-06
4.17385e-12
-1.15971e-06
2.06568e-12
-1.15971e-06
9.38061e-14
-1.15971e-06
-2.03327e-12
-1.15971e-06
-3.62277e-12
-1.15971e-06
-4.32234e-12
-1.15971e-06
-4.04564e-12
-1.15971e-06
-3.37409e-12
-1.15971e-06
-2.71398e-12
-1.15971e-06
-2.1918e-12
-1.15971e-06
-1.84034e-12
-1.15971e-06
-1.61884e-12
-1.15971e-06
-1.36826e-12
-8.88528e-13
-1.24504e-06
7.64621e-13
-1.24504e-06
1.61839e-12
-1.24504e-06
3.25394e-12
-1.24504e-06
4.87049e-12
-1.24504e-06
6.11871e-12
-1.24504e-06
6.14982e-12
-1.24504e-06
4.76428e-12
-1.24504e-06
2.63013e-12
-1.24504e-06
5.12019e-13
-1.24504e-06
-1.65071e-12
-1.24504e-06
-3.58993e-12
-1.24504e-06
-4.7707e-12
-1.24504e-06
-4.89487e-12
-1.24504e-06
-4.29867e-12
-1.24504e-06
-3.50636e-12
-1.24504e-06
-2.73958e-12
-1.24504e-06
-2.08401e-12
-1.24504e-06
-1.54384e-12
-1.24504e-06
-1.10431e-12
-5.03321e-13
-1.33606e-06
1.35568e-12
-1.33606e-06
2.16327e-12
-1.33606e-06
3.5796e-12
-1.33606e-06
5.03223e-12
-1.33606e-06
6.17949e-12
-1.33606e-06
6.31055e-12
-1.33606e-06
5.02557e-12
-1.33606e-06
2.89971e-12
-1.33606e-06
6.50504e-13
-1.33606e-06
-1.46504e-12
-1.33606e-06
-3.68555e-12
-1.33606e-06
-5.18075e-12
-1.33606e-06
-5.69583e-12
-1.33606e-06
-5.19886e-12
-1.33606e-06
-4.30354e-12
-1.33606e-06
-3.28772e-12
-1.33606e-06
-2.3078e-12
-1.33606e-06
-1.44315e-12
-1.33606e-06
-7.15011e-13
8.28396e-14
-1.43306e-06
2.22931e-12
-1.43306e-06
3.05049e-12
-1.43306e-06
4.27487e-12
-1.43306e-06
5.51723e-12
-1.43306e-06
6.41025e-12
-1.43306e-06
6.32706e-12
-1.43306e-06
4.98009e-12
-1.43306e-06
2.8086e-12
-1.43306e-06
4.91617e-13
-1.43306e-06
-1.69957e-12
-1.43306e-06
-4.06635e-12
-1.43306e-06
-5.76947e-12
-1.43306e-06
-6.52572e-12
-1.43306e-06
-6.10275e-12
-1.43306e-06
-5.08717e-12
-1.43306e-06
-3.8094e-12
-1.43305e-06
-2.489e-12
-1.43305e-06
-1.27228e-12
-1.43306e-06
-1.69633e-13
8.98068e-13
-1.53629e-06
3.41834e-12
-1.53629e-06
4.35117e-12
-1.53629e-06
5.48118e-12
-1.5363e-06
6.43185e-12
-1.5363e-06
6.89843e-12
-1.5363e-06
6.32394e-12
-1.5363e-06
4.70108e-12
-1.5363e-06
2.35889e-12
-1.53629e-06
1.1082e-14
-1.53629e-06
-2.45424e-12
-1.53629e-06
-4.93858e-12
-1.53629e-06
-6.73781e-12
-1.53629e-06
-7.56058e-12
-1.53629e-06
-7.10316e-12
-1.53629e-06
-5.89826e-12
-1.53629e-06
-4.31594e-12
-1.53629e-06
-2.62179e-12
-1.53629e-06
-9.8568e-13
-1.53629e-06
6.03124e-13
2.03329e-12
-1.64601e-06
5.14099e-12
-1.64601e-06
6.16492e-12
-1.64601e-06
7.19454e-12
-1.64601e-06
7.87064e-12
-1.64601e-06
7.73842e-12
-1.64601e-06
6.47992e-12
-1.64601e-06
4.35136e-12
-1.64601e-06
1.7051e-12
-1.64601e-06
-9.21339e-13
-1.64601e-06
-3.80397e-12
-1.64601e-06
-6.43699e-12
-1.64601e-06
-8.26744e-12
-1.64601e-06
-9.0166e-12
-1.64601e-06
-8.35398e-12
-1.646e-06
-6.85083e-12
-1.646e-06
-4.87861e-12
-1.646e-06
-2.74115e-12
-1.646e-06
-5.86617e-13
-1.64601e-06
1.66881e-12
3.53909e-12
-1.76242e-06
7.33776e-12
-1.76242e-06
8.66357e-12
-1.76242e-06
9.65798e-12
-1.76243e-06
9.971e-12
-1.76243e-06
9.06191e-12
-1.76243e-06
7.00726e-12
-1.76243e-06
4.16169e-12
-1.76243e-06
1.00984e-12
-1.76243e-06
-2.32546e-12
-1.76242e-06
-5.76603e-12
-1.76242e-06
-8.66049e-12
-1.76242e-06
-1.05301e-11
-1.76242e-06
-1.10981e-11
-1.76242e-06
-1.00697e-11
-1.76241e-06
-8.11848e-12
-1.76241e-06
-5.6184e-12
-1.76241e-06
-2.92096e-12
-1.76241e-06
-9.27354e-14
-1.76242e-06
2.9972e-12
5.32851e-12
-1.8857e-06
1.00912e-11
-1.8857e-06
1.19477e-11
-1.8857e-06
1.29495e-11
-1.88571e-06
1.282e-11
-1.88571e-06
1.10778e-11
-1.88571e-06
8.11853e-12
-1.88571e-06
4.36647e-12
-1.88571e-06
3.77097e-13
-1.88571e-06
-4.03803e-12
-1.8857e-06
-8.28585e-12
-1.8857e-06
-1.16515e-11
-1.8857e-06
-1.36684e-11
-1.88569e-06
-1.39961e-11
-1.88569e-06
-1.24881e-11
-1.88569e-06
-9.91346e-12
-1.88569e-06
-6.6988e-12
-1.88569e-06
-3.26293e-12
-1.88569e-06
4.33984e-13
-1.88569e-06
4.36847e-12
7.4488e-12
-2.01595e-06
1.34409e-11
-2.01595e-06
1.58656e-11
-2.01596e-06
1.70433e-11
-2.01596e-06
1.65585e-11
-2.01596e-06
1.4028e-11
-2.01596e-06
1.00297e-11
-2.01596e-06
5.1702e-12
-2.01596e-06
-3.0869e-14
-2.01596e-06
-5.84556e-12
-2.01596e-06
-1.12192e-11
-2.01596e-06
-1.5363e-11
-2.01595e-06
-1.7754e-11
-2.01595e-06
-1.78849e-11
-2.01594e-06
-1.58356e-11
-2.01594e-06
-1.24759e-11
-2.01594e-06
-8.33565e-12
-2.01594e-06
-3.95731e-12
-2.01594e-06
8.17215e-13
-2.01594e-06
5.77174e-12
9.97328e-12
-2.1532e-06
1.72716e-11
-2.15321e-06
2.04674e-11
-2.15321e-06
2.20608e-11
-2.15322e-06
2.13201e-11
-2.15322e-06
1.80495e-11
-2.15322e-06
1.29067e-11
-2.15323e-06
6.71059e-12
-2.15323e-06
7.46793e-14
-2.15322e-06
-7.45161e-12
-2.15322e-06
-1.43607e-11
-2.15322e-06
-1.96788e-11
-2.15321e-06
-2.27688e-11
-2.15321e-06
-2.29086e-11
-2.1532e-06
-2.03224e-11
-2.1532e-06
-1.60463e-11
-2.1532e-06
-1.07594e-11
-2.15319e-06
-5.21246e-12
-2.15319e-06
8.31489e-13
-2.1532e-06
7.10781e-12
1.2705e-11
-2.29738e-06
2.14346e-11
-2.29739e-06
2.57199e-11
-2.29739e-06
2.79915e-11
-2.2974e-06
2.72159e-11
-2.29741e-06
2.32806e-11
-2.29741e-06
1.692e-11
-2.29741e-06
9.14645e-12
-2.29741e-06
9.77503e-13
-2.29741e-06
-8.56143e-12
-2.29741e-06
-1.74419e-11
-2.2974e-06
-2.43964e-11
-2.2974e-06
-2.85919e-11
-2.29739e-06
-2.91475e-11
-2.29739e-06
-2.61095e-11
-2.29738e-06
-2.08482e-11
-2.29738e-06
-1.42073e-11
-2.29738e-06
-7.22091e-12
-2.29738e-06
2.25941e-13
-2.29738e-06
8.17595e-12
1.54335e-11
-2.44827e-06
2.57461e-11
-2.44828e-06
3.1486e-11
-2.44828e-06
3.47381e-11
-2.44829e-06
3.43069e-11
-2.4483e-06
2.98329e-11
-2.4483e-06
2.22519e-11
-2.44831e-06
1.26753e-11
-2.44831e-06
2.87226e-12
-2.44831e-06
-8.88393e-12
-2.4483e-06
-2.01487e-11
-2.4483e-06
-2.92378e-11
-2.44829e-06
-3.50333e-11
-2.44829e-06
-3.6543e-11
-2.44828e-06
-3.32907e-11
-2.44827e-06
-2.70784e-11
-2.44827e-06
-1.89303e-11
-2.44826e-06
-1.01796e-11
-2.44826e-06
-1.24385e-12
-2.44826e-06
8.70156e-12
1.79552e-11
-2.60546e-06
2.99756e-11
-2.60547e-06
3.75744e-11
-2.60548e-06
4.21653e-11
-2.60548e-06
4.25425e-11
-2.60549e-06
3.77691e-11
-2.6055e-06
2.90711e-11
-2.6055e-06
1.75644e-11
-2.60551e-06
5.79094e-12
-2.60551e-06
-8.14497e-12
-2.60551e-06
-2.21248e-11
-2.6055e-06
-3.3862e-11
-2.60549e-06
-4.18261e-11
-2.60549e-06
-4.49114e-11
-2.60548e-06
-4.1861e-11
-2.60547e-06
-3.4871e-11
-2.60546e-06
-2.51687e-11
-2.60546e-06
-1.43489e-11
-2.60546e-06
-3.7094e-12
-2.60546e-06
8.38085e-12
1.99908e-11
-2.76833e-06
3.38384e-11
-2.76833e-06
4.3734e-11
-2.76834e-06
5.00922e-11
-2.76835e-06
5.17643e-11
-2.76836e-06
4.70597e-11
-2.76837e-06
3.74565e-11
-2.76837e-06
2.40436e-11
-2.76838e-06
9.75122e-12
-2.76838e-06
-5.91557e-12
-2.76838e-06
-2.30469e-11
-2.76838e-06
-3.79373e-11
-2.76837e-06
-4.86528e-11
-2.76836e-06
-5.39631e-11
-2.76835e-06
-5.17105e-11
-2.76834e-06
-4.42688e-11
-2.76833e-06
-3.31028e-11
-2.76833e-06
-2.00272e-11
-2.76832e-06
-7.20429e-12
-2.76832e-06
6.86445e-12
2.12216e-11
-2.93594e-06
3.70169e-11
-2.93594e-06
4.96594e-11
-2.93595e-06
5.82609e-11
-2.93596e-06
6.17353e-11
-2.93597e-06
5.75747e-11
-2.93598e-06
4.73924e-11
-2.93599e-06
3.22491e-11
-2.936e-06
1.49738e-11
-2.936e-06
-2.07887e-12
-2.936e-06
-2.2614e-11
-2.936e-06
-4.11095e-11
-2.93599e-06
-5.51447e-11
-2.93598e-06
-6.31752e-11
-2.93597e-06
-6.27158e-11
-2.93596e-06
-5.51927e-11
-2.93595e-06
-4.27897e-11
-2.93594e-06
-2.74608e-11
-2.93594e-06
-1.19073e-11
-2.93593e-06
3.97107e-12
2.13517e-11
-3.107e-06
3.91276e-11
-3.10701e-06
5.49679e-11
-3.10702e-06
6.63215e-11
-3.10703e-06
7.21174e-11
-3.10704e-06
6.91004e-11
-3.10705e-06
5.8787e-11
-3.10706e-06
4.22297e-11
-3.10707e-06
2.18936e-11
-3.10707e-06
2.95882e-12
-3.10707e-06
-2.05677e-11
-3.10707e-06
-4.29874e-11
-3.10707e-06
-6.08538e-11
-3.10706e-06
-7.20834e-11
-3.10704e-06
-7.44774e-11
-3.10703e-06
-6.74281e-11
-3.10702e-06
-5.41862e-11
-3.10701e-06
-3.68002e-11
-3.10701e-06
-1.81777e-11
-3.107e-06
-5.44434e-14
2.01092e-11
-3.27977e-06
3.97907e-11
-3.27978e-06
5.92976e-11
-3.27978e-06
7.3898e-11
-3.27979e-06
8.2365e-11
-3.27981e-06
8.14359e-11
-3.27982e-06
7.14194e-11
-3.27983e-06
5.38773e-11
-3.27984e-06
3.09235e-11
-3.27985e-06
8.90266e-12
-3.27985e-06
-1.69075e-11
-3.27985e-06
-4.31978e-11
-3.27984e-06
-6.53175e-11
-3.27984e-06
-8.03721e-11
-3.27982e-06
-8.63187e-11
-3.27981e-06
-8.05898e-11
-3.2798e-06
-6.70786e-11
-3.27979e-06
-4.79905e-11
-3.27978e-06
-2.6359e-11
-3.27977e-06
-4.79291e-12
1.70107e-11
-3.45194e-06
3.87668e-11
-3.45194e-06
6.23281e-11
-3.45195e-06
8.05879e-11
-3.45196e-06
9.20358e-11
-3.45197e-06
9.40951e-11
-3.45198e-06
8.49073e-11
-3.452e-06
6.69095e-11
-3.45201e-06
4.19187e-11
-3.45201e-06
1.54799e-11
-3.45202e-06
-1.09513e-11
-3.45202e-06
-4.14909e-11
-3.45202e-06
-6.81976e-11
-3.45201e-06
-8.76096e-11
-3.452e-06
-9.75794e-11
-3.45199e-06
-9.42176e-11
-3.45197e-06
-8.10672e-11
-3.45196e-06
-6.07549e-11
-3.45195e-06
-3.64241e-11
-3.45194e-06
-1.06396e-11
1.18999e-11
-3.62051e-06
3.5847e-11
-3.62051e-06
6.35978e-11
-3.62052e-06
8.58505e-11
-3.62053e-06
1.00742e-10
-3.62054e-06
1.06251e-10
-3.62055e-06
9.86424e-11
-3.62057e-06
8.08091e-11
-3.62058e-06
5.4393e-11
-3.62059e-06
2.36005e-11
-3.62059e-06
-3.28483e-12
-3.6206e-06
-3.77517e-11
-3.6206e-06
-6.91901e-11
-3.62059e-06
-9.33013e-11
-3.62058e-06
-1.0746e-10
-3.62057e-06
-1.0785e-10
-3.62055e-06
-9.56451e-11
-3.62054e-06
-7.47448e-11
-3.62053e-06
-4.82169e-11
-3.62052e-06
-1.83703e-11
6.07843e-12
-3.78168e-06
3.14528e-11
-3.78168e-06
6.28692e-11
-3.78168e-06
8.92281e-11
-3.78169e-06
1.07937e-10
-3.7817e-06
1.17192e-10
-3.78172e-06
1.11927e-10
-3.78173e-06
9.50079e-11
-3.78174e-06
6.79442e-11
-3.78175e-06
3.40261e-11
-3.78176e-06
4.36325e-12
-3.78177e-06
-3.2083e-11
-3.78177e-06
-6.79035e-11
-3.78177e-06
-9.68284e-11
-3.78176e-06
-1.15386e-10
-3.78174e-06
-1.20471e-10
-3.78173e-06
-1.10027e-10
-3.78172e-06
-8.92707e-11
-3.7817e-06
-6.12009e-11
-3.78169e-06
-2.84312e-11
-3.48616e-13
-3.93068e-06
2.55528e-11
-3.93068e-06
6.00425e-11
-3.93068e-06
9.03352e-11
-3.93069e-06
1.13001e-10
-3.9307e-06
1.25956e-10
-3.93071e-06
1.24125e-10
-3.93072e-06
1.08679e-10
-3.93073e-06
8.17372e-11
-3.93075e-06
4.62194e-11
-3.93075e-06
1.21656e-11
-3.93076e-06
-2.483e-11
-3.93077e-06
-6.4202e-11
-3.93076e-06
-9.7797e-11
-3.93076e-06
-1.21027e-10
-3.93075e-06
-1.30994e-10
-3.93074e-06
-1.23306e-10
-3.93072e-06
-1.03545e-10
-3.93071e-06
-7.48036e-11
-3.9307e-06
-3.99461e-11
-7.3659e-12
-4.06163e-06
1.66122e-11
-4.06163e-06
5.53713e-11
-4.06163e-06
8.91036e-11
-4.06163e-06
1.15482e-10
-4.06164e-06
1.3185e-10
-4.06165e-06
1.34284e-10
-4.06166e-06
1.20784e-10
-4.06167e-06
9.47359e-11
-4.06168e-06
5.86056e-11
-4.06169e-06
2.00575e-11
-4.0617e-06
-1.4748e-11
-4.06171e-06
-5.80441e-11
-4.06171e-06
-9.60851e-11
-4.06171e-06
-1.23828e-10
-4.0617e-06
-1.38504e-10
-4.06169e-06
-1.34586e-10
-4.06168e-06
-1.16535e-10
-4.06166e-06
-8.79816e-11
-4.06165e-06
-5.1821e-11
-1.47573e-11
-4.16743e-06
5.31912e-12
-4.16742e-06
4.79704e-11
-4.16742e-06
8.50606e-11
-4.16742e-06
1.14848e-10
-4.16742e-06
1.3451e-10
-4.16743e-06
1.41055e-10
-4.16744e-06
1.30139e-10
-4.16745e-06
1.05777e-10
-4.16746e-06
7.00297e-11
-4.16747e-06
2.8063e-11
-4.16748e-06
-3.13727e-12
-4.16749e-06
-4.87654e-11
-4.16749e-06
-9.13392e-11
-4.16749e-06
-1.23264e-10
-4.16749e-06
-1.41997e-10
-4.16748e-06
-1.42827e-10
-4.16747e-06
-1.26975e-10
-4.16746e-06
-9.94769e-11
-4.16745e-06
-6.30142e-11
-2.19798e-11
-4.2397e-06
-3.5353e-12
-4.23969e-06
3.81586e-11
-4.23968e-06
7.81076e-11
-4.23968e-06
1.10673e-10
-4.23968e-06
1.33256e-10
-4.23968e-06
1.43446e-10
-4.23968e-06
1.35654e-10
-4.23969e-06
1.13787e-10
-4.2397e-06
7.97258e-11
-4.23971e-06
3.734e-11
-4.23972e-06
4.53008e-12
-4.23973e-06
-3.64272e-11
-4.23974e-06
-8.35789e-11
-4.23974e-06
-1.18844e-10
-4.23974e-06
-1.40958e-10
-4.23974e-06
-1.46622e-10
-4.23973e-06
-1.33645e-10
-4.23972e-06
-1.08171e-10
-4.23971e-06
-7.27304e-11
-3.01702e-11
-4.2689e-06
-8.38602e-12
-4.2689e-06
2.93201e-11
-4.26889e-06
6.90702e-11
-4.26888e-06
1.02945e-10
-4.26887e-06
1.27457e-10
-4.26887e-06
1.4054e-10
-4.26887e-06
1.36355e-10
-4.26888e-06
1.17697e-10
-4.26888e-06
8.65671e-11
-4.26889e-06
4.63713e-11
-4.2689e-06
1.01135e-11
-4.26891e-06
-2.68605e-11
-4.26892e-06
-7.38813e-11
-4.26892e-06
-1.10459e-10
-4.26893e-06
-1.35041e-10
-4.26893e-06
-1.44793e-10
-4.26893e-06
-1.35386e-10
-4.26893e-06
-1.12921e-10
-4.26892e-06
-7.99018e-11
-3.88099e-11
-4.24485e-06
-1.337e-11
-4.24484e-06
2.184e-11
-4.24483e-06
5.89164e-11
-4.24482e-06
9.20306e-11
-4.24481e-06
1.17026e-10
-4.2448e-06
1.31693e-10
-4.2448e-06
1.31231e-10
-4.2448e-06
1.1603e-10
-4.2448e-06
8.88013e-11
-4.2448e-06
5.23392e-11
-4.24481e-06
1.63919e-11
-4.24482e-06
-1.99357e-11
-4.24483e-06
-6.24976e-11
-4.24484e-06
-9.84307e-11
-4.24485e-06
-1.24061e-10
-4.24486e-06
-1.36681e-10
-4.24486e-06
-1.30973e-10
-4.24486e-06
-1.12169e-10
-4.24486e-06
-8.27984e-11
-4.53861e-11
-4.15773e-06
-1.77914e-11
-4.15772e-06
1.36198e-11
-4.15771e-06
4.76255e-11
-4.1577e-06
7.83124e-11
-4.15768e-06
1.02288e-10
-4.15767e-06
1.17195e-10
-4.15766e-06
1.19735e-10
-4.15765e-06
1.0803e-10
-4.15765e-06
8.53265e-11
-4.15765e-06
5.37761e-11
-4.15765e-06
1.98857e-11
-4.15766e-06
-1.15057e-11
-4.15767e-06
-4.9624e-11
-4.15769e-06
-8.32613e-11
-4.1577e-06
-1.0827e-10
-4.15772e-06
-1.22084e-10
-4.15773e-06
-1.2003e-10
-4.15774e-06
-1.05133e-10
-4.15774e-06
-8.02615e-11
-4.78374e-11
-4.00013e-06
-1.94543e-11
-4.00012e-06
6.19239e-12
-4.00011e-06
3.56337e-11
-4.00009e-06
6.24911e-11
-4.00008e-06
8.39886e-11
-4.00006e-06
9.79734e-11
-4.00004e-06
1.02223e-10
-4.00002e-06
9.39563e-11
-4.00002e-06
7.62003e-11
-4.00001e-06
5.06479e-11
-4.00001e-06
2.16212e-11
-4.00002e-06
-4.25418e-12
-4.00003e-06
-3.67786e-11
-4.00005e-06
-6.61362e-11
-4.00007e-06
-8.87024e-11
-4.00009e-06
-1.02056e-10
-4.00011e-06
-1.03109e-10
-4.00012e-06
-9.21166e-11
-4.00013e-06
-7.24106e-11
-4.59146e-11
-4.07381e-06
-1.87574e-11
-4.0738e-06
5.99023e-13
-4.07379e-06
2.35411e-11
-4.07377e-06
4.47743e-11
-4.07375e-06
6.21304e-11
-4.07373e-06
7.38999e-11
-4.0737e-06
7.86146e-11
-4.07368e-06
7.36291e-11
-4.07367e-06
6.12166e-11
-4.07366e-06
4.26505e-11
-4.07366e-06
2.07542e-11
-4.07366e-06
7.67699e-13
-4.07368e-06
-2.40384e-11
-4.0737e-06
-4.70768e-11
-4.07372e-06
-6.53506e-11
-4.07374e-06
-7.68192e-11
-4.07377e-06
-7.97013e-11
-4.07379e-06
-7.27083e-11
-4.0738e-06
-5.87856e-11
-3.93436e-11
-3.54446e-06
-1.57293e-11
-3.54446e-06
-2.07914e-12
-3.54445e-06
1.40689e-11
-3.54443e-06
2.92618e-11
-3.54441e-06
4.18963e-11
-3.54439e-06
5.07366e-11
-3.54436e-06
5.48584e-11
-3.54434e-06
5.2216e-11
-3.54432e-06
4.43128e-11
-3.54431e-06
3.2027e-11
-3.54431e-06
1.71516e-11
-3.54431e-06
2.94719e-12
-3.54432e-06
-1.42205e-11
-3.54434e-06
-3.05344e-11
-3.54436e-06
-4.38115e-11
-3.54439e-06
-5.25708e-11
-3.54441e-06
-5.57233e-11
-3.54443e-06
-5.18551e-11
-3.54445e-06
-4.29474e-11
-3.00099e-11
-3.03328e-06
-1.13443e-11
-3.03328e-06
-2.6271e-12
-3.03327e-06
7.54003e-12
-3.03326e-06
1.72359e-11
-3.03324e-06
2.5411e-11
-3.03322e-06
3.12693e-11
-3.0332e-06
3.42533e-11
-3.03318e-06
3.30466e-11
-3.03317e-06
2.85184e-11
-3.03316e-06
2.12094e-11
-3.03315e-06
1.21631e-11
-3.03315e-06
3.13632e-12
-3.03316e-06
-7.55596e-12
-3.03317e-06
-1.78485e-11
-3.03319e-06
-2.63961e-11
-3.03321e-06
-3.22513e-11
-3.03323e-06
-3.47894e-11
-3.03325e-06
-3.29653e-11
-3.03326e-06
-2.78613e-11
-2.01482e-11
-2.56163e-06
-6.93767e-12
-2.56163e-06
-2.04555e-12
-2.56163e-06
3.57803e-12
-2.56162e-06
8.98302e-12
-2.56161e-06
1.35875e-11
-2.56159e-06
1.69433e-11
-2.56158e-06
1.87433e-11
-2.56156e-06
1.82871e-11
-2.56155e-06
1.59925e-11
-2.56154e-06
1.21612e-11
-2.56154e-06
7.33049e-12
-2.56154e-06
2.29714e-12
-2.56154e-06
-3.56177e-12
-2.56155e-06
-9.23639e-12
-2.56156e-06
-1.40185e-11
-2.56158e-06
-1.73859e-11
-2.56159e-06
-1.89968e-11
-2.56161e-06
-1.83089e-11
-2.56162e-06
-1.57297e-11
-1.16865e-11
-2.14145e-06
-3.49955e-12
-2.14145e-06
-1.16347e-12
-2.14144e-06
1.48018e-12
-2.14144e-06
4.02755e-12
-2.14143e-06
6.21116e-12
-2.14142e-06
7.81791e-12
-2.14141e-06
8.70419e-12
-2.1414e-06
8.56941e-12
-2.1414e-06
7.56952e-12
-2.14139e-06
5.8539e-12
-2.14139e-06
3.65376e-12
-2.14138e-06
1.26321e-12
-2.14139e-06
-1.46567e-12
-2.14139e-06
-4.11251e-12
-2.1414e-06
-6.36579e-12
-2.14141e-06
-7.98336e-12
-2.14142e-06
-8.79764e-12
-2.14143e-06
-8.60287e-12
-2.14144e-06
-7.48599e-12
-5.67875e-12
-1.77523e-06
-1.41236e-12
-1.77523e-06
-4.65488e-13
-1.77523e-06
5.76989e-13
-1.77523e-06
1.56981e-12
-1.77522e-06
2.40995e-12
-1.77522e-06
3.01814e-12
-1.77521e-06
3.3536e-12
-1.77521e-06
3.33324e-12
-1.7752e-06
2.98627e-12
-1.7752e-06
2.35036e-12
-1.7752e-06
1.51109e-12
-1.7752e-06
5.62368e-13
-1.7752e-06
-5.0706e-13
-1.7752e-06
-1.55405e-12
-1.7752e-06
-2.46087e-12
-1.77521e-06
-3.13478e-12
-1.77521e-06
-3.48652e-12
-1.77522e-06
-3.41134e-12
-1.77522e-06
-2.97347e-12
-2.2712e-12
-1.45906e-06
-4.98397e-13
-1.45906e-06
-1.55005e-13
-1.45906e-06
1.99579e-13
-1.45905e-06
5.44506e-13
-1.45905e-06
8.30065e-13
-1.45905e-06
1.02865e-12
-1.45905e-06
1.14121e-12
-1.45905e-06
1.16057e-12
-1.45904e-06
1.06192e-12
-1.45904e-06
8.55995e-13
-1.45904e-06
5.66787e-13
-1.45904e-06
2.32518e-13
-1.45904e-06
-1.29666e-13
-1.45904e-06
-5.08052e-13
-1.45904e-06
-8.47465e-13
-1.45905e-06
-1.11496e-12
-1.45905e-06
-1.26343e-12
-1.45905e-06
-1.22929e-12
-1.45905e-06
-1.0675e-12
-8.13097e-13
-1.18605e-06
-5.75681e-13
-1.18605e-06
-2.62271e-13
-1.18605e-06
7.93355e-14
-1.18605e-06
4.31923e-13
-1.18605e-06
7.45596e-13
-1.18605e-06
9.90431e-13
-1.18605e-06
1.14035e-12
-1.18605e-06
1.16987e-12
-1.18605e-06
1.07075e-12
-1.18605e-06
8.67825e-13
-1.18605e-06
5.84525e-13
-1.18605e-06
2.71844e-13
-1.18605e-06
-7.09979e-14
-1.18605e-06
-4.31817e-13
-1.18605e-06
-7.54684e-13
-1.18605e-06
-1.00487e-12
-1.18605e-06
-1.15615e-12
-1.18605e-06
-1.17789e-12
-1.18605e-06
-1.06756e-12
-8.55923e-13
-9.48813e-07
-1.21049e-12
-9.48813e-07
-5.7488e-13
-9.48813e-07
1.58827e-13
-9.48813e-07
9.03383e-13
-9.48814e-07
1.56697e-12
-9.48815e-07
2.08328e-12
-9.48816e-07
2.40308e-12
-9.48818e-07
2.455e-12
-9.48819e-07
2.24278e-12
-9.4882e-07
1.81392e-12
-9.4882e-07
1.22021e-12
-9.48821e-07
5.81819e-13
-9.48821e-07
-1.52933e-13
-9.4882e-07
-9.09152e-13
-9.48819e-07
-1.58279e-12
-9.48818e-07
-2.10206e-12
-9.48817e-07
-2.41287e-12
-9.48816e-07
-2.46356e-12
-9.48814e-07
-2.23319e-12
-1.79266e-12
-7.40658e-07
-1.89168e-12
-7.40657e-07
-8.89622e-13
-7.40658e-07
2.64979e-13
-7.40658e-07
1.44882e-12
-7.40659e-07
2.50606e-12
-7.4066e-07
3.32801e-12
-7.40662e-07
3.83637e-12
-7.40663e-07
3.91175e-12
-7.40665e-07
3.56848e-12
-7.40666e-07
2.87583e-12
-7.40666e-07
1.91326e-12
-7.40667e-07
8.88086e-13
-7.40666e-07
-2.5598e-13
-7.40666e-07
-1.45646e-12
-7.40665e-07
-2.52785e-12
-7.40664e-07
-3.35267e-12
-7.40662e-07
-3.8428e-12
-7.40661e-07
-3.92833e-12
-7.4066e-07
-3.55659e-12
-2.84465e-12
-5.56063e-07
-2.51888e-12
-5.56063e-07
-1.15645e-12
-5.56063e-07
3.94385e-13
-5.56063e-07
1.99033e-12
-5.56064e-07
3.41731e-12
-5.56065e-07
4.5242e-12
-5.56067e-07
5.20544e-12
-5.56068e-07
5.29315e-12
-5.56069e-07
4.82007e-12
-5.5607e-07
3.87139e-12
-5.56071e-07
2.55352e-12
-5.56071e-07
1.13854e-12
-5.56071e-07
-3.79787e-13
-5.56071e-07
-1.99686e-12
-5.5607e-07
-3.44167e-12
-5.56068e-07
-4.55151e-12
-5.56067e-07
-5.20603e-12
-5.56066e-07
-5.31844e-12
-5.56064e-07
-4.80813e-12
-3.83418e-12
-3.90668e-07
-3.00758e-12
-3.90668e-07
-1.33992e-12
-3.90668e-07
5.28927e-13
-3.90669e-07
2.45447e-12
-3.9067e-07
4.17691e-12
-3.90671e-07
5.50826e-12
-3.90672e-07
6.32163e-12
-3.90673e-07
6.40654e-12
-3.90674e-07
5.8214e-12
-3.90675e-07
4.65904e-12
-3.90675e-07
3.04896e-12
-3.90675e-07
1.30782e-12
-3.90675e-07
-5.08104e-13
-3.90675e-07
-2.45985e-12
-3.90674e-07
-4.2021e-12
-3.90673e-07
-5.53558e-12
-3.90672e-07
-6.31507e-12
-3.90671e-07
-6.43974e-12
-3.9067e-07
-5.81056e-12
-4.6188e-12
-2.41106e-07
-3.326e-12
-2.41106e-07
-1.43904e-12
-2.41106e-07
6.50855e-13
-2.41107e-07
2.81161e-12
-2.41107e-07
4.73981e-12
-2.41108e-07
6.22267e-12
-2.41109e-07
7.12015e-12
-2.41109e-07
7.18742e-12
-2.4111e-07
6.51355e-12
-2.41111e-07
5.19173e-12
-2.41111e-07
3.37134e-12
-2.41111e-07
1.41507e-12
-2.41111e-07
-6.19381e-13
-2.41111e-07
-2.82854e-12
-2.4111e-07
-4.76902e-12
-2.41109e-07
-6.25059e-12
-2.41109e-07
-7.1077e-12
-2.41108e-07
-7.22924e-12
-2.41107e-07
-6.50627e-12
-5.1521e-12
-1.04802e-07
-3.46611e-12
-1.04802e-07
-1.41025e-12
-1.04802e-07
6.51629e-13
-1.04802e-07
3.03548e-12
-1.04802e-07
5.09683e-12
-1.04803e-07
6.66175e-12
-1.04803e-07
7.59713e-12
-1.04804e-07
7.63635e-12
-1.04804e-07
6.89815e-12
-1.04804e-07
5.47177e-12
-1.04805e-07
3.5178e-12
-1.04805e-07
1.40574e-12
-1.04805e-07
-6.19318e-13
-1.04804e-07
-3.07019e-12
-1.04804e-07
-5.13201e-12
-1.04804e-07
-6.69158e-12
-1.04803e-07
-7.58094e-12
-1.04803e-07
-7.68348e-12
-1.04802e-07
-6.89223e-12
-5.43042e-12
2.02073e-08
-3.45599e-12
2.02072e-08
-1.3362e-12
2.02073e-08
6.26381e-13
2.02071e-08
3.16237e-12
2.0207e-08
5.27267e-12
2.02068e-08
6.85324e-12
2.02066e-08
7.78255e-12
2.02064e-08
7.78989e-12
2.02063e-08
7.00959e-12
2.02063e-08
5.52989e-12
2.02063e-08
3.51349e-12
2.02064e-08
1.30484e-12
2.02063e-08
-5.70043e-13
2.02065e-08
-3.19782e-12
2.02066e-08
-5.3073e-12
2.02068e-08
-6.88224e-12
2.0207e-08
-7.76576e-12
2.02072e-08
-7.83793e-12
2.02073e-08
-7.00514e-12
-5.48933e-12
1.35418e-07
-3.32592e-12
1.35418e-07
-1.28178e-12
1.35418e-07
7.69556e-13
1.35418e-07
3.23115e-12
1.35418e-07
5.29776e-12
1.35418e-07
6.837e-12
1.35418e-07
7.72496e-12
1.35418e-07
7.69944e-12
1.35418e-07
6.8972e-12
1.35418e-07
5.4072e-12
1.35418e-07
3.39422e-12
1.35418e-07
1.24646e-12
1.35419e-07
-7.63272e-13
1.35419e-07
-3.24617e-12
1.35419e-07
-5.32246e-12
1.35419e-07
-6.85969e-12
1.35419e-07
-7.70703e-12
1.35418e-07
-7.74222e-12
1.35418e-07
-6.89188e-12
-5.36771e-12
2.41975e-07
-3.10444e-12
2.41975e-07
-1.19112e-12
2.41974e-07
9.64081e-13
2.41974e-07
3.2406e-12
2.41975e-07
5.20098e-12
2.41975e-07
6.65623e-12
2.41975e-07
7.4769e-12
2.41975e-07
7.41558e-12
2.41976e-07
6.60873e-12
2.41976e-07
5.14418e-12
2.41976e-07
3.18401e-12
2.41976e-07
1.16892e-12
2.41976e-07
-1.00408e-12
2.41976e-07
-3.24555e-12
2.41976e-07
-5.22028e-12
2.41976e-07
-6.67454e-12
2.41976e-07
-7.46052e-12
2.41976e-07
-7.45244e-12
2.41975e-07
-6.60317e-12
-5.10779e-12
3.40754e-07
-2.82131e-12
3.40753e-07
-1.06121e-12
3.40753e-07
1.06186e-12
3.40753e-07
3.17502e-12
3.40754e-07
4.99475e-12
3.40754e-07
6.33627e-12
3.40754e-07
7.07247e-12
3.40755e-07
6.97653e-12
3.40755e-07
6.18166e-12
3.40756e-07
4.77249e-12
3.40756e-07
2.8983e-12
3.40756e-07
1.01742e-12
3.40756e-07
-1.0654e-12
3.40756e-07
-3.18443e-12
3.40756e-07
-5.01477e-12
3.40755e-07
-6.35357e-12
3.40755e-07
-7.06133e-12
3.40755e-07
-7.00912e-12
3.40754e-07
-6.17788e-12
-4.74168e-12
4.32425e-07
-2.50095e-12
4.32425e-07
-8.96985e-13
4.32425e-07
1.08245e-12
4.32425e-07
3.02665e-12
4.32426e-07
4.68772e-12
4.32426e-07
5.89885e-12
4.32427e-07
6.54294e-12
4.32427e-07
6.41839e-12
4.32428e-07
5.65268e-12
4.32428e-07
4.32569e-12
4.32428e-07
2.569e-12
4.32429e-07
8.56293e-13
4.32429e-07
-1.0834e-12
4.32428e-07
-3.03622e-12
4.32428e-07
-4.70682e-12
4.32428e-07
-5.9148e-12
4.32427e-07
-6.5366e-12
4.32427e-07
-6.44506e-12
4.32426e-07
-5.64769e-12
-4.29594e-12
5.17502e-07
-2.16473e-12
5.17502e-07
-7.30616e-13
5.17502e-07
1.07516e-12
5.17502e-07
2.82482e-12
5.17502e-07
4.30829e-12
5.17503e-07
5.37736e-12
5.17504e-07
5.92571e-12
5.17504e-07
5.77936e-12
5.17505e-07
5.05762e-12
5.17505e-07
3.83438e-12
5.17506e-07
2.22297e-12
5.17506e-07
6.93273e-13
5.17506e-07
-1.07502e-12
5.17506e-07
-2.83395e-12
5.17505e-07
-4.32564e-12
5.17505e-07
-5.39149e-12
5.17504e-07
-5.92402e-12
5.17503e-07
-5.80076e-12
5.17503e-07
-5.05176e-12
-3.8056e-12
5.9637e-07
-1.82796e-12
5.96369e-07
-5.70482e-13
5.96369e-07
1.03973e-12
5.9637e-07
2.57877e-12
5.9637e-07
3.87361e-12
5.96371e-07
4.79519e-12
5.96371e-07
5.24916e-12
5.96372e-07
5.08883e-12
5.96373e-07
4.42362e-12
5.96373e-07
3.32076e-12
5.96374e-07
1.87704e-12
5.96374e-07
5.38502e-13
5.96374e-07
-1.03837e-12
5.96373e-07
-2.58756e-12
5.96373e-07
-3.88948e-12
5.96372e-07
-4.80799e-12
5.96372e-07
-5.25165e-12
5.96371e-07
-5.10556e-12
5.9637e-07
-4.4172e-12
-3.29333e-12
6.69314e-07
-1.50198e-12
6.69314e-07
-4.26375e-13
6.69314e-07
9.76799e-13
6.69314e-07
2.29701e-12
6.69315e-07
3.39872e-12
6.69315e-07
4.1727e-12
6.69316e-07
4.53675e-12
6.69317e-07
4.37093e-12
6.69317e-07
3.77289e-12
6.69318e-07
2.80261e-12
6.69318e-07
1.54321e-12
6.69318e-07
3.97503e-13
6.69318e-07
-9.73958e-13
6.69318e-07
-2.30488e-12
6.69318e-07
-3.41294e-12
6.69317e-07
-4.18401e-12
6.69316e-07
-4.54242e-12
6.69315e-07
-4.38338e-12
6.69315e-07
-3.76628e-12
-2.77754e-12
7.36539e-07
-1.19796e-12
7.36539e-07
-2.9712e-13
7.36539e-07
8.87164e-13
7.36539e-07
1.98644e-12
7.3654e-07
2.89651e-12
7.36541e-07
3.52712e-12
7.36541e-07
3.80841e-12
7.36542e-07
3.64593e-12
7.36543e-07
3.12404e-12
7.36543e-07
2.29482e-12
7.36544e-07
1.2299e-12
7.36544e-07
2.76154e-13
7.36544e-07
-8.84382e-13
7.36543e-07
-1.99391e-12
7.36543e-07
-2.90926e-12
7.36542e-07
-3.53705e-12
7.36541e-07
-3.81587e-12
7.36541e-07
-3.65441e-12
7.3654e-07
-3.11745e-12
-2.27289e-12
7.9818e-07
-9.2564e-13
7.9818e-07
-1.81894e-13
7.9818e-07
7.73006e-13
7.98181e-07
1.65409e-12
7.98181e-07
2.37874e-12
7.98182e-07
2.87362e-12
7.98182e-07
3.08146e-12
7.98183e-07
2.93095e-12
7.98184e-07
2.49243e-12
7.98184e-07
1.80962e-12
7.98185e-07
9.43798e-13
7.98185e-07
1.77608e-13
7.98185e-07
-7.71661e-13
7.98184e-07
-1.6627e-12
7.98184e-07
-2.39099e-12
7.98183e-07
-2.88287e-12
7.98182e-07
-3.08966e-12
7.98182e-07
-2.93643e-12
7.98181e-07
-2.48641e-12
-1.79145e-12
8.54313e-07
-6.83902e-13
8.54313e-07
-9.14126e-14
8.54313e-07
6.38307e-13
8.54313e-07
1.30968e-12
8.54314e-07
1.85842e-12
8.54314e-07
2.22754e-12
8.54315e-07
2.37225e-12
8.54316e-07
2.24163e-12
8.54316e-07
1.89154e-12
8.54317e-07
1.35705e-12
8.54317e-07
6.91888e-13
8.54317e-07
9.89067e-14
8.54317e-07
-6.37862e-13
8.54316e-07
-1.31848e-12
8.54316e-07
-1.86963e-12
8.54315e-07
-2.23573e-12
8.54315e-07
-2.38001e-12
8.54314e-07
-2.24515e-12
8.54313e-07
-1.88647e-12
-1.34254e-12
9.04959e-07
-4.70381e-13
9.04959e-07
-3.11403e-14
9.04959e-07
4.86921e-13
9.04959e-07
9.62276e-13
9.0496e-07
1.34803e-12
9.0496e-07
1.60365e-12
9.04961e-07
1.69579e-12
9.04962e-07
1.59228e-12
9.04962e-07
1.33336e-12
9.04963e-07
9.45586e-13
9.04963e-07
4.76058e-13
9.04963e-07
4.0051e-14
9.04963e-07
-4.87469e-13
9.04962e-07
-9.69925e-13
9.04962e-07
-1.35721e-12
9.04961e-07
-1.60992e-12
9.0496e-07
-1.70214e-12
9.0496e-07
-1.59495e-12
9.04959e-07
-1.32969e-12
-9.34312e-13
9.50091e-07
-2.85686e-13
9.50091e-07
2.44323e-16
9.50091e-07
3.2477e-13
9.50092e-07
6.21288e-13
9.50092e-07
8.60035e-13
9.50093e-07
1.01609e-12
9.50093e-07
1.06693e-12
9.50094e-07
9.96254e-13
9.50094e-07
8.28704e-13
9.50095e-07
5.82321e-13
9.50095e-07
2.92625e-13
9.50095e-07
5.02457e-15
9.50095e-07
-3.26041e-13
9.50094e-07
-6.26977e-13
9.50094e-07
-8.66523e-13
9.50093e-07
-1.01995e-12
9.50093e-07
-1.07093e-12
9.50092e-07
-9.9924e-13
9.50092e-07
-8.26999e-13
-5.74112e-13
9.89634e-07
-1.31791e-13
9.89634e-07
6.73755e-15
9.89634e-07
1.58619e-13
9.89634e-07
2.96679e-13
9.89635e-07
4.06962e-13
9.89635e-07
4.78169e-13
9.89636e-07
4.99893e-13
9.89636e-07
4.65873e-13
9.89637e-07
3.87013e-13
9.89637e-07
2.71965e-13
9.89637e-07
1.37259e-13
9.89637e-07
-5.3197e-15
9.89637e-07
-1.59916e-13
9.89637e-07
-2.99809e-13
9.89636e-07
-4.10368e-13
9.89636e-07
-4.8006e-13
9.89635e-07
-5.0132e-13
9.89635e-07
-4.68261e-13
9.89634e-07
-3.87168e-13
-2.67666e-13
1.02346e-06
-7.47219e-15
1.02346e-06
-6.33805e-15
1.02346e-06
-3.1857e-15
1.02346e-06
2.1356e-16
1.02346e-06
3.57584e-15
1.02346e-06
6.44733e-15
1.02346e-06
9.44278e-15
1.02346e-06
1.05999e-14
1.02347e-06
1.05253e-14
1.02347e-06
8.99767e-15
1.02347e-06
7.21253e-15
1.02347e-06
5.81762e-15
1.02347e-06
3.11459e-15
1.02346e-06
1.09881e-16
1.02346e-06
-2.9565e-15
1.02346e-06
-5.65586e-15
1.02346e-06
-9.61194e-15
1.02346e-06
-1.25705e-14
1.02346e-06
-1.19035e-14
-8.76295e-15
1.0514e-06
8.28267e-14
1.0514e-06
-3.62565e-14
1.0514e-06
-1.537e-13
1.0514e-06
-2.57452e-13
1.0514e-06
-3.37055e-13
1.0514e-06
-3.85021e-13
1.0514e-06
-3.89707e-13
1.0514e-06
-3.53956e-13
1.0514e-06
-2.84188e-13
1.0514e-06
-1.88431e-13
1.0514e-06
-8.54447e-14
1.0514e-06
3.44944e-14
1.0514e-06
1.55017e-13
1.0514e-06
2.61298e-13
1.0514e-06
3.4198e-13
1.0514e-06
3.89356e-13
1.0514e-06
3.89988e-13
1.0514e-06
3.50626e-13
1.0514e-06
2.7898e-13
1.85579e-13
1.07322e-06
1.30949e-13
1.07322e-06
-7.62598e-14
1.07322e-06
-2.82625e-13
1.07322e-06
-4.63632e-13
1.07322e-06
-6.0139e-13
1.07322e-06
-6.83166e-13
1.07322e-06
-6.8553e-13
1.07322e-06
-6.16137e-13
1.07322e-06
-4.85767e-13
1.07322e-06
-3.09302e-13
1.07322e-06
-1.30152e-13
1.07322e-06
7.55006e-14
1.07322e-06
2.85551e-13
1.07322e-06
4.70895e-13
1.07322e-06
6.1023e-13
1.07322e-06
6.90275e-13
1.07322e-06
6.8607e-13
1.07322e-06
6.10773e-13
1.07322e-06
4.74563e-13
2.97889e-13
1.08863e-06
1.42902e-13
1.08863e-06
-1.12881e-13
1.08863e-06
-3.73461e-13
1.08863e-06
-6.02106e-13
1.08863e-06
-7.74461e-13
1.08863e-06
-8.7442e-13
1.08863e-06
-8.69638e-13
1.08863e-06
-7.74597e-13
1.08863e-06
-6.01735e-13
1.08863e-06
-3.70295e-13
1.08863e-06
-1.38776e-13
1.08863e-06
1.11998e-13
1.08863e-06
3.80241e-13
1.08863e-06
6.15297e-13
1.08863e-06
7.88676e-13
1.08863e-06
8.8434e-13
1.08863e-06
8.69879e-13
1.08863e-06
7.66157e-13
1.08863e-06
5.85659e-13
3.46481e-13
1.0973e-06
1.33716e-13
1.0973e-06
-1.43418e-13
1.0973e-06
-4.28278e-13
1.0973e-06
-6.73427e-13
1.0973e-06
-8.55537e-13
1.0973e-06
-9.57489e-13
1.0973e-06
-9.42102e-13
1.0973e-06
-8.29948e-13
1.0973e-06
-6.33675e-13
1.0973e-06
-3.74398e-13
1.0973e-06
-1.18204e-13
1.0973e-06
1.25681e-13
1.0973e-06
4.39699e-13
1.0973e-06
6.93577e-13
1.0973e-06
8.7567e-13
1.0973e-06
9.70083e-13
1.0973e-06
9.4174e-13
1.0973e-06
8.18049e-13
1.0973e-06
6.12395e-13
3.43639e-13
1.09884e-06
9.8687e-14
1.09884e-06
-1.72824e-13
1.09884e-06
-4.46472e-13
1.09884e-06
-6.77106e-13
1.09884e-06
-8.45132e-13
1.09884e-06
-9.34966e-13
1.09884e-06
-9.09481e-13
1.09884e-06
-7.9115e-13
1.09884e-06
-5.91747e-13
1.09884e-06
-3.32592e-13
1.09884e-06
-8.72407e-14
1.09884e-06
1.57106e-13
1.09884e-06
4.60997e-13
1.09884e-06
7.01687e-13
1.09884e-06
8.69763e-13
1.09884e-06
9.49142e-13
1.09884e-06
9.07619e-13
1.09884e-06
7.75547e-13
1.09884e-06
5.66683e-13
2.99259e-13
1.09285e-06
4.99772e-14
1.09285e-06
-1.86894e-13
1.09285e-06
-4.17884e-13
1.09285e-06
-6.11823e-13
1.09285e-06
-7.5035e-13
1.09285e-06
-8.20072e-13
1.09285e-06
-7.88382e-13
1.09285e-06
-6.76204e-13
1.09285e-06
-4.94387e-13
1.09285e-06
-2.62912e-13
1.09285e-06
-5.55841e-14
1.09285e-06
1.89115e-13
1.09285e-06
4.35357e-13
1.09285e-06
6.39617e-13
1.09285e-06
7.78017e-13
1.09285e-06
8.34019e-13
1.09285e-06
7.83434e-13
1.09285e-06
6.56503e-13
1.09285e-06
4.66545e-13
2.29957e-13
1.07896e-06
9.46775e-15
1.07896e-06
-1.7528e-13
1.07896e-06
-3.5098e-13
1.07896e-06
-4.95841e-13
1.07896e-06
-5.96635e-13
1.07896e-06
-6.42553e-13
1.07896e-06
-6.08658e-13
1.07896e-06
-5.12451e-13
1.07896e-06
-3.63134e-13
1.07896e-06
-1.79273e-13
1.07896e-06
-1.90701e-14
1.07896e-06
1.79683e-13
1.07896e-06
3.71864e-13
1.07896e-06
5.2643e-13
1.07896e-06
6.25692e-13
1.07896e-06
6.54278e-13
1.07896e-06
6.00191e-13
1.07896e-06
4.89793e-13
1.07896e-06
3.34497e-13
1.49818e-13
1.05692e-06
-2.12966e-14
1.05692e-06
-1.47161e-13
1.05692e-06
-2.62188e-13
1.05692e-06
-3.54702e-13
1.05692e-06
-4.16764e-13
1.05691e-06
-4.40008e-13
1.05691e-06
-4.08728e-13
1.05691e-06
-3.3536e-13
1.05691e-06
-2.26927e-13
1.05691e-06
-1.01571e-13
1.05691e-06
1.17468e-14
1.05691e-06
1.54071e-13
1.05691e-06
2.8448e-13
1.05691e-06
3.84893e-13
1.05691e-06
4.44065e-13
1.05691e-06
4.46783e-13
1.05692e-06
3.97011e-13
1.05692e-06
3.12056e-13
1.05692e-06
2.00674e-13
7.60182e-14
1.02673e-06
-3.79885e-14
1.02673e-06
-1.0846e-13
1.02673e-06
-1.69787e-13
1.02673e-06
-2.17219e-13
1.02673e-06
-2.47259e-13
1.02673e-06
-2.53349e-13
1.02673e-06
-2.28784e-13
1.02673e-06
-1.80223e-13
1.02673e-06
-1.12936e-13
1.02673e-06
-4.19186e-14
1.02673e-06
3.2775e-14
1.02673e-06
1.17519e-13
1.02673e-06
1.91106e-13
1.02673e-06
2.4362e-13
1.02673e-06
2.68017e-13
1.02673e-06
2.54637e-13
1.02673e-06
2.15499e-13
1.02673e-06
1.597e-13
1.02673e-06
9.25043e-14
2.12335e-14
9.8884e-07
-3.85755e-14
9.8884e-07
-6.76848e-14
9.8884e-07
-9.12037e-14
9.8884e-07
-1.08152e-13
9.88839e-07
-1.1751e-13
9.88839e-07
-1.14675e-13
9.88839e-07
-9.87083e-14
9.88839e-07
-7.18897e-14
9.88839e-07
-3.82812e-14
9.88839e-07
-3.83112e-15
9.88839e-07
3.74378e-14
9.88839e-07
7.74951e-14
9.88839e-07
1.0924e-13
9.88839e-07
1.27487e-13
9.88839e-07
1.28073e-13
9.88839e-07
1.11991e-13
9.8884e-07
8.64937e-14
9.8884e-07
5.71563e-14
9.8884e-07
2.3942e-14
-1.03044e-14
9.44298e-07
-2.66944e-14
9.44298e-07
-3.32548e-14
9.44298e-07
-3.77105e-14
9.44298e-07
-4.02776e-14
9.44298e-07
-4.03978e-14
9.44298e-07
-3.61571e-14
9.44298e-07
-2.78101e-14
9.44298e-07
-1.61859e-14
9.44298e-07
-2.65302e-15
9.44298e-07
1.26332e-14
9.44298e-07
2.90286e-14
9.44298e-07
4.25772e-14
9.44298e-07
5.00527e-14
9.44298e-07
5.02289e-14
9.44298e-07
4.29653e-14
9.44298e-07
3.2364e-14
9.44298e-07
1.94007e-14
9.44298e-07
6.43228e-15
9.44298e-07
-6.5829e-15
-1.84947e-14
8.94853e-07
-1.21966e-14
8.94853e-07
-1.19219e-14
8.94853e-07
-1.11322e-14
8.94853e-07
-1.00832e-14
8.94853e-07
-8.49385e-15
8.94853e-07
-6.0069e-15
8.94853e-07
-2.64676e-15
8.94853e-07
1.33089e-15
8.94853e-07
6.24032e-15
8.94853e-07
1.14872e-14
8.94853e-07
1.57268e-14
8.94853e-07
1.76804e-14
8.94853e-07
1.64391e-14
8.94853e-07
1.3014e-14
8.94853e-07
8.11776e-15
8.94853e-07
3.11556e-15
8.94853e-07
-2.23066e-15
8.94853e-07
-7.44779e-15
8.94853e-07
-1.04236e-14
-1.20425e-14
8.42855e-07
-3.32573e-15
8.42855e-07
-2.9884e-15
8.42855e-07
-2.39246e-15
8.42855e-07
-1.71548e-15
8.42855e-07
-1.00966e-15
8.42855e-07
-2.00766e-16
8.42855e-07
6.77661e-16
8.42855e-07
1.77333e-15
8.42855e-07
3.02872e-15
8.42855e-07
4.18109e-15
8.42855e-07
4.87521e-15
8.42855e-07
4.57692e-15
8.42855e-07
3.63839e-15
8.42855e-07
2.50584e-15
8.42855e-07
9.87145e-16
8.42855e-07
-8.46549e-16
8.42855e-07
-2.46017e-15
8.42855e-07
-3.62539e-15
8.42855e-07
-3.72921e-15
-3.75738e-15
7.90871e-07
-4.43556e-16
7.90871e-07
-5.45073e-16
7.90871e-07
-5.77715e-16
7.90871e-07
-6.15244e-16
7.90871e-07
-5.62533e-16
7.90871e-07
-4.78926e-16
7.90871e-07
-3.89741e-16
7.90871e-07
-3.02283e-16
7.90871e-07
-2.46365e-16
7.90871e-07
-1.02863e-16
7.90871e-07
8.34667e-17
7.90871e-07
2.94479e-16
7.90871e-07
4.85597e-16
7.90871e-07
5.68481e-16
7.90871e-07
5.11855e-16
7.90871e-07
3.69979e-16
7.90871e-07
3.65012e-16
7.90871e-07
2.66735e-16
7.90871e-07
9.41149e-17
-1.5408e-16
7.40832e-07
-5.45903e-16
7.40832e-07
-2.68547e-15
7.40832e-07
-3.01297e-15
7.40832e-07
-2.79288e-15
7.40832e-07
-2.66223e-15
7.40832e-07
-3.08402e-15
7.40832e-07
-4.09742e-15
7.40832e-07
-8.17897e-15
7.40832e-07
-1.24571e-14
7.40832e-07
-1.37665e-14
7.40832e-07
-1.01032e-14
7.40832e-07
-5.17823e-15
7.40832e-07
-1.93186e-15
7.40832e-07
2.47475e-15
7.40832e-07
1.21005e-14
7.40832e-07
1.6725e-14
7.40832e-07
1.61721e-14
7.40832e-07
1.21132e-14
7.40832e-07
5.81504e-15
3.64225e-15
6.91163e-07
-1.40902e-15
6.91163e-07
-3.60405e-15
6.91163e-07
-3.86939e-15
6.91163e-07
-3.27702e-15
6.91163e-07
-2.34458e-15
6.91163e-07
-2.61988e-15
6.91163e-07
-4.8071e-15
6.91163e-07
-1.00134e-14
6.91163e-07
-1.5216e-14
6.91163e-07
-1.76175e-14
6.91163e-07
-1.38635e-14
6.91163e-07
-7.89706e-15
6.91163e-07
-2.59747e-15
6.91163e-07
4.50588e-15
6.91163e-07
1.67831e-14
6.91163e-07
2.19341e-14
6.91163e-07
2.03035e-14
6.91163e-07
1.48972e-14
6.91163e-07
6.64765e-15
3.93994e-15
6.30579e-07
-7.34796e-16
6.30579e-07
-8.7007e-16
6.30579e-07
-9.29507e-16
6.30579e-07
-7.27749e-16
6.30579e-07
-9.09802e-17
6.30579e-07
-3.5126e-17
6.30578e-07
-1.2826e-15
6.30578e-07
-2.35928e-15
6.30578e-07
-3.2406e-15
6.30578e-07
-4.25536e-15
6.30578e-07
-4.05004e-15
6.30578e-07
-2.80398e-15
6.30578e-07
-5.64194e-16
6.30578e-07
2.19945e-15
6.30578e-07
4.85155e-15
6.30578e-07
5.38886e-15
6.30578e-07
4.58582e-15
6.30579e-07
3.33409e-15
6.30579e-07
1.33998e-15
6.71586e-16
6.887e-07
2.2886e-16
6.887e-07
1.71286e-16
6.887e-07
4.14047e-17
6.887e-07
-8.56584e-17
6.887e-07
-2.4348e-16
6.887e-07
-3.46726e-16
6.887e-07
-4.03842e-16
6.887e-07
-3.86206e-16
6.887e-07
-3.31795e-16
6.887e-07
-2.49779e-16
6.887e-07
-1.35223e-16
6.887e-07
-1.99564e-17
6.887e-07
3.44599e-17
6.887e-07
4.51966e-17
6.887e-07
1.44557e-16
6.887e-07
2.555e-16
6.887e-07
3.51983e-16
6.887e-07
4.14819e-16
6.887e-07
4.08966e-16
3.72712e-16
7.13276e-07
4.95157e-17
7.13276e-07
3.48617e-17
7.13276e-07
1.89772e-17
7.13276e-07
-2.89943e-18
7.13276e-07
-5.30294e-18
7.13276e-07
-5.13787e-18
7.13276e-07
2.53797e-19
7.13276e-07
-1.17081e-18
7.13276e-07
-4.14357e-18
7.13276e-07
1.81914e-18
7.13276e-07
1.12675e-17
7.13276e-07
2.05355e-17
7.13276e-07
4.62464e-17
7.13276e-07
7.02548e-17
7.13276e-07
1.04561e-16
7.13276e-07
1.27756e-16
7.13276e-07
1.14406e-16
7.13276e-07
1.0927e-16
7.13276e-07
9.48674e-17
8.03844e-17
7.23575e-07
-5.34301e-18
7.23575e-07
-8.70981e-18
7.23575e-07
-7.57011e-18
7.23575e-07
-2.88322e-18
7.23575e-07
-4.77143e-19
7.23575e-07
-1.87272e-18
7.23575e-07
-6.2548e-18
7.23575e-07
-3.04482e-18
7.23575e-07
-1.40087e-18
7.23575e-07
4.5825e-19
7.23575e-07
5.77008e-18
7.23575e-07
3.49927e-18
7.23575e-07
1.0219e-18
7.23575e-07
1.13084e-18
7.23575e-07
7.42438e-19
7.23575e-07
-2.02858e-18
7.23575e-07
-5.11212e-18
7.23575e-07
-3.36503e-18
7.23575e-07
-2.61465e-18
-5.16644e-18
7.33884e-07
7.33884e-07
7.33884e-07
7.33884e-07
7.33884e-07
7.33884e-07
7.33884e-07
7.33884e-07
7.33884e-07
7.33884e-07
7.33884e-07
7.33884e-07
7.33884e-07
7.33884e-07
7.33884e-07
7.33884e-07
7.33884e-07
7.33884e-07
7.33884e-07
)
;

boundaryField
{
    freeStream
    {
        type            symmetry;
        value           uniform 0;
    }
    bottomWall
    {
        type            calculated;
        value           uniform 0;
    }
    left
    {
        type            cyclic;
        value           nonuniform List<scalar> 
162
(
3.0756e-10
5.85005e-10
7.56385e-10
8.81049e-10
9.80677e-10
1.06518e-09
1.13978e-09
1.20746e-09
1.27009e-09
1.32888e-09
1.38466e-09
1.43799e-09
2.4038e-09
2.69321e-09
3.01192e-09
3.36329e-09
3.7509e-09
4.17859e-09
4.65046e-09
5.17091e-09
5.74463e-09
6.37668e-09
7.07244e-09
7.83764e-09
8.67842e-09
9.60128e-09
1.06131e-08
1.17212e-08
1.29334e-08
1.42577e-08
1.57027e-08
1.72775e-08
1.89917e-08
2.08551e-08
2.28784e-08
2.50727e-08
2.74497e-08
3.00218e-08
3.28024e-08
3.58057e-08
3.90469e-08
4.25424e-08
4.63102e-08
5.03695e-08
5.47418e-08
5.945e-08
6.45196e-08
6.99784e-08
7.58567e-08
8.21877e-08
8.90074e-08
9.63549e-08
1.04272e-07
1.12806e-07
1.22004e-07
1.31918e-07
1.42606e-07
1.54127e-07
1.66545e-07
1.79928e-07
1.94349e-07
2.09884e-07
2.26618e-07
2.44639e-07
2.6404e-07
2.84923e-07
3.07397e-07
3.31576e-07
3.57583e-07
3.8555e-07
4.15619e-07
4.47937e-07
4.82665e-07
5.19972e-07
5.60038e-07
6.03052e-07
6.49218e-07
6.98746e-07
7.51861e-07
8.08797e-07
8.69799e-07
9.35124e-07
1.00503e-06
1.0798e-06
1.15971e-06
1.24504e-06
1.33606e-06
1.43306e-06
1.53629e-06
1.64601e-06
1.76242e-06
1.88569e-06
2.01594e-06
2.1532e-06
2.29738e-06
2.44827e-06
2.60546e-06
2.76832e-06
2.93593e-06
3.107e-06
3.27977e-06
3.45194e-06
3.62051e-06
3.78169e-06
3.93069e-06
4.06164e-06
4.16744e-06
4.23971e-06
4.26891e-06
4.24486e-06
4.15774e-06
4.00013e-06
4.07381e-06
3.54446e-06
3.03327e-06
2.56163e-06
2.14144e-06
1.77523e-06
1.45905e-06
1.18605e-06
9.48814e-07
7.40658e-07
5.56063e-07
3.90669e-07
2.41107e-07
1.04802e-07
-2.02073e-08
-1.35418e-07
-2.41975e-07
-3.40754e-07
-4.32426e-07
-5.17502e-07
-5.9637e-07
-6.69314e-07
-7.36539e-07
-7.9818e-07
-8.54313e-07
-9.04959e-07
-9.50091e-07
-9.89634e-07
-1.02346e-06
-1.0514e-06
-1.07322e-06
-1.08863e-06
-1.0973e-06
-1.09884e-06
-1.09285e-06
-1.07896e-06
-1.05692e-06
-1.02673e-06
-9.8884e-07
-9.44298e-07
-8.94853e-07
-8.42855e-07
-7.90871e-07
-7.40832e-07
-6.91163e-07
-6.30579e-07
-6.887e-07
-7.13276e-07
-7.23575e-07
-7.33884e-07
)
;
    }
    right
    {
        type            cyclic;
        value           nonuniform List<scalar> 
162
(
-3.0756e-10
-5.85005e-10
-7.56385e-10
-8.81049e-10
-9.80677e-10
-1.06518e-09
-1.13978e-09
-1.20746e-09
-1.27009e-09
-1.32888e-09
-1.38466e-09
-1.43799e-09
-2.4038e-09
-2.69321e-09
-3.01192e-09
-3.36329e-09
-3.7509e-09
-4.17859e-09
-4.65046e-09
-5.17091e-09
-5.74463e-09
-6.37668e-09
-7.07244e-09
-7.83764e-09
-8.67842e-09
-9.60128e-09
-1.06131e-08
-1.17212e-08
-1.29334e-08
-1.42577e-08
-1.57027e-08
-1.72775e-08
-1.89917e-08
-2.08551e-08
-2.28784e-08
-2.50727e-08
-2.74497e-08
-3.00218e-08
-3.28024e-08
-3.58057e-08
-3.90469e-08
-4.25424e-08
-4.63102e-08
-5.03695e-08
-5.47418e-08
-5.945e-08
-6.45196e-08
-6.99784e-08
-7.58567e-08
-8.21877e-08
-8.90074e-08
-9.63549e-08
-1.04272e-07
-1.12806e-07
-1.22004e-07
-1.31918e-07
-1.42606e-07
-1.54127e-07
-1.66545e-07
-1.79928e-07
-1.94349e-07
-2.09884e-07
-2.26618e-07
-2.44639e-07
-2.6404e-07
-2.84923e-07
-3.07397e-07
-3.31576e-07
-3.57583e-07
-3.8555e-07
-4.15619e-07
-4.47937e-07
-4.82665e-07
-5.19972e-07
-5.60038e-07
-6.03052e-07
-6.49218e-07
-6.98746e-07
-7.51861e-07
-8.08797e-07
-8.69799e-07
-9.35124e-07
-1.00503e-06
-1.0798e-06
-1.15971e-06
-1.24504e-06
-1.33606e-06
-1.43306e-06
-1.53629e-06
-1.64601e-06
-1.76242e-06
-1.88569e-06
-2.01594e-06
-2.1532e-06
-2.29738e-06
-2.44827e-06
-2.60546e-06
-2.76832e-06
-2.93593e-06
-3.107e-06
-3.27977e-06
-3.45194e-06
-3.62051e-06
-3.78169e-06
-3.93069e-06
-4.06164e-06
-4.16744e-06
-4.23971e-06
-4.26891e-06
-4.24486e-06
-4.15774e-06
-4.00013e-06
-4.07381e-06
-3.54446e-06
-3.03327e-06
-2.56163e-06
-2.14144e-06
-1.77523e-06
-1.45905e-06
-1.18605e-06
-9.48814e-07
-7.40658e-07
-5.56063e-07
-3.90669e-07
-2.41107e-07
-1.04802e-07
2.02073e-08
1.35418e-07
2.41975e-07
3.40754e-07
4.32426e-07
5.17502e-07
5.9637e-07
6.69314e-07
7.36539e-07
7.9818e-07
8.54313e-07
9.04959e-07
9.50091e-07
9.89634e-07
1.02346e-06
1.0514e-06
1.07322e-06
1.08863e-06
1.0973e-06
1.09884e-06
1.09285e-06
1.07896e-06
1.05692e-06
1.02673e-06
9.8884e-07
9.44298e-07
8.94853e-07
8.42855e-07
7.90871e-07
7.40832e-07
6.91163e-07
6.30579e-07
6.887e-07
7.13276e-07
7.23575e-07
7.33884e-07
)
;
    }
    frontAndBack
    {
        type            empty;
        value           nonuniform 0();
    }
}


// ************************************************************************* //
