/*--------------------------------*- C++ -*----------------------------------*\
  =========                 |
  \\      /  F ield         | OpenFOAM: The Open Source CFD Toolbox
   \\    /   O peration     | Website:  https://openfoam.org
    \\  /    A nd           | Version:  6
     \\/     M anipulation  |
\*---------------------------------------------------------------------------*/
FoamFile
{
    version     2.0;
    format      ascii;
    class       volScalarField;
    location    "19.44";
    object      k;
}
// * * * * * * * * * * * * * * * * * * * * * * * * * * * * * * * * * * * * * //

dimensions      [0 2 -2 0 0 0 0];

internalField   nonuniform List<scalar> 
3240
(
0.00249324
0.00249324
0.00249324
0.00249324
0.00249324
0.00249324
0.00249324
0.00249324
0.00249324
0.00249324
0.00249324
0.00249324
0.00249324
0.00249324
0.00249324
0.00249324
0.00249324
0.00249324
0.00249324
0.00249324
0.00654318
0.00654318
0.00654318
0.00654318
0.00654318
0.00654318
0.00654318
0.00654318
0.00654318
0.00654318
0.00654318
0.00654318
0.00654318
0.00654318
0.00654318
0.00654318
0.00654318
0.00654318
0.00654318
0.00654318
0.00986116
0.00986116
0.00986116
0.00986116
0.00986116
0.00986116
0.00986116
0.00986116
0.00986116
0.00986116
0.00986116
0.00986116
0.00986116
0.00986116
0.00986116
0.00986116
0.00986116
0.00986116
0.00986116
0.00986116
0.0126217
0.0126217
0.0126217
0.0126217
0.0126217
0.0126217
0.0126217
0.0126217
0.0126217
0.0126217
0.0126217
0.0126217
0.0126217
0.0126217
0.0126217
0.0126217
0.0126217
0.0126217
0.0126217
0.0126217
0.0149502
0.0149502
0.0149502
0.0149502
0.0149502
0.0149502
0.0149502
0.0149502
0.0149502
0.0149502
0.0149502
0.0149502
0.0149502
0.0149502
0.0149502
0.0149502
0.0149502
0.0149502
0.0149502
0.0149502
0.0169379
0.0169379
0.0169379
0.0169379
0.0169379
0.0169379
0.0169379
0.0169379
0.0169379
0.0169379
0.0169379
0.0169379
0.0169379
0.0169379
0.0169379
0.0169379
0.0169379
0.0169379
0.0169379
0.0169379
0.0186523
0.0186523
0.0186523
0.0186523
0.0186523
0.0186523
0.0186523
0.0186523
0.0186523
0.0186523
0.0186523
0.0186523
0.0186523
0.0186523
0.0186523
0.0186523
0.0186523
0.0186523
0.0186523
0.0186523
0.0201444
0.0201444
0.0201444
0.0201444
0.0201444
0.0201444
0.0201444
0.0201444
0.0201444
0.0201444
0.0201444
0.0201444
0.0201444
0.0201444
0.0201444
0.0201444
0.0201444
0.0201444
0.0201444
0.0201444
0.0214535
0.0214535
0.0214535
0.0214535
0.0214535
0.0214535
0.0214535
0.0214535
0.0214535
0.0214535
0.0214535
0.0214535
0.0214535
0.0214535
0.0214535
0.0214535
0.0214535
0.0214535
0.0214535
0.0214535
0.0226103
0.0226103
0.0226103
0.0226103
0.0226103
0.0226103
0.0226103
0.0226103
0.0226103
0.0226103
0.0226103
0.0226103
0.0226103
0.0226103
0.0226103
0.0226103
0.0226103
0.0226103
0.0226103
0.0226103
0.0236392
0.0236392
0.0236392
0.0236392
0.0236392
0.0236392
0.0236392
0.0236392
0.0236392
0.0236392
0.0236392
0.0236392
0.0236392
0.0236392
0.0236392
0.0236392
0.0236392
0.0236392
0.0236392
0.0236392
0.0245595
0.0245595
0.0245595
0.0245595
0.0245595
0.0245595
0.0245595
0.0245595
0.0245595
0.0245595
0.0245595
0.0245595
0.0245595
0.0245595
0.0245595
0.0245595
0.0245595
0.0245595
0.0245595
0.0245595
0.0256344
0.0256344
0.0256344
0.0256344
0.0256344
0.0256344
0.0256344
0.0256344
0.0256344
0.0256344
0.0256344
0.0256344
0.0256344
0.0256344
0.0256344
0.0256344
0.0256344
0.0256344
0.0256344
0.0256344
0.0267962
0.0267962
0.0267962
0.0267962
0.0267962
0.0267962
0.0267962
0.0267962
0.0267962
0.0267962
0.0267962
0.0267962
0.0267962
0.0267962
0.0267962
0.0267962
0.0267962
0.0267962
0.0267962
0.0267962
0.0278507
0.0278507
0.0278507
0.0278507
0.0278507
0.0278507
0.0278507
0.0278507
0.0278507
0.0278507
0.0278507
0.0278507
0.0278507
0.0278507
0.0278507
0.0278507
0.0278507
0.0278507
0.0278507
0.0278507
0.0288094
0.0288094
0.0288094
0.0288094
0.0288094
0.0288094
0.0288094
0.0288094
0.0288094
0.0288094
0.0288094
0.0288094
0.0288094
0.0288094
0.0288094
0.0288094
0.0288094
0.0288094
0.0288094
0.0288094
0.0296823
0.0296823
0.0296823
0.0296823
0.0296823
0.0296823
0.0296823
0.0296823
0.0296823
0.0296823
0.0296823
0.0296823
0.0296823
0.0296823
0.0296823
0.0296823
0.0296823
0.0296823
0.0296823
0.0296823
0.0304783
0.0304783
0.0304783
0.0304783
0.0304783
0.0304783
0.0304783
0.0304783
0.0304783
0.0304783
0.0304783
0.0304783
0.0304783
0.0304783
0.0304783
0.0304783
0.0304783
0.0304783
0.0304783
0.0304783
0.0312051
0.0312051
0.0312051
0.0312051
0.0312051
0.0312051
0.0312051
0.0312051
0.0312051
0.0312051
0.0312051
0.0312051
0.0312051
0.0312051
0.0312051
0.0312051
0.0312051
0.0312051
0.0312051
0.0312051
0.0318698
0.0318698
0.0318698
0.0318698
0.0318698
0.0318698
0.0318698
0.0318698
0.0318698
0.0318698
0.0318698
0.0318698
0.0318698
0.0318698
0.0318698
0.0318698
0.0318698
0.0318698
0.0318698
0.0318698
0.0324784
0.0324784
0.0324784
0.0324784
0.0324784
0.0324784
0.0324784
0.0324784
0.0324784
0.0324784
0.0324784
0.0324784
0.0324784
0.0324784
0.0324784
0.0324784
0.0324784
0.0324784
0.0324784
0.0324784
0.0330363
0.0330363
0.0330363
0.0330363
0.0330363
0.0330363
0.0330363
0.0330363
0.0330363
0.0330363
0.0330363
0.0330363
0.0330363
0.0330363
0.0330363
0.0330363
0.0330363
0.0330363
0.0330363
0.0330363
0.0335485
0.0335485
0.0335485
0.0335485
0.0335485
0.0335485
0.0335485
0.0335485
0.0335485
0.0335485
0.0335485
0.0335485
0.0335485
0.0335485
0.0335485
0.0335485
0.0335485
0.0335485
0.0335485
0.0335485
0.0340191
0.0340191
0.0340191
0.0340191
0.0340191
0.0340191
0.0340191
0.0340191
0.0340191
0.0340191
0.0340191
0.0340191
0.0340191
0.0340191
0.0340191
0.0340191
0.0340191
0.0340191
0.0340191
0.0340191
0.034452
0.034452
0.034452
0.034452
0.034452
0.034452
0.034452
0.034452
0.034452
0.034452
0.034452
0.034452
0.034452
0.034452
0.034452
0.034452
0.034452
0.034452
0.034452
0.034452
0.0348505
0.0348505
0.0348505
0.0348505
0.0348505
0.0348505
0.0348505
0.0348505
0.0348505
0.0348505
0.0348505
0.0348505
0.0348505
0.0348505
0.0348505
0.0348505
0.0348505
0.0348505
0.0348505
0.0348505
0.0352177
0.0352177
0.0352177
0.0352177
0.0352177
0.0352177
0.0352177
0.0352177
0.0352177
0.0352177
0.0352177
0.0352177
0.0352177
0.0352177
0.0352177
0.0352177
0.0352177
0.0352177
0.0352177
0.0352177
0.0355563
0.0355563
0.0355563
0.0355563
0.0355563
0.0355563
0.0355563
0.0355563
0.0355563
0.0355563
0.0355563
0.0355563
0.0355563
0.0355563
0.0355563
0.0355563
0.0355563
0.0355563
0.0355563
0.0355563
0.0358686
0.0358686
0.0358686
0.0358686
0.0358686
0.0358686
0.0358686
0.0358686
0.0358686
0.0358686
0.0358686
0.0358686
0.0358686
0.0358686
0.0358686
0.0358686
0.0358686
0.0358686
0.0358686
0.0358686
0.0361569
0.0361569
0.0361569
0.0361569
0.0361569
0.0361569
0.0361569
0.0361569
0.0361569
0.0361569
0.0361569
0.0361569
0.0361569
0.0361569
0.0361569
0.0361569
0.0361569
0.0361569
0.0361569
0.0361569
0.0364231
0.0364231
0.0364231
0.0364231
0.0364231
0.0364231
0.0364231
0.0364231
0.0364231
0.0364231
0.0364231
0.0364231
0.0364231
0.0364231
0.0364231
0.0364231
0.0364231
0.0364231
0.0364231
0.0364231
0.0366689
0.0366689
0.0366689
0.0366689
0.0366689
0.0366689
0.0366689
0.0366689
0.0366689
0.0366689
0.0366689
0.0366689
0.0366689
0.0366689
0.0366689
0.0366689
0.0366689
0.0366689
0.0366689
0.0366689
0.0368958
0.0368958
0.0368958
0.0368958
0.0368958
0.0368958
0.0368958
0.0368958
0.0368958
0.0368958
0.0368958
0.0368958
0.0368958
0.0368958
0.0368958
0.0368958
0.0368958
0.0368958
0.0368958
0.0368958
0.0371053
0.0371053
0.0371053
0.0371053
0.0371053
0.0371053
0.0371053
0.0371053
0.0371053
0.0371053
0.0371053
0.0371053
0.0371053
0.0371053
0.0371053
0.0371053
0.0371053
0.0371053
0.0371053
0.0371053
0.0372987
0.0372987
0.0372987
0.0372987
0.0372987
0.0372987
0.0372987
0.0372987
0.0372987
0.0372987
0.0372987
0.0372987
0.0372987
0.0372987
0.0372987
0.0372987
0.0372987
0.0372987
0.0372987
0.0372987
0.0374769
0.0374769
0.0374769
0.0374769
0.0374769
0.0374769
0.0374769
0.0374769
0.0374769
0.0374769
0.0374769
0.0374769
0.0374769
0.0374769
0.0374769
0.0374769
0.037477
0.037477
0.037477
0.037477
0.0376412
0.0376412
0.0376412
0.0376412
0.0376412
0.0376412
0.0376412
0.0376412
0.0376412
0.0376412
0.0376412
0.0376412
0.0376412
0.0376412
0.0376412
0.0376412
0.0376412
0.0376412
0.0376412
0.0376412
0.0377924
0.0377924
0.0377924
0.0377924
0.0377924
0.0377924
0.0377924
0.0377924
0.0377924
0.0377924
0.0377924
0.0377924
0.0377924
0.0377924
0.0377924
0.0377924
0.0377924
0.0377924
0.0377924
0.0377924
0.0379313
0.0379313
0.0379313
0.0379313
0.0379313
0.0379313
0.0379313
0.0379313
0.0379313
0.0379313
0.0379313
0.0379313
0.0379313
0.0379313
0.0379313
0.0379313
0.0379313
0.0379313
0.0379313
0.0379313
0.0380586
0.0380586
0.0380586
0.0380586
0.0380586
0.0380586
0.0380586
0.0380586
0.0380586
0.0380586
0.0380586
0.0380586
0.0380586
0.0380586
0.0380586
0.0380586
0.0380586
0.0380586
0.0380586
0.0380586
0.0381751
0.0381751
0.0381751
0.0381751
0.0381751
0.0381751
0.0381751
0.0381751
0.0381751
0.0381751
0.0381751
0.0381751
0.0381751
0.0381751
0.0381751
0.0381751
0.0381751
0.0381751
0.0381751
0.0381751
0.0382813
0.0382813
0.0382813
0.0382813
0.0382813
0.0382813
0.0382813
0.0382813
0.0382813
0.0382813
0.0382813
0.0382813
0.0382813
0.0382813
0.0382813
0.0382813
0.0382813
0.0382813
0.0382813
0.0382813
0.0383778
0.0383778
0.0383778
0.0383778
0.0383778
0.0383778
0.0383778
0.0383778
0.0383778
0.0383778
0.0383778
0.0383778
0.0383778
0.0383778
0.0383778
0.0383778
0.0383778
0.0383778
0.0383778
0.0383778
0.038465
0.038465
0.038465
0.038465
0.038465
0.038465
0.038465
0.038465
0.038465
0.038465
0.038465
0.038465
0.038465
0.038465
0.038465
0.038465
0.038465
0.038465
0.038465
0.038465
0.0385434
0.0385434
0.0385434
0.0385434
0.0385434
0.0385434
0.0385434
0.0385434
0.0385434
0.0385434
0.0385434
0.0385434
0.0385434
0.0385434
0.0385434
0.0385434
0.0385434
0.0385434
0.0385434
0.0385434
0.0386133
0.0386133
0.0386133
0.0386133
0.0386133
0.0386133
0.0386133
0.0386133
0.0386133
0.0386133
0.0386133
0.0386133
0.0386133
0.0386133
0.0386133
0.0386133
0.0386133
0.0386133
0.0386133
0.0386133
0.038675
0.038675
0.038675
0.038675
0.038675
0.038675
0.038675
0.038675
0.038675
0.038675
0.038675
0.038675
0.038675
0.038675
0.038675
0.038675
0.038675
0.038675
0.038675
0.038675
0.0387289
0.0387289
0.0387289
0.0387289
0.0387289
0.0387289
0.0387289
0.0387289
0.0387289
0.0387289
0.0387289
0.0387289
0.0387289
0.0387289
0.0387289
0.0387289
0.0387289
0.0387289
0.0387289
0.0387289
0.038775
0.038775
0.038775
0.038775
0.038775
0.038775
0.038775
0.038775
0.038775
0.038775
0.038775
0.038775
0.038775
0.038775
0.038775
0.038775
0.038775
0.038775
0.038775
0.038775
0.0388137
0.0388137
0.0388137
0.0388137
0.0388137
0.0388137
0.0388137
0.0388137
0.0388137
0.0388137
0.0388137
0.0388137
0.0388137
0.0388137
0.0388137
0.0388137
0.0388137
0.0388137
0.0388137
0.0388137
0.038845
0.038845
0.038845
0.038845
0.038845
0.038845
0.038845
0.038845
0.038845
0.038845
0.038845
0.038845
0.038845
0.038845
0.038845
0.038845
0.038845
0.038845
0.038845
0.038845
0.0388691
0.0388691
0.0388691
0.0388691
0.0388691
0.0388691
0.0388691
0.0388691
0.0388691
0.0388691
0.0388691
0.0388691
0.0388691
0.0388691
0.0388691
0.0388691
0.0388691
0.0388691
0.0388691
0.0388691
0.038886
0.038886
0.038886
0.038886
0.038886
0.038886
0.038886
0.038886
0.038886
0.038886
0.038886
0.038886
0.038886
0.038886
0.038886
0.038886
0.038886
0.038886
0.038886
0.038886
0.0388957
0.0388957
0.0388957
0.0388957
0.0388957
0.0388957
0.0388957
0.0388957
0.0388957
0.0388957
0.0388957
0.0388957
0.0388957
0.0388957
0.0388957
0.0388957
0.0388957
0.0388957
0.0388957
0.0388957
0.0388982
0.0388982
0.0388982
0.0388982
0.0388982
0.0388982
0.0388982
0.0388982
0.0388982
0.0388982
0.0388982
0.0388982
0.0388982
0.0388982
0.0388982
0.0388982
0.0388982
0.0388982
0.0388982
0.0388982
0.0388935
0.0388935
0.0388935
0.0388935
0.0388935
0.0388935
0.0388935
0.0388935
0.0388935
0.0388935
0.0388935
0.0388935
0.0388935
0.0388935
0.0388935
0.0388935
0.0388935
0.0388935
0.0388935
0.0388935
0.0388815
0.0388815
0.0388815
0.0388815
0.0388815
0.0388815
0.0388815
0.0388815
0.0388815
0.0388815
0.0388815
0.0388815
0.0388815
0.0388815
0.0388815
0.0388815
0.0388815
0.0388815
0.0388815
0.0388815
0.038862
0.038862
0.038862
0.038862
0.038862
0.038862
0.038862
0.038862
0.038862
0.038862
0.038862
0.038862
0.038862
0.038862
0.038862
0.038862
0.038862
0.038862
0.038862
0.038862
0.0388349
0.0388349
0.0388349
0.0388349
0.0388349
0.0388349
0.0388349
0.0388349
0.0388349
0.0388349
0.0388349
0.0388349
0.0388349
0.0388349
0.0388349
0.0388349
0.0388349
0.0388349
0.0388349
0.0388349
0.0388
0.0388
0.0388
0.0388
0.0388
0.0388
0.0388
0.0388
0.0388
0.0388
0.0388
0.0388
0.0388
0.0388
0.0388
0.0388
0.0388
0.0388
0.0388
0.0388
0.038757
0.038757
0.038757
0.038757
0.038757
0.038757
0.038757
0.038757
0.038757
0.038757
0.038757
0.0387571
0.0387571
0.0387571
0.0387571
0.0387571
0.0387571
0.0387571
0.0387571
0.0387571
0.0387057
0.0387057
0.0387057
0.0387057
0.0387057
0.0387057
0.0387057
0.0387057
0.0387057
0.0387057
0.0387057
0.0387057
0.0387057
0.0387057
0.0387057
0.0387057
0.0387057
0.0387057
0.0387057
0.0387057
0.0386458
0.0386458
0.0386458
0.0386458
0.0386458
0.0386458
0.0386458
0.0386458
0.0386458
0.0386458
0.0386458
0.0386458
0.0386458
0.0386458
0.0386458
0.0386458
0.0386458
0.0386458
0.0386458
0.0386458
0.0385768
0.0385768
0.0385768
0.0385768
0.0385768
0.0385768
0.0385768
0.0385768
0.0385768
0.0385768
0.0385768
0.0385768
0.0385768
0.0385768
0.0385768
0.0385768
0.0385768
0.0385768
0.0385768
0.0385768
0.0384984
0.0384984
0.0384984
0.0384984
0.0384984
0.0384984
0.0384984
0.0384984
0.0384984
0.0384984
0.0384984
0.0384984
0.0384984
0.0384984
0.0384984
0.0384984
0.0384984
0.0384984
0.0384984
0.0384984
0.0384101
0.0384101
0.0384101
0.0384101
0.0384101
0.0384101
0.0384101
0.0384101
0.0384101
0.0384101
0.0384101
0.0384101
0.0384101
0.0384101
0.0384101
0.0384101
0.0384101
0.0384101
0.0384101
0.0384101
0.0383114
0.0383114
0.0383114
0.0383114
0.0383114
0.0383114
0.0383114
0.0383114
0.0383114
0.0383114
0.0383114
0.0383114
0.0383114
0.0383114
0.0383114
0.0383114
0.0383114
0.0383114
0.0383114
0.0383114
0.0382018
0.0382018
0.0382018
0.0382018
0.0382018
0.0382018
0.0382018
0.0382018
0.0382018
0.0382018
0.0382018
0.0382018
0.0382018
0.0382018
0.0382018
0.0382018
0.0382018
0.0382018
0.0382018
0.0382018
0.0380806
0.0380806
0.0380806
0.0380806
0.0380806
0.0380806
0.0380806
0.0380806
0.0380806
0.0380806
0.0380806
0.0380806
0.0380806
0.0380806
0.0380806
0.0380806
0.0380806
0.0380806
0.0380806
0.0380806
0.0379473
0.0379473
0.0379473
0.0379473
0.0379473
0.0379473
0.0379473
0.0379473
0.0379473
0.0379473
0.0379473
0.0379473
0.0379473
0.0379473
0.0379473
0.0379473
0.0379473
0.0379473
0.0379473
0.0379473
0.0378011
0.0378011
0.0378011
0.0378011
0.0378011
0.0378011
0.0378011
0.0378011
0.0378011
0.0378011
0.0378011
0.0378011
0.0378011
0.0378011
0.0378011
0.0378011
0.0378011
0.0378011
0.0378011
0.0378011
0.0376413
0.0376413
0.0376413
0.0376413
0.0376413
0.0376413
0.0376413
0.0376413
0.0376413
0.0376413
0.0376413
0.0376413
0.0376413
0.0376413
0.0376413
0.0376413
0.0376413
0.0376413
0.0376413
0.0376413
0.037467
0.037467
0.037467
0.037467
0.037467
0.037467
0.037467
0.037467
0.037467
0.037467
0.037467
0.037467
0.037467
0.037467
0.037467
0.037467
0.037467
0.037467
0.037467
0.037467
0.0372773
0.0372773
0.0372773
0.0372773
0.0372773
0.0372773
0.0372773
0.0372773
0.0372773
0.0372773
0.0372773
0.0372773
0.0372773
0.0372773
0.0372773
0.0372773
0.0372773
0.0372773
0.0372773
0.0372773
0.0370713
0.0370713
0.0370713
0.0370713
0.0370713
0.0370713
0.0370713
0.0370713
0.0370713
0.0370713
0.0370713
0.0370713
0.0370713
0.0370713
0.0370713
0.0370713
0.0370713
0.0370713
0.0370713
0.0370713
0.0368479
0.0368479
0.0368479
0.0368479
0.0368479
0.0368479
0.0368479
0.0368479
0.0368479
0.0368479
0.0368479
0.0368479
0.0368479
0.0368479
0.0368479
0.0368479
0.0368479
0.0368479
0.0368479
0.0368479
0.0366062
0.0366062
0.0366062
0.0366062
0.0366062
0.0366062
0.0366062
0.0366062
0.0366062
0.0366062
0.0366062
0.0366062
0.0366062
0.0366062
0.0366062
0.0366062
0.0366062
0.0366062
0.0366062
0.0366062
0.0363448
0.0363448
0.0363448
0.0363448
0.0363448
0.0363448
0.0363448
0.0363448
0.0363448
0.0363448
0.0363448
0.0363448
0.0363448
0.0363448
0.0363448
0.0363448
0.0363448
0.0363448
0.0363448
0.0363448
0.0360625
0.0360625
0.0360625
0.0360625
0.0360625
0.0360625
0.0360625
0.0360625
0.0360625
0.0360625
0.0360625
0.0360625
0.0360625
0.0360625
0.0360625
0.0360625
0.0360625
0.0360625
0.0360625
0.0360625
0.035758
0.035758
0.035758
0.035758
0.035758
0.035758
0.035758
0.035758
0.035758
0.035758
0.035758
0.035758
0.035758
0.035758
0.035758
0.035758
0.035758
0.035758
0.035758
0.035758
0.0354299
0.0354299
0.0354299
0.0354299
0.0354299
0.0354299
0.0354299
0.0354299
0.0354299
0.0354299
0.0354299
0.0354299
0.0354299
0.0354299
0.0354299
0.0354299
0.0354299
0.0354299
0.0354299
0.0354299
0.0350766
0.0350766
0.0350766
0.0350766
0.0350766
0.0350766
0.0350766
0.0350766
0.0350766
0.0350766
0.0350766
0.0350766
0.0350766
0.0350766
0.0350766
0.0350766
0.0350766
0.0350766
0.0350766
0.0350766
0.0346966
0.0346966
0.0346966
0.0346966
0.0346966
0.0346966
0.0346966
0.0346966
0.0346966
0.0346966
0.0346966
0.0346966
0.0346966
0.0346966
0.0346966
0.0346966
0.0346966
0.0346966
0.0346966
0.0346966
0.0342882
0.0342882
0.0342882
0.0342882
0.0342882
0.0342882
0.0342882
0.0342882
0.0342882
0.0342882
0.0342882
0.0342882
0.0342882
0.0342882
0.0342882
0.0342882
0.0342882
0.0342882
0.0342882
0.0342882
0.0338495
0.0338495
0.0338495
0.0338495
0.0338495
0.0338495
0.0338495
0.0338495
0.0338495
0.0338495
0.0338495
0.0338495
0.0338495
0.0338495
0.0338495
0.0338495
0.0338495
0.0338495
0.0338495
0.0338495
0.0333787
0.0333787
0.0333787
0.0333787
0.0333787
0.0333787
0.0333787
0.0333787
0.0333787
0.0333787
0.0333787
0.0333787
0.0333787
0.0333787
0.0333787
0.0333787
0.0333787
0.0333787
0.0333787
0.0333787
0.0328738
0.0328738
0.0328738
0.0328738
0.0328738
0.0328738
0.0328738
0.0328738
0.0328738
0.0328738
0.0328738
0.0328738
0.0328738
0.0328738
0.0328738
0.0328738
0.0328738
0.0328738
0.0328738
0.0328738
0.0323328
0.0323328
0.0323328
0.0323328
0.0323328
0.0323328
0.0323328
0.0323328
0.0323328
0.0323328
0.0323328
0.0323328
0.0323328
0.0323328
0.0323328
0.0323328
0.0323328
0.0323328
0.0323328
0.0323328
0.0317536
0.0317536
0.0317536
0.0317536
0.0317536
0.0317536
0.0317536
0.0317536
0.0317536
0.0317536
0.0317536
0.0317536
0.0317536
0.0317536
0.0317536
0.0317536
0.0317536
0.0317536
0.0317536
0.0317536
0.0311339
0.0311339
0.0311339
0.0311339
0.0311339
0.0311339
0.0311339
0.0311339
0.0311339
0.0311339
0.0311339
0.0311339
0.0311339
0.0311339
0.0311339
0.0311339
0.0311339
0.0311339
0.0311339
0.0311339
0.0304715
0.0304715
0.0304715
0.0304715
0.0304715
0.0304715
0.0304715
0.0304715
0.0304715
0.0304715
0.0304715
0.0304715
0.0304715
0.0304715
0.0304715
0.0304715
0.0304715
0.0304715
0.0304715
0.0304715
0.0297641
0.0297641
0.0297641
0.0297641
0.0297641
0.0297641
0.0297641
0.0297641
0.0297641
0.0297641
0.0297641
0.0297641
0.0297641
0.0297641
0.0297641
0.0297641
0.0297641
0.0297641
0.0297641
0.0297641
0.0290096
0.0290096
0.0290096
0.0290096
0.0290096
0.0290096
0.0290096
0.0290096
0.0290096
0.0290096
0.0290096
0.0290096
0.0290096
0.0290096
0.0290096
0.0290096
0.0290096
0.0290096
0.0290096
0.0290096
0.0282057
0.0282057
0.0282057
0.0282057
0.0282057
0.0282057
0.0282057
0.0282057
0.0282057
0.0282057
0.0282057
0.0282057
0.0282057
0.0282057
0.0282057
0.0282057
0.0282057
0.0282057
0.0282057
0.0282057
0.0273504
0.0273504
0.0273504
0.0273504
0.0273504
0.0273504
0.0273504
0.0273504
0.0273504
0.0273504
0.0273504
0.0273504
0.0273504
0.0273504
0.0273504
0.0273504
0.0273504
0.0273504
0.0273504
0.0273504
0.0264417
0.0264417
0.0264417
0.0264417
0.0264417
0.0264417
0.0264417
0.0264417
0.0264417
0.0264417
0.0264417
0.0264417
0.0264417
0.0264417
0.0264417
0.0264417
0.0264417
0.0264417
0.0264417
0.0264417
0.0254783
0.0254783
0.0254783
0.0254783
0.0254783
0.0254783
0.0254783
0.0254783
0.0254783
0.0254783
0.0254783
0.0254783
0.0254783
0.0254783
0.0254783
0.0254783
0.0254783
0.0254783
0.0254783
0.0254783
0.0244589
0.0244589
0.0244589
0.0244589
0.0244589
0.0244589
0.0244589
0.0244589
0.0244589
0.0244589
0.0244589
0.0244589
0.0244589
0.0244589
0.0244589
0.0244589
0.0244589
0.0244589
0.0244589
0.0244589
0.0233831
0.0233831
0.0233831
0.0233831
0.0233831
0.0233831
0.0233831
0.0233831
0.0233831
0.0233831
0.0233831
0.0233831
0.0233831
0.0233831
0.0233831
0.0233831
0.0233831
0.0233831
0.0233831
0.0233831
0.0222512
0.0222512
0.0222512
0.0222512
0.0222512
0.0222512
0.0222512
0.0222512
0.0222512
0.0222512
0.0222512
0.0222512
0.0222512
0.0222512
0.0222512
0.0222512
0.0222512
0.0222512
0.0222512
0.0222512
0.0210648
0.0210648
0.0210648
0.0210648
0.0210648
0.0210648
0.0210648
0.0210648
0.0210648
0.0210648
0.0210648
0.0210648
0.0210648
0.0210648
0.0210648
0.0210648
0.0210648
0.0210648
0.0210648
0.0210648
0.0198267
0.0198267
0.0198267
0.0198267
0.0198267
0.0198267
0.0198267
0.0198267
0.0198267
0.0198267
0.0198267
0.0198267
0.0198267
0.0198267
0.0198267
0.0198267
0.0198267
0.0198267
0.0198267
0.0198267
0.0185418
0.0185418
0.0185418
0.0185418
0.0185418
0.0185418
0.0185418
0.0185418
0.0185418
0.0185418
0.0185418
0.0185418
0.0185418
0.0185418
0.0185418
0.0185418
0.0185418
0.0185418
0.0185418
0.0185418
0.017217
0.017217
0.017217
0.017217
0.017217
0.017217
0.017217
0.017217
0.017217
0.017217
0.017217
0.017217
0.017217
0.017217
0.017217
0.017217
0.017217
0.017217
0.017217
0.017217
0.0158623
0.0158623
0.0158623
0.0158623
0.0158623
0.0158623
0.0158623
0.0158623
0.0158623
0.0158623
0.0158623
0.0158623
0.0158623
0.0158623
0.0158623
0.0158623
0.0158623
0.0158623
0.0158623
0.0158623
0.0144907
0.0144907
0.0144907
0.0144907
0.0144907
0.0144907
0.0144907
0.0144907
0.0144907
0.0144907
0.0144907
0.0144907
0.0144907
0.0144907
0.0144907
0.0144907
0.0144907
0.0144907
0.0144907
0.0144907
0.0131193
0.0131193
0.0131193
0.0131193
0.0131193
0.0131193
0.0131193
0.0131193
0.0131193
0.0131193
0.0131193
0.0131193
0.0131193
0.0131193
0.0131193
0.0131193
0.0131193
0.0131193
0.0131193
0.0131193
0.0117688
0.0117688
0.0117688
0.0117688
0.0117688
0.0117688
0.0117688
0.0117688
0.0117688
0.0117688
0.0117688
0.0117688
0.0117688
0.0117688
0.0117688
0.0117688
0.0117688
0.0117688
0.0117688
0.0117688
0.010464
0.010464
0.010464
0.010464
0.010464
0.010464
0.010464
0.010464
0.010464
0.010464
0.010464
0.010464
0.010464
0.010464
0.010464
0.010464
0.010464
0.010464
0.010464
0.010464
0.00923297
0.00923297
0.00923297
0.00923297
0.00923297
0.00923298
0.00923298
0.00923298
0.00923298
0.00923298
0.00923298
0.00923298
0.00923298
0.00923298
0.00923298
0.00923298
0.00923298
0.00923298
0.00923298
0.00923298
0.00810493
0.00810493
0.00810493
0.00810493
0.00810493
0.00810493
0.00810493
0.00810493
0.00810493
0.00810493
0.00810493
0.00810493
0.00810493
0.00810493
0.00810493
0.00810493
0.00810493
0.00810493
0.00810493
0.00810493
0.0071079
0.0071079
0.0071079
0.0071079
0.0071079
0.0071079
0.0071079
0.0071079
0.0071079
0.0071079
0.0071079
0.0071079
0.0071079
0.0071079
0.0071079
0.0071079
0.0071079
0.0071079
0.0071079
0.0071079
0.00622682
0.00622682
0.00622682
0.00622682
0.00622682
0.00622682
0.00622682
0.00622682
0.00622682
0.00622682
0.00622682
0.00622682
0.00622682
0.00622682
0.00622682
0.00622682
0.00622682
0.00622682
0.00622682
0.00622682
0.00552708
0.00552708
0.00552708
0.00552708
0.00552708
0.00552708
0.00552708
0.00552708
0.00552708
0.00552708
0.00552708
0.00552708
0.00552708
0.00552708
0.00552708
0.00552708
0.00552708
0.00552708
0.00552708
0.00552708
0.00503207
0.00503207
0.00503207
0.00503207
0.00503207
0.00503207
0.00503207
0.00503207
0.00503207
0.00503207
0.00503207
0.00503207
0.00503207
0.00503207
0.00503207
0.00503207
0.00503207
0.00503207
0.00503207
0.00503207
0.00470126
0.00470126
0.00470126
0.00470126
0.00470126
0.00470126
0.00470126
0.00470126
0.00470126
0.00470126
0.00470126
0.00470126
0.00470127
0.00470127
0.00470127
0.00470127
0.00470127
0.00470127
0.00470127
0.00470127
0.004494
0.004494
0.004494
0.004494
0.004494
0.004494
0.004494
0.004494
0.004494
0.004494
0.004494
0.004494
0.004494
0.004494
0.004494
0.004494
0.004494
0.004494
0.004494
0.004494
0.00437429
0.00437429
0.00437429
0.00437429
0.00437429
0.00437429
0.00437429
0.00437429
0.00437429
0.00437429
0.00437429
0.00437429
0.00437429
0.00437429
0.00437429
0.00437429
0.00437429
0.00437429
0.00437429
0.00437429
0.0043129
0.0043129
0.0043129
0.0043129
0.0043129
0.0043129
0.0043129
0.0043129
0.0043129
0.0043129
0.0043129
0.0043129
0.0043129
0.0043129
0.0043129
0.0043129
0.0043129
0.0043129
0.0043129
0.0043129
0.00428751
0.00428751
0.00428751
0.00428751
0.00428751
0.00428751
0.00428751
0.00428751
0.00428751
0.00428751
0.00428751
0.00428751
0.00428751
0.00428751
0.00428751
0.00428751
0.00428751
0.00428751
0.00428751
0.00428751
0.00428175
0.00428175
0.00428175
0.00428175
0.00428175
0.00428175
0.00428175
0.00428175
0.00428175
0.00428175
0.00428175
0.00428175
0.00428175
0.00428174
0.00428174
0.00428174
0.00428174
0.00428174
0.00428174
0.00428174
0.00428359
0.00428359
0.00428359
0.00428359
0.00428359
0.00428359
0.00428359
0.00428359
0.00428359
0.00428359
0.00428359
0.00428359
0.00428359
0.00428359
0.00428359
0.00428359
0.00428359
0.00428359
0.00428359
0.00428359
0.00428474
0.00428474
0.00428474
0.00428474
0.00428473
0.00428473
0.00428473
0.00428473
0.00428473
0.00428473
0.00428473
0.00428473
0.00428473
0.00428473
0.00428473
0.00428473
0.00428473
0.00428473
0.00428473
0.00428473
0.00427935
0.00427935
0.00427935
0.00427935
0.00427935
0.00427935
0.00427935
0.00427935
0.00427935
0.00427935
0.00427935
0.00427935
0.00427935
0.00427935
0.00427935
0.00427935
0.00427935
0.00427935
0.00427935
0.00427935
0.00426345
0.00426345
0.00426345
0.00426345
0.00426345
0.00426345
0.00426345
0.00426345
0.00426345
0.00426345
0.00426345
0.00426345
0.00426345
0.00426345
0.00426345
0.00426345
0.00426345
0.00426345
0.00426345
0.00426345
0.00423441
0.00423441
0.00423441
0.0042344
0.0042344
0.0042344
0.0042344
0.0042344
0.0042344
0.0042344
0.0042344
0.0042344
0.0042344
0.0042344
0.0042344
0.0042344
0.0042344
0.0042344
0.0042344
0.0042344
0.00419057
0.00419057
0.00419057
0.00419057
0.00419057
0.00419057
0.00419057
0.00419057
0.00419057
0.00419057
0.00419057
0.00419057
0.00419057
0.00419057
0.00419057
0.00419057
0.00419057
0.00419057
0.00419057
0.00419057
0.00413105
0.00413105
0.00413105
0.00413105
0.00413105
0.00413105
0.00413105
0.00413105
0.00413105
0.00413105
0.00413105
0.00413105
0.00413105
0.00413105
0.00413105
0.00413105
0.00413105
0.00413105
0.00413105
0.00413105
0.00405553
0.00405553
0.00405553
0.00405553
0.00405553
0.00405553
0.00405553
0.00405553
0.00405553
0.00405553
0.00405553
0.00405553
0.00405553
0.00405553
0.00405553
0.00405553
0.00405553
0.00405553
0.00405553
0.00405553
0.00396414
0.00396414
0.00396414
0.00396414
0.00396414
0.00396414
0.00396414
0.00396414
0.00396414
0.00396414
0.00396414
0.00396414
0.00396414
0.00396414
0.00396414
0.00396414
0.00396413
0.00396413
0.00396413
0.00396414
0.00385735
0.00385735
0.00385735
0.00385735
0.00385735
0.00385735
0.00385735
0.00385735
0.00385735
0.00385735
0.00385735
0.00385735
0.00385735
0.00385735
0.00385735
0.00385735
0.00385735
0.00385735
0.00385735
0.00385735
0.00373594
0.00373594
0.00373594
0.00373594
0.00373594
0.00373594
0.00373594
0.00373593
0.00373593
0.00373593
0.00373593
0.00373593
0.00373593
0.00373593
0.00373593
0.00373593
0.00373593
0.00373593
0.00373593
0.00373593
0.00360089
0.00360089
0.00360089
0.00360089
0.00360089
0.00360089
0.00360089
0.00360089
0.00360089
0.00360089
0.00360089
0.00360089
0.00360089
0.00360089
0.00360089
0.00360089
0.00360089
0.00360089
0.00360089
0.00360089
0.0034534
0.0034534
0.0034534
0.0034534
0.0034534
0.0034534
0.0034534
0.0034534
0.0034534
0.0034534
0.0034534
0.0034534
0.0034534
0.0034534
0.0034534
0.0034534
0.0034534
0.0034534
0.0034534
0.0034534
0.00329482
0.00329482
0.00329482
0.00329482
0.00329482
0.00329482
0.00329482
0.00329482
0.00329482
0.00329482
0.00329482
0.00329482
0.00329482
0.00329482
0.00329482
0.00329482
0.00329482
0.00329482
0.00329482
0.00329482
0.00312664
0.00312664
0.00312664
0.00312664
0.00312664
0.00312664
0.00312664
0.00312664
0.00312664
0.00312664
0.00312664
0.00312664
0.00312664
0.00312664
0.00312664
0.00312664
0.00312664
0.00312664
0.00312664
0.00312664
0.00295045
0.00295045
0.00295045
0.00295045
0.00295045
0.00295045
0.00295045
0.00295045
0.00295045
0.00295045
0.00295045
0.00295045
0.00295045
0.00295045
0.00295045
0.00295045
0.00295045
0.00295045
0.00295045
0.00295045
0.00276793
0.00276793
0.00276793
0.00276793
0.00276793
0.00276793
0.00276793
0.00276793
0.00276793
0.00276793
0.00276793
0.00276793
0.00276793
0.00276793
0.00276793
0.00276793
0.00276793
0.00276793
0.00276793
0.00276793
0.00258084
0.00258084
0.00258084
0.00258084
0.00258084
0.00258084
0.00258084
0.00258084
0.00258084
0.00258084
0.00258084
0.00258084
0.00258084
0.00258084
0.00258084
0.00258084
0.00258084
0.00258084
0.00258084
0.00258084
0.00239097
0.00239097
0.00239097
0.00239097
0.00239097
0.00239097
0.00239097
0.00239097
0.00239097
0.00239097
0.00239097
0.00239097
0.00239097
0.00239097
0.00239097
0.00239097
0.00239097
0.00239097
0.00239097
0.00239097
0.00220016
0.00220016
0.00220016
0.00220016
0.00220016
0.00220016
0.00220016
0.00220016
0.00220016
0.00220016
0.00220016
0.00220016
0.00220016
0.00220016
0.00220016
0.00220016
0.00220016
0.00220016
0.00220016
0.00220016
0.00201023
0.00201023
0.00201023
0.00201023
0.00201023
0.00201023
0.00201023
0.00201023
0.00201023
0.00201023
0.00201023
0.00201023
0.00201023
0.00201023
0.00201023
0.00201023
0.00201023
0.00201023
0.00201023
0.00201023
0.00182297
0.00182297
0.00182297
0.00182297
0.00182297
0.00182297
0.00182297
0.00182297
0.00182297
0.00182297
0.00182297
0.00182297
0.00182297
0.00182297
0.00182297
0.00182297
0.00182297
0.00182297
0.00182297
0.00182297
0.00164015
0.00164015
0.00164015
0.00164015
0.00164015
0.00164015
0.00164015
0.00164015
0.00164015
0.00164015
0.00164015
0.00164015
0.00164015
0.00164015
0.00164015
0.00164015
0.00164015
0.00164015
0.00164015
0.00164015
0.0014634
0.0014634
0.0014634
0.0014634
0.0014634
0.0014634
0.0014634
0.0014634
0.0014634
0.0014634
0.0014634
0.0014634
0.0014634
0.0014634
0.0014634
0.0014634
0.0014634
0.0014634
0.0014634
0.0014634
0.00129427
0.00129427
0.00129427
0.00129427
0.00129427
0.00129427
0.00129427
0.00129427
0.00129427
0.00129427
0.00129427
0.00129427
0.00129427
0.00129427
0.00129427
0.00129427
0.00129427
0.00129427
0.00129427
0.00129427
0.00113408
0.00113408
0.00113408
0.00113408
0.00113408
0.00113408
0.00113408
0.00113408
0.00113408
0.00113408
0.00113408
0.00113408
0.00113408
0.00113408
0.00113408
0.00113408
0.00113408
0.00113408
0.00113408
0.00113408
0.000983961
0.000983961
0.000983961
0.000983961
0.000983961
0.000983961
0.000983961
0.000983961
0.000983961
0.000983961
0.000983961
0.000983961
0.000983961
0.000983961
0.000983961
0.000983961
0.000983961
0.000983961
0.000983961
0.000983961
0.00084471
0.00084471
0.00084471
0.00084471
0.00084471
0.00084471
0.00084471
0.00084471
0.00084471
0.00084471
0.00084471
0.00084471
0.00084471
0.00084471
0.00084471
0.00084471
0.00084471
0.00084471
0.00084471
0.00084471
0.000716766
0.000716766
0.000716766
0.000716766
0.000716766
0.000716766
0.000716766
0.000716766
0.000716766
0.000716766
0.000716766
0.000716766
0.000716766
0.000716766
0.000716766
0.000716766
0.000716766
0.000716766
0.000716766
0.000716766
0.00060012
0.00060012
0.00060012
0.00060012
0.00060012
0.00060012
0.00060012
0.00060012
0.00060012
0.00060012
0.00060012
0.00060012
0.00060012
0.00060012
0.00060012
0.00060012
0.00060012
0.00060012
0.00060012
0.00060012
0.000494275
0.000494275
0.000494275
0.000494275
0.000494275
0.000494275
0.000494275
0.000494275
0.000494275
0.000494275
0.000494275
0.000494275
0.000494275
0.000494275
0.000494275
0.000494275
0.000494275
0.000494275
0.000494275
0.000494275
0.000398247
0.000398247
0.000398247
0.000398247
0.000398247
0.000398247
0.000398247
0.000398247
0.000398247
0.000398247
0.000398247
0.000398247
0.000398247
0.000398247
0.000398247
0.000398247
0.000398247
0.000398247
0.000398247
0.000398247
0.00031064
0.00031064
0.00031064
0.00031064
0.00031064
0.00031064
0.00031064
0.00031064
0.00031064
0.00031064
0.00031064
0.00031064
0.00031064
0.00031064
0.00031064
0.00031064
0.00031064
0.00031064
0.00031064
0.00031064
0.000229804
0.000229804
0.000229804
0.000229804
0.000229804
0.000229804
0.000229804
0.000229804
0.000229804
0.000229804
0.000229804
0.000229804
0.000229804
0.000229804
0.000229804
0.000229804
0.000229804
0.000229804
0.000229804
0.000229804
0.000154063
0.000154063
0.000154063
0.000154063
0.000154063
0.000154063
0.000154063
0.000154063
0.000154063
0.000154063
0.000154063
0.000154063
0.000154063
0.000154063
0.000154063
0.000154063
0.000154063
0.000154063
0.000154063
0.000154063
8.20793e-05
8.20793e-05
8.20793e-05
8.20793e-05
8.20793e-05
8.20793e-05
8.20793e-05
8.20793e-05
8.20793e-05
8.20793e-05
8.20793e-05
8.20793e-05
8.20793e-05
8.20793e-05
8.20792e-05
8.20792e-05
8.20792e-05
8.20792e-05
8.20792e-05
8.20792e-05
1.92457e-05
1.92457e-05
1.92457e-05
1.92457e-05
1.92457e-05
1.92457e-05
1.92457e-05
1.92457e-05
1.92457e-05
1.92457e-05
1.92457e-05
1.92457e-05
1.92457e-05
1.92457e-05
1.92457e-05
1.92457e-05
1.92457e-05
1.92457e-05
1.92457e-05
1.92457e-05
9.03321e-07
9.03322e-07
9.03322e-07
9.03321e-07
9.03321e-07
9.03321e-07
9.03321e-07
9.0332e-07
9.0332e-07
9.0332e-07
9.0332e-07
9.03319e-07
9.03319e-07
9.03319e-07
9.03319e-07
9.03318e-07
9.03318e-07
9.03318e-07
9.03318e-07
9.03316e-07
2.66243e-07
2.66243e-07
2.66243e-07
2.66243e-07
2.66243e-07
2.66243e-07
2.66243e-07
2.66243e-07
2.66243e-07
2.66243e-07
2.66243e-07
2.66243e-07
2.66243e-07
2.66243e-07
2.66243e-07
2.66243e-07
2.66243e-07
2.66243e-07
2.66243e-07
2.66243e-07
2.62949e-07
2.62949e-07
2.62949e-07
2.62949e-07
2.62949e-07
2.62949e-07
2.62949e-07
2.62949e-07
2.62949e-07
2.62949e-07
2.62949e-07
2.62949e-07
2.62949e-07
2.62949e-07
2.62949e-07
2.62949e-07
2.62949e-07
2.62949e-07
2.62949e-07
2.62949e-07
2.62935e-07
2.62935e-07
2.62935e-07
2.62935e-07
2.62935e-07
2.62935e-07
2.62935e-07
2.62935e-07
2.62935e-07
2.62935e-07
2.62935e-07
2.62935e-07
2.62935e-07
2.62935e-07
2.62935e-07
2.62935e-07
2.62935e-07
2.62935e-07
2.62935e-07
2.62935e-07
)
;

boundaryField
{
    freeStream
    {
        type            symmetry;
    }
    bottomWall
    {
        type            fixedValue;
        value           uniform 1e-10;
    }
    left
    {
        type            cyclic;
    }
    right
    {
        type            cyclic;
    }
    frontAndBack
    {
        type            empty;
    }
}


// ************************************************************************* //
