/*--------------------------------*- C++ -*----------------------------------*\
  =========                 |
  \\      /  F ield         | OpenFOAM: The Open Source CFD Toolbox
   \\    /   O peration     | Website:  https://openfoam.org
    \\  /    A nd           | Version:  6
     \\/     M anipulation  |
\*---------------------------------------------------------------------------*/
FoamFile
{
    version     2.0;
    format      ascii;
    class       volScalarField;
    location    "19.44";
    object      k_0;
}
// * * * * * * * * * * * * * * * * * * * * * * * * * * * * * * * * * * * * * //

dimensions      [0 2 -2 0 0 0 0];

internalField   nonuniform List<scalar> 
3240
(
0.00249338
0.00249338
0.00249338
0.00249338
0.00249338
0.00249338
0.00249338
0.00249338
0.00249338
0.00249338
0.00249338
0.00249338
0.00249338
0.00249338
0.00249338
0.00249338
0.00249338
0.00249338
0.00249338
0.00249338
0.00654352
0.00654352
0.00654352
0.00654352
0.00654352
0.00654352
0.00654352
0.00654352
0.00654352
0.00654352
0.00654352
0.00654352
0.00654352
0.00654352
0.00654352
0.00654352
0.00654352
0.00654352
0.00654352
0.00654352
0.00986164
0.00986164
0.00986164
0.00986164
0.00986164
0.00986164
0.00986164
0.00986164
0.00986164
0.00986164
0.00986164
0.00986164
0.00986164
0.00986164
0.00986164
0.00986164
0.00986164
0.00986164
0.00986164
0.00986164
0.0126223
0.0126223
0.0126223
0.0126223
0.0126223
0.0126223
0.0126223
0.0126223
0.0126223
0.0126223
0.0126223
0.0126223
0.0126223
0.0126223
0.0126223
0.0126223
0.0126223
0.0126223
0.0126223
0.0126223
0.0149509
0.0149509
0.0149509
0.0149509
0.0149509
0.0149509
0.0149509
0.0149509
0.0149509
0.0149509
0.0149509
0.0149509
0.0149509
0.0149509
0.0149509
0.0149509
0.0149509
0.0149509
0.0149509
0.0149509
0.0169387
0.0169387
0.0169387
0.0169387
0.0169387
0.0169387
0.0169387
0.0169387
0.0169387
0.0169387
0.0169387
0.0169387
0.0169387
0.0169387
0.0169387
0.0169387
0.0169387
0.0169387
0.0169387
0.0169387
0.0186531
0.0186531
0.0186531
0.0186531
0.0186531
0.0186531
0.0186531
0.0186531
0.0186531
0.0186531
0.0186531
0.0186531
0.0186531
0.0186531
0.0186531
0.0186531
0.0186531
0.0186531
0.0186531
0.0186531
0.0201452
0.0201452
0.0201452
0.0201452
0.0201452
0.0201452
0.0201452
0.0201452
0.0201452
0.0201452
0.0201452
0.0201452
0.0201452
0.0201452
0.0201452
0.0201452
0.0201452
0.0201452
0.0201452
0.0201452
0.0214544
0.0214544
0.0214544
0.0214544
0.0214544
0.0214544
0.0214544
0.0214544
0.0214544
0.0214544
0.0214544
0.0214544
0.0214544
0.0214544
0.0214544
0.0214544
0.0214544
0.0214544
0.0214544
0.0214544
0.0226112
0.0226112
0.0226112
0.0226112
0.0226112
0.0226112
0.0226112
0.0226112
0.0226112
0.0226112
0.0226112
0.0226112
0.0226112
0.0226112
0.0226112
0.0226112
0.0226112
0.0226112
0.0226112
0.0226112
0.02364
0.02364
0.02364
0.02364
0.02364
0.02364
0.02364
0.02364
0.02364
0.02364
0.02364
0.02364
0.02364
0.02364
0.02364
0.02364
0.02364
0.02364
0.02364
0.02364
0.0245604
0.0245604
0.0245604
0.0245604
0.0245604
0.0245604
0.0245604
0.0245604
0.0245604
0.0245604
0.0245604
0.0245604
0.0245604
0.0245604
0.0245604
0.0245604
0.0245604
0.0245604
0.0245604
0.0245604
0.0256353
0.0256353
0.0256353
0.0256353
0.0256353
0.0256353
0.0256353
0.0256353
0.0256353
0.0256353
0.0256353
0.0256353
0.0256353
0.0256353
0.0256353
0.0256353
0.0256353
0.0256353
0.0256353
0.0256353
0.0267971
0.0267971
0.0267971
0.0267971
0.0267971
0.0267971
0.0267971
0.0267971
0.0267971
0.0267971
0.0267971
0.0267971
0.0267971
0.0267971
0.0267971
0.0267971
0.0267971
0.0267971
0.0267971
0.0267971
0.0278517
0.0278517
0.0278517
0.0278517
0.0278517
0.0278517
0.0278517
0.0278517
0.0278517
0.0278517
0.0278517
0.0278517
0.0278517
0.0278517
0.0278517
0.0278517
0.0278517
0.0278517
0.0278517
0.0278517
0.0288104
0.0288104
0.0288104
0.0288104
0.0288104
0.0288104
0.0288104
0.0288104
0.0288104
0.0288104
0.0288104
0.0288104
0.0288104
0.0288104
0.0288104
0.0288104
0.0288104
0.0288104
0.0288104
0.0288104
0.0296833
0.0296833
0.0296833
0.0296833
0.0296833
0.0296833
0.0296833
0.0296833
0.0296833
0.0296833
0.0296833
0.0296833
0.0296833
0.0296833
0.0296833
0.0296833
0.0296833
0.0296833
0.0296833
0.0296833
0.0304793
0.0304793
0.0304793
0.0304793
0.0304793
0.0304793
0.0304793
0.0304793
0.0304793
0.0304793
0.0304793
0.0304793
0.0304793
0.0304793
0.0304793
0.0304793
0.0304793
0.0304793
0.0304793
0.0304793
0.0312061
0.0312061
0.0312061
0.0312061
0.0312061
0.0312061
0.0312061
0.0312061
0.0312061
0.0312061
0.0312061
0.0312061
0.0312061
0.0312061
0.0312061
0.0312061
0.0312061
0.0312061
0.0312061
0.0312061
0.0318708
0.0318708
0.0318708
0.0318708
0.0318708
0.0318708
0.0318708
0.0318708
0.0318708
0.0318708
0.0318708
0.0318708
0.0318708
0.0318708
0.0318708
0.0318708
0.0318708
0.0318708
0.0318708
0.0318708
0.0324794
0.0324794
0.0324794
0.0324794
0.0324794
0.0324794
0.0324794
0.0324794
0.0324794
0.0324794
0.0324794
0.0324794
0.0324794
0.0324794
0.0324794
0.0324794
0.0324794
0.0324794
0.0324794
0.0324794
0.0330374
0.0330374
0.0330374
0.0330374
0.0330374
0.0330374
0.0330374
0.0330374
0.0330374
0.0330374
0.0330374
0.0330374
0.0330374
0.0330374
0.0330374
0.0330374
0.0330374
0.0330374
0.0330374
0.0330374
0.0335495
0.0335495
0.0335495
0.0335495
0.0335495
0.0335495
0.0335495
0.0335495
0.0335495
0.0335495
0.0335495
0.0335495
0.0335495
0.0335495
0.0335495
0.0335495
0.0335495
0.0335495
0.0335495
0.0335495
0.0340201
0.0340201
0.0340201
0.0340201
0.0340201
0.0340201
0.0340201
0.0340201
0.0340201
0.0340201
0.0340201
0.0340201
0.0340201
0.0340201
0.0340201
0.0340201
0.0340201
0.0340201
0.0340201
0.0340201
0.034453
0.034453
0.034453
0.034453
0.034453
0.034453
0.034453
0.034453
0.034453
0.034453
0.034453
0.034453
0.034453
0.034453
0.034453
0.034453
0.034453
0.034453
0.034453
0.034453
0.0348515
0.0348515
0.0348515
0.0348515
0.0348515
0.0348515
0.0348515
0.0348515
0.0348515
0.0348515
0.0348515
0.0348515
0.0348515
0.0348515
0.0348515
0.0348515
0.0348515
0.0348515
0.0348515
0.0348515
0.0352187
0.0352187
0.0352187
0.0352187
0.0352187
0.0352187
0.0352187
0.0352187
0.0352187
0.0352187
0.0352187
0.0352187
0.0352187
0.0352187
0.0352187
0.0352187
0.0352187
0.0352187
0.0352187
0.0352187
0.0355573
0.0355573
0.0355573
0.0355573
0.0355573
0.0355573
0.0355573
0.0355573
0.0355573
0.0355573
0.0355573
0.0355573
0.0355573
0.0355573
0.0355573
0.0355573
0.0355573
0.0355573
0.0355573
0.0355573
0.0358696
0.0358696
0.0358696
0.0358696
0.0358696
0.0358696
0.0358696
0.0358696
0.0358696
0.0358696
0.0358696
0.0358696
0.0358696
0.0358696
0.0358696
0.0358696
0.0358696
0.0358696
0.0358696
0.0358696
0.0361579
0.0361579
0.0361579
0.0361579
0.0361579
0.0361579
0.0361579
0.0361579
0.0361579
0.0361579
0.0361579
0.0361579
0.0361579
0.0361579
0.0361579
0.0361579
0.0361579
0.0361579
0.0361579
0.0361579
0.0364241
0.0364241
0.0364241
0.0364241
0.0364241
0.0364241
0.0364241
0.0364241
0.0364241
0.0364241
0.0364241
0.0364241
0.0364241
0.0364241
0.0364241
0.0364241
0.0364241
0.0364241
0.0364241
0.0364241
0.0366699
0.0366699
0.0366699
0.0366699
0.0366699
0.0366699
0.0366699
0.0366699
0.0366699
0.0366699
0.0366699
0.0366699
0.0366699
0.0366699
0.0366699
0.0366699
0.0366699
0.0366699
0.0366699
0.0366699
0.0368968
0.0368968
0.0368968
0.0368968
0.0368968
0.0368968
0.0368968
0.0368968
0.0368968
0.0368968
0.0368968
0.0368968
0.0368968
0.0368968
0.0368968
0.0368968
0.0368968
0.0368968
0.0368968
0.0368968
0.0371063
0.0371063
0.0371063
0.0371063
0.0371063
0.0371063
0.0371063
0.0371063
0.0371063
0.0371063
0.0371063
0.0371063
0.0371063
0.0371063
0.0371063
0.0371063
0.0371063
0.0371063
0.0371063
0.0371063
0.0372996
0.0372996
0.0372996
0.0372996
0.0372996
0.0372996
0.0372996
0.0372996
0.0372996
0.0372996
0.0372996
0.0372996
0.0372996
0.0372996
0.0372996
0.0372996
0.0372996
0.0372996
0.0372996
0.0372996
0.0374779
0.0374779
0.0374779
0.0374779
0.0374779
0.0374779
0.0374779
0.0374779
0.0374779
0.0374779
0.0374779
0.0374779
0.0374779
0.0374779
0.0374779
0.0374779
0.0374779
0.0374779
0.0374779
0.0374779
0.0376421
0.0376421
0.0376421
0.0376421
0.0376421
0.0376421
0.0376421
0.0376421
0.0376421
0.0376421
0.0376421
0.0376421
0.0376421
0.0376421
0.0376421
0.0376421
0.0376421
0.0376421
0.0376421
0.0376421
0.0377933
0.0377933
0.0377933
0.0377933
0.0377933
0.0377933
0.0377933
0.0377933
0.0377933
0.0377933
0.0377933
0.0377933
0.0377933
0.0377933
0.0377933
0.0377933
0.0377933
0.0377933
0.0377933
0.0377933
0.0379321
0.0379321
0.0379321
0.0379321
0.0379321
0.0379321
0.0379321
0.0379321
0.0379321
0.0379321
0.0379321
0.0379321
0.0379321
0.0379321
0.0379321
0.0379321
0.0379321
0.0379321
0.0379321
0.0379321
0.0380595
0.0380595
0.0380595
0.0380595
0.0380595
0.0380595
0.0380595
0.0380595
0.0380595
0.0380595
0.0380595
0.0380595
0.0380595
0.0380595
0.0380595
0.0380595
0.0380595
0.0380595
0.0380595
0.0380595
0.038176
0.038176
0.038176
0.038176
0.038176
0.038176
0.038176
0.038176
0.038176
0.038176
0.038176
0.038176
0.038176
0.038176
0.038176
0.038176
0.038176
0.038176
0.038176
0.038176
0.0382822
0.0382822
0.0382822
0.0382822
0.0382822
0.0382822
0.0382822
0.0382822
0.0382822
0.0382822
0.0382822
0.0382822
0.0382822
0.0382822
0.0382822
0.0382822
0.0382822
0.0382822
0.0382822
0.0382822
0.0383786
0.0383786
0.0383786
0.0383786
0.0383786
0.0383786
0.0383786
0.0383786
0.0383786
0.0383786
0.0383786
0.0383786
0.0383786
0.0383786
0.0383786
0.0383786
0.0383786
0.0383786
0.0383786
0.0383786
0.0384658
0.0384658
0.0384658
0.0384658
0.0384658
0.0384658
0.0384658
0.0384658
0.0384658
0.0384658
0.0384658
0.0384658
0.0384658
0.0384658
0.0384658
0.0384658
0.0384658
0.0384658
0.0384658
0.0384658
0.0385442
0.0385442
0.0385442
0.0385442
0.0385442
0.0385442
0.0385442
0.0385442
0.0385442
0.0385442
0.0385442
0.0385442
0.0385442
0.0385442
0.0385442
0.0385442
0.0385442
0.0385442
0.0385442
0.0385442
0.0386141
0.0386141
0.0386141
0.0386141
0.0386141
0.0386141
0.0386141
0.0386141
0.0386141
0.0386141
0.0386141
0.0386141
0.0386141
0.0386141
0.0386141
0.0386141
0.0386141
0.0386141
0.0386141
0.0386141
0.0386758
0.0386758
0.0386758
0.0386758
0.0386758
0.0386758
0.0386758
0.0386758
0.0386758
0.0386758
0.0386758
0.0386758
0.0386758
0.0386758
0.0386758
0.0386758
0.0386758
0.0386758
0.0386758
0.0386758
0.0387296
0.0387296
0.0387296
0.0387296
0.0387296
0.0387296
0.0387296
0.0387296
0.0387296
0.0387296
0.0387296
0.0387296
0.0387296
0.0387296
0.0387296
0.0387296
0.0387296
0.0387296
0.0387296
0.0387296
0.0387758
0.0387758
0.0387758
0.0387758
0.0387758
0.0387758
0.0387758
0.0387758
0.0387758
0.0387758
0.0387758
0.0387758
0.0387758
0.0387758
0.0387758
0.0387758
0.0387758
0.0387758
0.0387758
0.0387758
0.0388144
0.0388144
0.0388144
0.0388144
0.0388144
0.0388144
0.0388144
0.0388144
0.0388144
0.0388144
0.0388144
0.0388144
0.0388144
0.0388144
0.0388144
0.0388144
0.0388144
0.0388144
0.0388144
0.0388144
0.0388457
0.0388457
0.0388457
0.0388457
0.0388457
0.0388457
0.0388457
0.0388457
0.0388457
0.0388457
0.0388457
0.0388457
0.0388457
0.0388457
0.0388457
0.0388457
0.0388457
0.0388457
0.0388457
0.0388457
0.0388698
0.0388698
0.0388698
0.0388698
0.0388698
0.0388698
0.0388698
0.0388698
0.0388698
0.0388698
0.0388698
0.0388698
0.0388698
0.0388698
0.0388698
0.0388698
0.0388698
0.0388698
0.0388698
0.0388698
0.0388867
0.0388867
0.0388867
0.0388867
0.0388867
0.0388867
0.0388867
0.0388867
0.0388867
0.0388867
0.0388867
0.0388867
0.0388867
0.0388867
0.0388867
0.0388867
0.0388867
0.0388867
0.0388867
0.0388867
0.0388964
0.0388964
0.0388964
0.0388964
0.0388964
0.0388964
0.0388964
0.0388964
0.0388964
0.0388964
0.0388964
0.0388964
0.0388964
0.0388964
0.0388964
0.0388964
0.0388964
0.0388964
0.0388964
0.0388964
0.0388989
0.0388989
0.0388989
0.0388989
0.0388989
0.0388989
0.0388989
0.0388989
0.0388989
0.0388989
0.0388989
0.0388989
0.0388989
0.0388989
0.0388989
0.0388989
0.0388989
0.0388989
0.0388989
0.0388989
0.0388942
0.0388942
0.0388942
0.0388942
0.0388942
0.0388942
0.0388942
0.0388942
0.0388942
0.0388942
0.0388942
0.0388942
0.0388942
0.0388942
0.0388942
0.0388942
0.0388942
0.0388942
0.0388942
0.0388942
0.0388821
0.0388821
0.0388821
0.0388821
0.0388821
0.0388821
0.0388821
0.0388821
0.0388821
0.0388821
0.0388821
0.0388821
0.0388821
0.0388821
0.0388821
0.0388821
0.0388821
0.0388821
0.0388821
0.0388821
0.0388626
0.0388626
0.0388626
0.0388626
0.0388626
0.0388626
0.0388626
0.0388626
0.0388626
0.0388626
0.0388626
0.0388626
0.0388626
0.0388626
0.0388626
0.0388626
0.0388626
0.0388626
0.0388626
0.0388626
0.0388355
0.0388355
0.0388355
0.0388355
0.0388355
0.0388355
0.0388355
0.0388355
0.0388355
0.0388355
0.0388355
0.0388355
0.0388355
0.0388355
0.0388355
0.0388355
0.0388355
0.0388355
0.0388355
0.0388355
0.0388006
0.0388006
0.0388006
0.0388006
0.0388006
0.0388006
0.0388006
0.0388006
0.0388006
0.0388006
0.0388006
0.0388006
0.0388006
0.0388006
0.0388006
0.0388006
0.0388006
0.0388006
0.0388006
0.0388006
0.0387576
0.0387576
0.0387576
0.0387576
0.0387576
0.0387576
0.0387576
0.0387576
0.0387576
0.0387576
0.0387576
0.0387576
0.0387576
0.0387576
0.0387576
0.0387576
0.0387576
0.0387576
0.0387576
0.0387576
0.0387063
0.0387063
0.0387063
0.0387063
0.0387063
0.0387063
0.0387063
0.0387063
0.0387063
0.0387063
0.0387063
0.0387063
0.0387063
0.0387063
0.0387063
0.0387063
0.0387063
0.0387063
0.0387063
0.0387063
0.0386463
0.0386463
0.0386463
0.0386463
0.0386463
0.0386463
0.0386463
0.0386463
0.0386463
0.0386463
0.0386463
0.0386463
0.0386463
0.0386463
0.0386463
0.0386463
0.0386463
0.0386463
0.0386463
0.0386463
0.0385773
0.0385773
0.0385773
0.0385773
0.0385773
0.0385773
0.0385773
0.0385773
0.0385773
0.0385773
0.0385773
0.0385773
0.0385773
0.0385773
0.0385773
0.0385773
0.0385773
0.0385773
0.0385773
0.0385773
0.0384989
0.0384989
0.0384989
0.0384989
0.0384989
0.0384989
0.0384989
0.0384989
0.0384989
0.0384989
0.0384989
0.0384989
0.0384989
0.0384989
0.0384989
0.0384989
0.0384989
0.0384989
0.0384989
0.0384989
0.0384105
0.0384105
0.0384105
0.0384105
0.0384105
0.0384105
0.0384105
0.0384105
0.0384105
0.0384105
0.0384105
0.0384105
0.0384105
0.0384105
0.0384105
0.0384105
0.0384105
0.0384105
0.0384105
0.0384105
0.0383118
0.0383118
0.0383118
0.0383118
0.0383118
0.0383118
0.0383118
0.0383118
0.0383118
0.0383118
0.0383118
0.0383118
0.0383118
0.0383118
0.0383118
0.0383118
0.0383118
0.0383118
0.0383118
0.0383118
0.0382022
0.0382022
0.0382022
0.0382022
0.0382022
0.0382022
0.0382022
0.0382022
0.0382022
0.0382022
0.0382022
0.0382022
0.0382022
0.0382022
0.0382022
0.0382022
0.0382022
0.0382022
0.0382022
0.0382022
0.038081
0.038081
0.038081
0.038081
0.038081
0.038081
0.038081
0.038081
0.038081
0.038081
0.038081
0.038081
0.038081
0.038081
0.038081
0.038081
0.038081
0.038081
0.038081
0.038081
0.0379477
0.0379477
0.0379477
0.0379477
0.0379477
0.0379477
0.0379477
0.0379477
0.0379477
0.0379477
0.0379477
0.0379477
0.0379477
0.0379477
0.0379477
0.0379477
0.0379477
0.0379477
0.0379477
0.0379477
0.0378014
0.0378014
0.0378014
0.0378014
0.0378014
0.0378014
0.0378014
0.0378014
0.0378014
0.0378014
0.0378014
0.0378014
0.0378014
0.0378014
0.0378014
0.0378014
0.0378014
0.0378014
0.0378014
0.0378014
0.0376416
0.0376416
0.0376416
0.0376416
0.0376416
0.0376416
0.0376416
0.0376416
0.0376416
0.0376416
0.0376416
0.0376416
0.0376416
0.0376416
0.0376416
0.0376416
0.0376416
0.0376416
0.0376416
0.0376416
0.0374672
0.0374672
0.0374672
0.0374672
0.0374672
0.0374672
0.0374672
0.0374672
0.0374672
0.0374672
0.0374672
0.0374672
0.0374672
0.0374672
0.0374672
0.0374672
0.0374672
0.0374672
0.0374672
0.0374672
0.0372775
0.0372775
0.0372775
0.0372775
0.0372775
0.0372775
0.0372775
0.0372775
0.0372775
0.0372775
0.0372775
0.0372775
0.0372775
0.0372775
0.0372775
0.0372775
0.0372775
0.0372775
0.0372775
0.0372775
0.0370715
0.0370715
0.0370715
0.0370715
0.0370715
0.0370715
0.0370715
0.0370715
0.0370715
0.0370715
0.0370715
0.0370715
0.0370715
0.0370715
0.0370715
0.0370715
0.0370715
0.0370715
0.0370715
0.0370715
0.0368481
0.0368481
0.0368481
0.0368481
0.0368481
0.0368481
0.0368481
0.0368481
0.0368481
0.0368481
0.0368481
0.0368481
0.0368481
0.0368481
0.0368481
0.0368481
0.0368481
0.0368481
0.0368481
0.0368481
0.0366063
0.0366063
0.0366063
0.0366063
0.0366063
0.0366063
0.0366063
0.0366063
0.0366063
0.0366063
0.0366063
0.0366063
0.0366063
0.0366063
0.0366063
0.0366063
0.0366063
0.0366063
0.0366063
0.0366063
0.0363448
0.0363448
0.0363448
0.0363448
0.0363448
0.0363448
0.0363448
0.0363448
0.0363448
0.0363448
0.0363448
0.0363448
0.0363448
0.0363448
0.0363448
0.0363448
0.0363448
0.0363448
0.0363448
0.0363448
0.0360625
0.0360625
0.0360625
0.0360625
0.0360625
0.0360625
0.0360625
0.0360625
0.0360625
0.0360625
0.0360625
0.0360625
0.0360625
0.0360625
0.0360625
0.0360625
0.0360625
0.0360625
0.0360625
0.0360625
0.035758
0.035758
0.035758
0.035758
0.035758
0.035758
0.035758
0.035758
0.035758
0.035758
0.035758
0.035758
0.035758
0.035758
0.035758
0.035758
0.035758
0.035758
0.035758
0.035758
0.0354298
0.0354298
0.0354298
0.0354298
0.0354298
0.0354298
0.0354298
0.0354298
0.0354298
0.0354298
0.0354298
0.0354298
0.0354298
0.0354298
0.0354298
0.0354298
0.0354298
0.0354298
0.0354298
0.0354298
0.0350765
0.0350765
0.0350765
0.0350765
0.0350765
0.0350765
0.0350765
0.0350765
0.0350765
0.0350765
0.0350765
0.0350765
0.0350765
0.0350765
0.0350765
0.0350765
0.0350765
0.0350765
0.0350765
0.0350765
0.0346965
0.0346965
0.0346965
0.0346965
0.0346965
0.0346965
0.0346965
0.0346965
0.0346965
0.0346965
0.0346965
0.0346965
0.0346965
0.0346965
0.0346965
0.0346965
0.0346965
0.0346965
0.0346965
0.0346965
0.034288
0.034288
0.034288
0.034288
0.034288
0.034288
0.034288
0.034288
0.034288
0.034288
0.034288
0.034288
0.034288
0.034288
0.034288
0.034288
0.034288
0.034288
0.034288
0.034288
0.0338492
0.0338492
0.0338492
0.0338492
0.0338492
0.0338492
0.0338492
0.0338492
0.0338492
0.0338492
0.0338492
0.0338492
0.0338492
0.0338492
0.0338492
0.0338492
0.0338492
0.0338492
0.0338492
0.0338492
0.0333784
0.0333784
0.0333784
0.0333784
0.0333784
0.0333784
0.0333784
0.0333784
0.0333784
0.0333784
0.0333784
0.0333784
0.0333784
0.0333784
0.0333784
0.0333784
0.0333784
0.0333784
0.0333784
0.0333784
0.0328735
0.0328735
0.0328735
0.0328735
0.0328735
0.0328735
0.0328735
0.0328735
0.0328735
0.0328735
0.0328735
0.0328735
0.0328735
0.0328735
0.0328735
0.0328735
0.0328735
0.0328735
0.0328735
0.0328735
0.0323324
0.0323324
0.0323324
0.0323324
0.0323324
0.0323324
0.0323324
0.0323324
0.0323324
0.0323324
0.0323324
0.0323324
0.0323324
0.0323324
0.0323324
0.0323324
0.0323324
0.0323324
0.0323324
0.0323324
0.0317531
0.0317531
0.0317531
0.0317531
0.0317531
0.0317531
0.0317531
0.0317531
0.0317531
0.0317531
0.0317531
0.0317531
0.0317531
0.0317531
0.0317531
0.0317531
0.0317531
0.0317531
0.0317531
0.0317531
0.0311333
0.0311333
0.0311333
0.0311333
0.0311333
0.0311333
0.0311333
0.0311333
0.0311333
0.0311333
0.0311333
0.0311333
0.0311333
0.0311333
0.0311333
0.0311333
0.0311333
0.0311333
0.0311333
0.0311333
0.0304709
0.0304709
0.0304709
0.0304709
0.0304709
0.0304709
0.0304709
0.0304709
0.0304709
0.0304709
0.0304709
0.0304709
0.0304709
0.0304709
0.0304709
0.0304709
0.0304709
0.0304709
0.0304709
0.0304709
0.0297635
0.0297635
0.0297635
0.0297635
0.0297635
0.0297635
0.0297635
0.0297635
0.0297635
0.0297635
0.0297635
0.0297635
0.0297635
0.0297635
0.0297635
0.0297635
0.0297635
0.0297635
0.0297635
0.0297635
0.0290089
0.0290089
0.0290089
0.0290089
0.0290089
0.0290089
0.0290089
0.0290089
0.0290089
0.0290089
0.0290089
0.0290089
0.0290089
0.0290089
0.0290089
0.0290089
0.0290089
0.0290089
0.0290089
0.0290089
0.0282049
0.0282049
0.0282049
0.0282049
0.0282049
0.0282049
0.0282049
0.0282049
0.0282049
0.0282049
0.0282049
0.0282049
0.0282049
0.0282049
0.0282049
0.0282049
0.0282049
0.0282049
0.0282049
0.0282049
0.0273495
0.0273495
0.0273495
0.0273495
0.0273495
0.0273495
0.0273495
0.0273495
0.0273495
0.0273495
0.0273495
0.0273495
0.0273495
0.0273495
0.0273495
0.0273495
0.0273495
0.0273495
0.0273495
0.0273495
0.0264408
0.0264408
0.0264408
0.0264408
0.0264408
0.0264408
0.0264408
0.0264408
0.0264408
0.0264408
0.0264408
0.0264408
0.0264408
0.0264408
0.0264408
0.0264408
0.0264408
0.0264408
0.0264408
0.0264408
0.0254773
0.0254773
0.0254773
0.0254773
0.0254773
0.0254773
0.0254773
0.0254773
0.0254773
0.0254773
0.0254773
0.0254773
0.0254773
0.0254773
0.0254773
0.0254773
0.0254773
0.0254773
0.0254773
0.0254773
0.0244578
0.0244578
0.0244578
0.0244578
0.0244578
0.0244578
0.0244578
0.0244578
0.0244578
0.0244578
0.0244578
0.0244578
0.0244578
0.0244578
0.0244578
0.0244578
0.0244578
0.0244578
0.0244578
0.0244578
0.0233819
0.0233819
0.0233819
0.0233819
0.0233819
0.0233819
0.0233819
0.0233819
0.0233819
0.0233819
0.0233819
0.0233819
0.0233819
0.0233819
0.0233819
0.0233819
0.0233819
0.0233819
0.0233819
0.0233819
0.02225
0.02225
0.02225
0.02225
0.02225
0.02225
0.02225
0.02225
0.02225
0.02225
0.02225
0.02225
0.02225
0.02225
0.02225
0.02225
0.02225
0.02225
0.02225
0.02225
0.0210635
0.0210635
0.0210635
0.0210635
0.0210635
0.0210635
0.0210635
0.0210635
0.0210635
0.0210635
0.0210635
0.0210635
0.0210635
0.0210635
0.0210635
0.0210635
0.0210635
0.0210635
0.0210635
0.0210635
0.0198254
0.0198254
0.0198254
0.0198254
0.0198254
0.0198254
0.0198254
0.0198254
0.0198254
0.0198254
0.0198254
0.0198254
0.0198254
0.0198254
0.0198254
0.0198254
0.0198254
0.0198254
0.0198254
0.0198254
0.0185404
0.0185404
0.0185404
0.0185404
0.0185404
0.0185404
0.0185404
0.0185404
0.0185404
0.0185404
0.0185404
0.0185404
0.0185404
0.0185404
0.0185404
0.0185404
0.0185404
0.0185404
0.0185404
0.0185404
0.0172156
0.0172156
0.0172156
0.0172156
0.0172156
0.0172156
0.0172156
0.0172156
0.0172156
0.0172156
0.0172156
0.0172156
0.0172156
0.0172156
0.0172156
0.0172156
0.0172156
0.0172156
0.0172156
0.0172156
0.0158608
0.0158608
0.0158608
0.0158608
0.0158608
0.0158608
0.0158608
0.0158608
0.0158608
0.0158608
0.0158608
0.0158608
0.0158608
0.0158608
0.0158608
0.0158608
0.0158608
0.0158608
0.0158608
0.0158608
0.0144893
0.0144893
0.0144893
0.0144893
0.0144893
0.0144893
0.0144893
0.0144893
0.0144893
0.0144893
0.0144893
0.0144893
0.0144893
0.0144893
0.0144893
0.0144893
0.0144893
0.0144893
0.0144893
0.0144893
0.0131179
0.0131179
0.0131179
0.0131179
0.0131179
0.0131179
0.0131179
0.0131179
0.0131179
0.0131179
0.0131179
0.0131179
0.0131179
0.0131179
0.0131179
0.0131179
0.0131179
0.0131179
0.0131179
0.0131179
0.0117674
0.0117674
0.0117674
0.0117674
0.0117674
0.0117674
0.0117674
0.0117674
0.0117674
0.0117674
0.0117674
0.0117674
0.0117674
0.0117674
0.0117674
0.0117674
0.0117674
0.0117674
0.0117674
0.0117674
0.0104628
0.0104628
0.0104628
0.0104628
0.0104628
0.0104628
0.0104628
0.0104628
0.0104628
0.0104628
0.0104628
0.0104628
0.0104628
0.0104628
0.0104628
0.0104628
0.0104628
0.0104628
0.0104628
0.0104628
0.00923181
0.00923181
0.00923181
0.00923181
0.00923181
0.00923181
0.00923181
0.00923181
0.00923181
0.00923181
0.00923181
0.00923181
0.00923181
0.00923181
0.00923181
0.00923181
0.00923181
0.00923181
0.00923181
0.00923181
0.0081039
0.0081039
0.0081039
0.0081039
0.0081039
0.0081039
0.0081039
0.0081039
0.0081039
0.0081039
0.0081039
0.0081039
0.0081039
0.0081039
0.0081039
0.0081039
0.0081039
0.0081039
0.0081039
0.0081039
0.00710703
0.00710703
0.00710703
0.00710703
0.00710703
0.00710703
0.00710703
0.00710703
0.00710703
0.00710703
0.00710703
0.00710703
0.00710703
0.00710703
0.00710703
0.00710703
0.00710703
0.00710703
0.00710703
0.00710703
0.00622614
0.00622614
0.00622614
0.00622614
0.00622614
0.00622614
0.00622614
0.00622614
0.00622614
0.00622614
0.00622614
0.00622614
0.00622614
0.00622614
0.00622614
0.00622614
0.00622614
0.00622614
0.00622614
0.00622614
0.00552659
0.00552659
0.00552659
0.00552659
0.00552659
0.00552659
0.00552659
0.00552659
0.00552659
0.00552659
0.00552659
0.00552659
0.00552659
0.00552659
0.00552659
0.00552659
0.00552659
0.00552659
0.00552659
0.00552659
0.00503174
0.00503174
0.00503174
0.00503174
0.00503174
0.00503174
0.00503174
0.00503174
0.00503174
0.00503174
0.00503174
0.00503174
0.00503174
0.00503174
0.00503174
0.00503174
0.00503174
0.00503174
0.00503174
0.00503174
0.00470108
0.00470108
0.00470108
0.00470108
0.00470108
0.00470108
0.00470108
0.00470108
0.00470108
0.00470108
0.00470108
0.00470108
0.00470108
0.00470108
0.00470108
0.00470108
0.00470108
0.00470108
0.00470108
0.00470108
0.00449393
0.00449393
0.00449393
0.00449393
0.00449393
0.00449393
0.00449393
0.00449393
0.00449393
0.00449393
0.00449393
0.00449393
0.00449393
0.00449393
0.00449393
0.00449393
0.00449393
0.00449393
0.00449393
0.00449393
0.0043743
0.0043743
0.0043743
0.0043743
0.0043743
0.0043743
0.0043743
0.0043743
0.0043743
0.0043743
0.0043743
0.0043743
0.0043743
0.0043743
0.0043743
0.0043743
0.0043743
0.0043743
0.0043743
0.0043743
0.00431297
0.00431297
0.00431297
0.00431297
0.00431297
0.00431297
0.00431297
0.00431297
0.00431297
0.00431297
0.00431297
0.00431297
0.00431297
0.00431297
0.00431297
0.00431297
0.00431297
0.00431297
0.00431297
0.00431297
0.00428762
0.00428762
0.00428762
0.00428762
0.00428762
0.00428762
0.00428762
0.00428762
0.00428762
0.00428762
0.00428762
0.00428762
0.00428762
0.00428762
0.00428762
0.00428762
0.00428762
0.00428762
0.00428762
0.00428762
0.00428188
0.00428188
0.00428188
0.00428188
0.00428188
0.00428188
0.00428188
0.00428188
0.00428188
0.00428188
0.00428188
0.00428188
0.00428188
0.00428188
0.00428188
0.00428188
0.00428188
0.00428188
0.00428188
0.00428188
0.00428374
0.00428374
0.00428374
0.00428374
0.00428374
0.00428374
0.00428374
0.00428374
0.00428374
0.00428374
0.00428374
0.00428374
0.00428374
0.00428374
0.00428374
0.00428374
0.00428374
0.00428374
0.00428374
0.00428374
0.00428489
0.00428489
0.00428489
0.00428489
0.00428489
0.00428489
0.00428489
0.00428489
0.00428489
0.00428489
0.00428489
0.00428489
0.00428489
0.00428489
0.00428489
0.00428489
0.00428489
0.00428489
0.00428489
0.00428489
0.00427951
0.00427951
0.00427951
0.00427951
0.00427951
0.0042795
0.0042795
0.0042795
0.0042795
0.0042795
0.0042795
0.0042795
0.0042795
0.0042795
0.0042795
0.0042795
0.0042795
0.0042795
0.0042795
0.0042795
0.0042636
0.0042636
0.0042636
0.0042636
0.0042636
0.0042636
0.0042636
0.0042636
0.0042636
0.0042636
0.0042636
0.0042636
0.0042636
0.0042636
0.0042636
0.0042636
0.0042636
0.0042636
0.0042636
0.0042636
0.00423455
0.00423455
0.00423455
0.00423455
0.00423455
0.00423455
0.00423455
0.00423455
0.00423455
0.00423455
0.00423455
0.00423455
0.00423455
0.00423455
0.00423455
0.00423455
0.00423455
0.00423455
0.00423455
0.00423455
0.00419071
0.00419071
0.00419071
0.00419071
0.00419071
0.00419071
0.0041907
0.0041907
0.0041907
0.0041907
0.0041907
0.0041907
0.0041907
0.0041907
0.0041907
0.0041907
0.0041907
0.0041907
0.0041907
0.0041907
0.00413118
0.00413118
0.00413118
0.00413118
0.00413118
0.00413118
0.00413118
0.00413118
0.00413118
0.00413118
0.00413118
0.00413118
0.00413117
0.00413117
0.00413117
0.00413117
0.00413117
0.00413117
0.00413117
0.00413117
0.00405565
0.00405565
0.00405565
0.00405565
0.00405565
0.00405565
0.00405564
0.00405564
0.00405564
0.00405564
0.00405564
0.00405564
0.00405564
0.00405564
0.00405564
0.00405564
0.00405564
0.00405564
0.00405564
0.00405564
0.00396424
0.00396424
0.00396424
0.00396424
0.00396424
0.00396424
0.00396424
0.00396424
0.00396424
0.00396424
0.00396424
0.00396424
0.00396424
0.00396424
0.00396424
0.00396424
0.00396424
0.00396424
0.00396424
0.00396424
0.00385744
0.00385744
0.00385744
0.00385744
0.00385744
0.00385744
0.00385744
0.00385744
0.00385744
0.00385744
0.00385744
0.00385744
0.00385744
0.00385744
0.00385744
0.00385744
0.00385744
0.00385744
0.00385744
0.00385744
0.00373601
0.00373601
0.00373601
0.00373601
0.00373601
0.00373601
0.00373601
0.00373601
0.00373601
0.00373601
0.00373601
0.00373601
0.00373601
0.00373601
0.00373601
0.00373601
0.00373601
0.00373601
0.00373601
0.00373601
0.00360096
0.00360096
0.00360096
0.00360096
0.00360096
0.00360096
0.00360096
0.00360096
0.00360096
0.00360096
0.00360096
0.00360096
0.00360096
0.00360095
0.00360095
0.00360095
0.00360095
0.00360095
0.00360095
0.00360096
0.00345346
0.00345346
0.00345346
0.00345346
0.00345346
0.00345346
0.00345346
0.00345346
0.00345346
0.00345346
0.00345346
0.00345346
0.00345346
0.00345346
0.00345346
0.00345346
0.00345346
0.00345346
0.00345346
0.00345346
0.00329487
0.00329487
0.00329487
0.00329487
0.00329487
0.00329487
0.00329487
0.00329487
0.00329487
0.00329487
0.00329487
0.00329487
0.00329487
0.00329487
0.00329487
0.00329487
0.00329487
0.00329487
0.00329487
0.00329487
0.00312667
0.00312667
0.00312667
0.00312667
0.00312667
0.00312667
0.00312667
0.00312667
0.00312667
0.00312667
0.00312667
0.00312667
0.00312667
0.00312667
0.00312667
0.00312667
0.00312667
0.00312667
0.00312667
0.00312667
0.00295047
0.00295047
0.00295047
0.00295047
0.00295047
0.00295047
0.00295047
0.00295047
0.00295047
0.00295047
0.00295047
0.00295047
0.00295047
0.00295047
0.00295047
0.00295047
0.00295047
0.00295047
0.00295047
0.00295047
0.00276794
0.00276794
0.00276794
0.00276794
0.00276794
0.00276794
0.00276794
0.00276794
0.00276794
0.00276794
0.00276794
0.00276794
0.00276794
0.00276794
0.00276794
0.00276794
0.00276794
0.00276794
0.00276794
0.00276794
0.00258084
0.00258084
0.00258084
0.00258084
0.00258084
0.00258084
0.00258084
0.00258084
0.00258084
0.00258084
0.00258084
0.00258084
0.00258084
0.00258084
0.00258084
0.00258084
0.00258084
0.00258084
0.00258084
0.00258084
0.00239097
0.00239097
0.00239097
0.00239097
0.00239097
0.00239097
0.00239097
0.00239097
0.00239097
0.00239097
0.00239097
0.00239097
0.00239097
0.00239097
0.00239097
0.00239097
0.00239097
0.00239097
0.00239097
0.00239097
0.00220015
0.00220015
0.00220015
0.00220015
0.00220015
0.00220015
0.00220015
0.00220015
0.00220015
0.00220015
0.00220015
0.00220015
0.00220015
0.00220015
0.00220015
0.00220015
0.00220015
0.00220015
0.00220015
0.00220015
0.00201021
0.00201021
0.00201021
0.00201021
0.00201021
0.00201021
0.00201021
0.00201021
0.00201021
0.00201021
0.00201021
0.00201021
0.00201021
0.00201021
0.00201021
0.00201021
0.00201021
0.00201021
0.00201021
0.00201021
0.00182295
0.00182295
0.00182295
0.00182295
0.00182295
0.00182295
0.00182295
0.00182295
0.00182295
0.00182295
0.00182295
0.00182295
0.00182295
0.00182295
0.00182295
0.00182295
0.00182295
0.00182295
0.00182295
0.00182295
0.00164013
0.00164013
0.00164013
0.00164013
0.00164013
0.00164013
0.00164013
0.00164013
0.00164013
0.00164013
0.00164013
0.00164013
0.00164013
0.00164013
0.00164013
0.00164013
0.00164013
0.00164013
0.00164013
0.00164013
0.00146338
0.00146338
0.00146338
0.00146338
0.00146338
0.00146338
0.00146338
0.00146338
0.00146338
0.00146338
0.00146338
0.00146338
0.00146338
0.00146338
0.00146338
0.00146338
0.00146338
0.00146338
0.00146338
0.00146338
0.00129424
0.00129424
0.00129424
0.00129424
0.00129424
0.00129424
0.00129424
0.00129424
0.00129424
0.00129424
0.00129424
0.00129424
0.00129424
0.00129424
0.00129424
0.00129424
0.00129424
0.00129424
0.00129424
0.00129424
0.00113406
0.00113406
0.00113406
0.00113406
0.00113406
0.00113406
0.00113406
0.00113406
0.00113406
0.00113406
0.00113406
0.00113406
0.00113406
0.00113406
0.00113406
0.00113406
0.00113406
0.00113406
0.00113406
0.00113406
0.000983937
0.000983937
0.000983937
0.000983937
0.000983937
0.000983938
0.000983938
0.000983938
0.000983938
0.000983938
0.000983938
0.000983938
0.000983938
0.000983938
0.000983938
0.000983938
0.000983938
0.000983938
0.000983938
0.000983938
0.000844689
0.000844689
0.000844689
0.000844689
0.000844689
0.000844689
0.000844689
0.000844689
0.000844689
0.000844689
0.000844689
0.000844689
0.000844689
0.000844689
0.000844689
0.000844689
0.000844689
0.000844689
0.000844689
0.000844689
0.000716747
0.000716747
0.000716747
0.000716747
0.000716747
0.000716747
0.000716747
0.000716747
0.000716747
0.000716747
0.000716747
0.000716747
0.000716747
0.000716747
0.000716747
0.000716747
0.000716747
0.000716747
0.000716747
0.000716747
0.000600104
0.000600104
0.000600104
0.000600104
0.000600104
0.000600104
0.000600104
0.000600104
0.000600104
0.000600104
0.000600104
0.000600104
0.000600104
0.000600104
0.000600104
0.000600104
0.000600104
0.000600104
0.000600104
0.000600104
0.000494262
0.000494262
0.000494262
0.000494262
0.000494262
0.000494262
0.000494262
0.000494262
0.000494262
0.000494262
0.000494262
0.000494262
0.000494262
0.000494262
0.000494262
0.000494262
0.000494262
0.000494262
0.000494262
0.000494262
0.000398236
0.000398236
0.000398236
0.000398236
0.000398236
0.000398236
0.000398236
0.000398236
0.000398236
0.000398236
0.000398236
0.000398236
0.000398236
0.000398236
0.000398236
0.000398236
0.000398236
0.000398236
0.000398236
0.000398236
0.000310631
0.000310631
0.000310631
0.000310631
0.000310631
0.000310631
0.000310631
0.000310631
0.000310631
0.000310631
0.000310631
0.000310631
0.000310631
0.000310631
0.000310631
0.000310631
0.000310631
0.000310631
0.000310631
0.000310631
0.000229797
0.000229797
0.000229797
0.000229797
0.000229797
0.000229797
0.000229797
0.000229797
0.000229797
0.000229797
0.000229797
0.000229797
0.000229797
0.000229797
0.000229797
0.000229797
0.000229797
0.000229797
0.000229797
0.000229797
0.000154056
0.000154056
0.000154056
0.000154056
0.000154056
0.000154056
0.000154056
0.000154056
0.000154056
0.000154056
0.000154056
0.000154056
0.000154056
0.000154056
0.000154056
0.000154056
0.000154056
0.000154056
0.000154056
0.000154056
8.20721e-05
8.20721e-05
8.20721e-05
8.20721e-05
8.20721e-05
8.20721e-05
8.20721e-05
8.20721e-05
8.20721e-05
8.20721e-05
8.20721e-05
8.20721e-05
8.2072e-05
8.2072e-05
8.2072e-05
8.2072e-05
8.2072e-05
8.2072e-05
8.2072e-05
8.2072e-05
1.92411e-05
1.92411e-05
1.92411e-05
1.92411e-05
1.92411e-05
1.92411e-05
1.92411e-05
1.92411e-05
1.92411e-05
1.92411e-05
1.92411e-05
1.92411e-05
1.92411e-05
1.92411e-05
1.92411e-05
1.92411e-05
1.92411e-05
1.92411e-05
1.92411e-05
1.92411e-05
9.02995e-07
9.02996e-07
9.02996e-07
9.02995e-07
9.02995e-07
9.02995e-07
9.02995e-07
9.02994e-07
9.02994e-07
9.02994e-07
9.02994e-07
9.02993e-07
9.02993e-07
9.02993e-07
9.02993e-07
9.02992e-07
9.02992e-07
9.02992e-07
9.02992e-07
9.0299e-07
2.66243e-07
2.66243e-07
2.66243e-07
2.66243e-07
2.66243e-07
2.66243e-07
2.66243e-07
2.66243e-07
2.66243e-07
2.66243e-07
2.66243e-07
2.66243e-07
2.66243e-07
2.66243e-07
2.66243e-07
2.66243e-07
2.66243e-07
2.66243e-07
2.66243e-07
2.66243e-07
2.62951e-07
2.62951e-07
2.62951e-07
2.62951e-07
2.62951e-07
2.62951e-07
2.62951e-07
2.62951e-07
2.62951e-07
2.62951e-07
2.62951e-07
2.62951e-07
2.62951e-07
2.62951e-07
2.62951e-07
2.62951e-07
2.62951e-07
2.62951e-07
2.62951e-07
2.62951e-07
2.62937e-07
2.62937e-07
2.62937e-07
2.62937e-07
2.62937e-07
2.62937e-07
2.62937e-07
2.62937e-07
2.62937e-07
2.62937e-07
2.62937e-07
2.62937e-07
2.62937e-07
2.62937e-07
2.62937e-07
2.62937e-07
2.62937e-07
2.62937e-07
2.62937e-07
2.62937e-07
)
;

boundaryField
{
    freeStream
    {
        type            symmetry;
    }
    bottomWall
    {
        type            fixedValue;
        value           uniform 1e-10;
    }
    left
    {
        type            cyclic;
    }
    right
    {
        type            cyclic;
    }
    frontAndBack
    {
        type            empty;
    }
}


// ************************************************************************* //
