/*--------------------------------*- C++ -*----------------------------------*\
  =========                 |
  \\      /  F ield         | OpenFOAM: The Open Source CFD Toolbox
   \\    /   O peration     | Website:  https://openfoam.org
    \\  /    A nd           | Version:  6
     \\/     M anipulation  |
\*---------------------------------------------------------------------------*/
FoamFile
{
    version     2.0;
    format      ascii;
    class       volScalarField;
    location    "19.44";
    object      nut;
}
// * * * * * * * * * * * * * * * * * * * * * * * * * * * * * * * * * * * * * //

dimensions      [0 2 -1 0 0 0 0];

internalField   nonuniform List<scalar> 
3240
(
1.8525e-07
1.8525e-07
1.8525e-07
1.8525e-07
1.8525e-07
1.8525e-07
1.8525e-07
1.8525e-07
1.8525e-07
1.8525e-07
1.8525e-07
1.8525e-07
1.8525e-07
1.8525e-07
1.8525e-07
1.8525e-07
1.8525e-07
1.8525e-07
1.8525e-07
1.8525e-07
4.85488e-07
4.85488e-07
4.85488e-07
4.85488e-07
4.85488e-07
4.85488e-07
4.85488e-07
4.85488e-07
4.85488e-07
4.85488e-07
4.85488e-07
4.85488e-07
4.85488e-07
4.85488e-07
4.85488e-07
4.85488e-07
4.85488e-07
4.85488e-07
4.85488e-07
4.85488e-07
7.45724e-07
7.45724e-07
7.45725e-07
7.45725e-07
7.45725e-07
7.45725e-07
7.45725e-07
7.45725e-07
7.45725e-07
7.45725e-07
7.45725e-07
7.45725e-07
7.45725e-07
7.45725e-07
7.45725e-07
7.45725e-07
7.45725e-07
7.45725e-07
7.45725e-07
7.45725e-07
9.82146e-07
9.82146e-07
9.82146e-07
9.82146e-07
9.82146e-07
9.82146e-07
9.82146e-07
9.82146e-07
9.82146e-07
9.82146e-07
9.82146e-07
9.82146e-07
9.82146e-07
9.82146e-07
9.82146e-07
9.82146e-07
9.82146e-07
9.82146e-07
9.82146e-07
9.82146e-07
1.20288e-06
1.20288e-06
1.20288e-06
1.20288e-06
1.20288e-06
1.20288e-06
1.20288e-06
1.20288e-06
1.20288e-06
1.20288e-06
1.20289e-06
1.20289e-06
1.20289e-06
1.20289e-06
1.20289e-06
1.20289e-06
1.20289e-06
1.20289e-06
1.20289e-06
1.20289e-06
1.41265e-06
1.41265e-06
1.41265e-06
1.41265e-06
1.41265e-06
1.41265e-06
1.41265e-06
1.41265e-06
1.41265e-06
1.41265e-06
1.41265e-06
1.41265e-06
1.41265e-06
1.41265e-06
1.41265e-06
1.41265e-06
1.41265e-06
1.41265e-06
1.41265e-06
1.41265e-06
1.6144e-06
1.6144e-06
1.6144e-06
1.6144e-06
1.6144e-06
1.6144e-06
1.6144e-06
1.6144e-06
1.6144e-06
1.6144e-06
1.6144e-06
1.6144e-06
1.6144e-06
1.6144e-06
1.6144e-06
1.6144e-06
1.6144e-06
1.6144e-06
1.6144e-06
1.6144e-06
1.81015e-06
1.81015e-06
1.81015e-06
1.81015e-06
1.81015e-06
1.81015e-06
1.81015e-06
1.81015e-06
1.81015e-06
1.81015e-06
1.81015e-06
1.81015e-06
1.81015e-06
1.81015e-06
1.81015e-06
1.81015e-06
1.81015e-06
1.81015e-06
1.81015e-06
1.81015e-06
2.00129e-06
2.00129e-06
2.00129e-06
2.00129e-06
2.00129e-06
2.00129e-06
2.00129e-06
2.00129e-06
2.00129e-06
2.00129e-06
2.00129e-06
2.00129e-06
2.00129e-06
2.00129e-06
2.00129e-06
2.00129e-06
2.00129e-06
2.00129e-06
2.00129e-06
2.00129e-06
2.18883e-06
2.18883e-06
2.18883e-06
2.18883e-06
2.18883e-06
2.18883e-06
2.18883e-06
2.18883e-06
2.18883e-06
2.18883e-06
2.18883e-06
2.18883e-06
2.18883e-06
2.18883e-06
2.18883e-06
2.18883e-06
2.18883e-06
2.18883e-06
2.18883e-06
2.18883e-06
2.37354e-06
2.37354e-06
2.37354e-06
2.37354e-06
2.37354e-06
2.37354e-06
2.37354e-06
2.37354e-06
2.37354e-06
2.37354e-06
2.37354e-06
2.37354e-06
2.37354e-06
2.37354e-06
2.37354e-06
2.37354e-06
2.37354e-06
2.37354e-06
2.37354e-06
2.37354e-06
2.55599e-06
2.55599e-06
2.55599e-06
2.55599e-06
2.55599e-06
2.55599e-06
2.55599e-06
2.55599e-06
2.55599e-06
2.55599e-06
2.55599e-06
2.55599e-06
2.55599e-06
2.55599e-06
2.55599e-06
2.55599e-06
2.55599e-06
2.55599e-06
2.55599e-06
2.55599e-06
2.79308e-06
2.79308e-06
2.79308e-06
2.79308e-06
2.79308e-06
2.79308e-06
2.79308e-06
2.79308e-06
2.79308e-06
2.79308e-06
2.79308e-06
2.79308e-06
2.79308e-06
2.79308e-06
2.79308e-06
2.79308e-06
2.79308e-06
2.79308e-06
2.79308e-06
2.79308e-06
3.08768e-06
3.08768e-06
3.08768e-06
3.08768e-06
3.08768e-06
3.08768e-06
3.08768e-06
3.08768e-06
3.08768e-06
3.08768e-06
3.08768e-06
3.08768e-06
3.08768e-06
3.08768e-06
3.08768e-06
3.08768e-06
3.08768e-06
3.08768e-06
3.08768e-06
3.08768e-06
3.39811e-06
3.39811e-06
3.39811e-06
3.39811e-06
3.39811e-06
3.39811e-06
3.39811e-06
3.39811e-06
3.39811e-06
3.39811e-06
3.39811e-06
3.39811e-06
3.39811e-06
3.39811e-06
3.39811e-06
3.39811e-06
3.39811e-06
3.39811e-06
3.39811e-06
3.39811e-06
3.72602e-06
3.72602e-06
3.72602e-06
3.72602e-06
3.72602e-06
3.72602e-06
3.72602e-06
3.72602e-06
3.72602e-06
3.72602e-06
3.72602e-06
3.72602e-06
3.72602e-06
3.72602e-06
3.72602e-06
3.72602e-06
3.72602e-06
3.72602e-06
3.72602e-06
3.72602e-06
4.07309e-06
4.07309e-06
4.07309e-06
4.07309e-06
4.07309e-06
4.07309e-06
4.07309e-06
4.07309e-06
4.07309e-06
4.07309e-06
4.07309e-06
4.07309e-06
4.07309e-06
4.07309e-06
4.07309e-06
4.07309e-06
4.07309e-06
4.07309e-06
4.07309e-06
4.07309e-06
4.44101e-06
4.44101e-06
4.44101e-06
4.44101e-06
4.44101e-06
4.44101e-06
4.44101e-06
4.44101e-06
4.44101e-06
4.44101e-06
4.44101e-06
4.44101e-06
4.44101e-06
4.44101e-06
4.44101e-06
4.44101e-06
4.44101e-06
4.44101e-06
4.44101e-06
4.44101e-06
4.83156e-06
4.83156e-06
4.83156e-06
4.83156e-06
4.83156e-06
4.83156e-06
4.83156e-06
4.83156e-06
4.83156e-06
4.83156e-06
4.83156e-06
4.83156e-06
4.83156e-06
4.83157e-06
4.83157e-06
4.83157e-06
4.83157e-06
4.83157e-06
4.83157e-06
4.83157e-06
5.24657e-06
5.24657e-06
5.24657e-06
5.24657e-06
5.24657e-06
5.24657e-06
5.24657e-06
5.24657e-06
5.24657e-06
5.24657e-06
5.24657e-06
5.24657e-06
5.24657e-06
5.24657e-06
5.24657e-06
5.24657e-06
5.24657e-06
5.24657e-06
5.24657e-06
5.24657e-06
5.68793e-06
5.68793e-06
5.68793e-06
5.68793e-06
5.68793e-06
5.68793e-06
5.68793e-06
5.68793e-06
5.68793e-06
5.68793e-06
5.68793e-06
5.68793e-06
5.68793e-06
5.68793e-06
5.68793e-06
5.68793e-06
5.68793e-06
5.68793e-06
5.68793e-06
5.68793e-06
6.15763e-06
6.15763e-06
6.15763e-06
6.15763e-06
6.15763e-06
6.15763e-06
6.15763e-06
6.15763e-06
6.15763e-06
6.15763e-06
6.15763e-06
6.15763e-06
6.15763e-06
6.15763e-06
6.15763e-06
6.15763e-06
6.15763e-06
6.15763e-06
6.15763e-06
6.15763e-06
6.65774e-06
6.65774e-06
6.65774e-06
6.65774e-06
6.65774e-06
6.65774e-06
6.65774e-06
6.65774e-06
6.65774e-06
6.65774e-06
6.65774e-06
6.65774e-06
6.65774e-06
6.65774e-06
6.65774e-06
6.65774e-06
6.65774e-06
6.65774e-06
6.65774e-06
6.65774e-06
7.19044e-06
7.19044e-06
7.19044e-06
7.19044e-06
7.19044e-06
7.19044e-06
7.19044e-06
7.19044e-06
7.19044e-06
7.19044e-06
7.19044e-06
7.19044e-06
7.19044e-06
7.19044e-06
7.19044e-06
7.19044e-06
7.19044e-06
7.19044e-06
7.19044e-06
7.19044e-06
7.75801e-06
7.75801e-06
7.75801e-06
7.75801e-06
7.75801e-06
7.75801e-06
7.75801e-06
7.75801e-06
7.75801e-06
7.75801e-06
7.75801e-06
7.75801e-06
7.75801e-06
7.75801e-06
7.75801e-06
7.75801e-06
7.75801e-06
7.75801e-06
7.75801e-06
7.75801e-06
8.36285e-06
8.36285e-06
8.36285e-06
8.36285e-06
8.36285e-06
8.36285e-06
8.36285e-06
8.36285e-06
8.36285e-06
8.36285e-06
8.36285e-06
8.36285e-06
8.36285e-06
8.36285e-06
8.36285e-06
8.36285e-06
8.36285e-06
8.36285e-06
8.36285e-06
8.36285e-06
9.00748e-06
9.00748e-06
9.00748e-06
9.00748e-06
9.00748e-06
9.00748e-06
9.00748e-06
9.00748e-06
9.00748e-06
9.00748e-06
9.00748e-06
9.00748e-06
9.00748e-06
9.00748e-06
9.00748e-06
9.00748e-06
9.00748e-06
9.00748e-06
9.00748e-06
9.00748e-06
9.69456e-06
9.69456e-06
9.69456e-06
9.69456e-06
9.69456e-06
9.69456e-06
9.69456e-06
9.69456e-06
9.69456e-06
9.69456e-06
9.69456e-06
9.69456e-06
9.69456e-06
9.69456e-06
9.69456e-06
9.69456e-06
9.69456e-06
9.69456e-06
9.69456e-06
9.69456e-06
1.04269e-05
1.04269e-05
1.04269e-05
1.04269e-05
1.04269e-05
1.04269e-05
1.04269e-05
1.04269e-05
1.04269e-05
1.04269e-05
1.04269e-05
1.04269e-05
1.04269e-05
1.04269e-05
1.04269e-05
1.04269e-05
1.04269e-05
1.04269e-05
1.04269e-05
1.04269e-05
1.12075e-05
1.12075e-05
1.12075e-05
1.12075e-05
1.12075e-05
1.12075e-05
1.12075e-05
1.12075e-05
1.12075e-05
1.12075e-05
1.12075e-05
1.12075e-05
1.12075e-05
1.12075e-05
1.12075e-05
1.12075e-05
1.12075e-05
1.12075e-05
1.12075e-05
1.12075e-05
1.20394e-05
1.20394e-05
1.20394e-05
1.20394e-05
1.20394e-05
1.20394e-05
1.20394e-05
1.20394e-05
1.20394e-05
1.20394e-05
1.20394e-05
1.20394e-05
1.20394e-05
1.20394e-05
1.20394e-05
1.20394e-05
1.20394e-05
1.20394e-05
1.20394e-05
1.20394e-05
1.29259e-05
1.29259e-05
1.29259e-05
1.29259e-05
1.29259e-05
1.29259e-05
1.29259e-05
1.29259e-05
1.29259e-05
1.29259e-05
1.29259e-05
1.29259e-05
1.29259e-05
1.29259e-05
1.29259e-05
1.29259e-05
1.29259e-05
1.29259e-05
1.29259e-05
1.29259e-05
1.38706e-05
1.38706e-05
1.38706e-05
1.38706e-05
1.38706e-05
1.38706e-05
1.38706e-05
1.38706e-05
1.38706e-05
1.38706e-05
1.38706e-05
1.38706e-05
1.38706e-05
1.38706e-05
1.38706e-05
1.38706e-05
1.38706e-05
1.38706e-05
1.38706e-05
1.38706e-05
1.48771e-05
1.48771e-05
1.48771e-05
1.48771e-05
1.48771e-05
1.48771e-05
1.48771e-05
1.48771e-05
1.48771e-05
1.48771e-05
1.48771e-05
1.48771e-05
1.48771e-05
1.48771e-05
1.48771e-05
1.48771e-05
1.48771e-05
1.48771e-05
1.48771e-05
1.48771e-05
1.59493e-05
1.59493e-05
1.59493e-05
1.59493e-05
1.59493e-05
1.59493e-05
1.59493e-05
1.59493e-05
1.59493e-05
1.59493e-05
1.59493e-05
1.59493e-05
1.59493e-05
1.59493e-05
1.59493e-05
1.59493e-05
1.59493e-05
1.59493e-05
1.59493e-05
1.59493e-05
1.70913e-05
1.70913e-05
1.70913e-05
1.70913e-05
1.70913e-05
1.70913e-05
1.70913e-05
1.70913e-05
1.70913e-05
1.70913e-05
1.70913e-05
1.70913e-05
1.70913e-05
1.70913e-05
1.70913e-05
1.70913e-05
1.70913e-05
1.70913e-05
1.70913e-05
1.70913e-05
1.83074e-05
1.83074e-05
1.83074e-05
1.83074e-05
1.83074e-05
1.83074e-05
1.83074e-05
1.83074e-05
1.83074e-05
1.83074e-05
1.83074e-05
1.83074e-05
1.83074e-05
1.83074e-05
1.83074e-05
1.83074e-05
1.83074e-05
1.83074e-05
1.83074e-05
1.83074e-05
1.96023e-05
1.96023e-05
1.96023e-05
1.96023e-05
1.96023e-05
1.96023e-05
1.96023e-05
1.96023e-05
1.96023e-05
1.96023e-05
1.96023e-05
1.96023e-05
1.96023e-05
1.96023e-05
1.96023e-05
1.96023e-05
1.96023e-05
1.96023e-05
1.96023e-05
1.96023e-05
2.09808e-05
2.09808e-05
2.09808e-05
2.09808e-05
2.09808e-05
2.09808e-05
2.09808e-05
2.09808e-05
2.09808e-05
2.09808e-05
2.09808e-05
2.09808e-05
2.09808e-05
2.09808e-05
2.09808e-05
2.09808e-05
2.09808e-05
2.09808e-05
2.09808e-05
2.09808e-05
2.24479e-05
2.24479e-05
2.24479e-05
2.24479e-05
2.24479e-05
2.24479e-05
2.24479e-05
2.24479e-05
2.24479e-05
2.24479e-05
2.24479e-05
2.24479e-05
2.24479e-05
2.24479e-05
2.24479e-05
2.24479e-05
2.24479e-05
2.24479e-05
2.24479e-05
2.24479e-05
2.40092e-05
2.40092e-05
2.40092e-05
2.40092e-05
2.40092e-05
2.40092e-05
2.40092e-05
2.40092e-05
2.40092e-05
2.40092e-05
2.40092e-05
2.40092e-05
2.40092e-05
2.40092e-05
2.40092e-05
2.40092e-05
2.40092e-05
2.40092e-05
2.40092e-05
2.40092e-05
2.56703e-05
2.56703e-05
2.56703e-05
2.56703e-05
2.56703e-05
2.56703e-05
2.56703e-05
2.56703e-05
2.56703e-05
2.56703e-05
2.56703e-05
2.56703e-05
2.56703e-05
2.56703e-05
2.56703e-05
2.56703e-05
2.56703e-05
2.56703e-05
2.56703e-05
2.56703e-05
2.74372e-05
2.74372e-05
2.74372e-05
2.74372e-05
2.74372e-05
2.74372e-05
2.74372e-05
2.74372e-05
2.74372e-05
2.74372e-05
2.74372e-05
2.74372e-05
2.74372e-05
2.74372e-05
2.74372e-05
2.74372e-05
2.74372e-05
2.74372e-05
2.74372e-05
2.74372e-05
2.93163e-05
2.93163e-05
2.93163e-05
2.93163e-05
2.93163e-05
2.93163e-05
2.93163e-05
2.93163e-05
2.93163e-05
2.93163e-05
2.93163e-05
2.93163e-05
2.93163e-05
2.93163e-05
2.93163e-05
2.93163e-05
2.93163e-05
2.93163e-05
2.93163e-05
2.93163e-05
3.13142e-05
3.13142e-05
3.13142e-05
3.13142e-05
3.13142e-05
3.13142e-05
3.13142e-05
3.13142e-05
3.13142e-05
3.13142e-05
3.13142e-05
3.13142e-05
3.13142e-05
3.13142e-05
3.13142e-05
3.13142e-05
3.13142e-05
3.13142e-05
3.13142e-05
3.13142e-05
3.34379e-05
3.34379e-05
3.34379e-05
3.34379e-05
3.34379e-05
3.34379e-05
3.34379e-05
3.34379e-05
3.34379e-05
3.34379e-05
3.34379e-05
3.34379e-05
3.34379e-05
3.34379e-05
3.34379e-05
3.34379e-05
3.34379e-05
3.34379e-05
3.34379e-05
3.34379e-05
3.56949e-05
3.56949e-05
3.56949e-05
3.56949e-05
3.56949e-05
3.56949e-05
3.56949e-05
3.56949e-05
3.56949e-05
3.56949e-05
3.56949e-05
3.56949e-05
3.56949e-05
3.56949e-05
3.56949e-05
3.56949e-05
3.56949e-05
3.56949e-05
3.56949e-05
3.56949e-05
3.8093e-05
3.8093e-05
3.8093e-05
3.8093e-05
3.8093e-05
3.8093e-05
3.8093e-05
3.8093e-05
3.8093e-05
3.8093e-05
3.8093e-05
3.8093e-05
3.8093e-05
3.8093e-05
3.8093e-05
3.8093e-05
3.8093e-05
3.8093e-05
3.8093e-05
3.8093e-05
4.06403e-05
4.06403e-05
4.06403e-05
4.06403e-05
4.06403e-05
4.06403e-05
4.06403e-05
4.06403e-05
4.06403e-05
4.06403e-05
4.06403e-05
4.06403e-05
4.06403e-05
4.06403e-05
4.06403e-05
4.06403e-05
4.06403e-05
4.06403e-05
4.06403e-05
4.06403e-05
4.33453e-05
4.33453e-05
4.33453e-05
4.33453e-05
4.33453e-05
4.33453e-05
4.33453e-05
4.33453e-05
4.33453e-05
4.33453e-05
4.33453e-05
4.33453e-05
4.33453e-05
4.33453e-05
4.33453e-05
4.33453e-05
4.33453e-05
4.33453e-05
4.33453e-05
4.33453e-05
4.62171e-05
4.62171e-05
4.62171e-05
4.62171e-05
4.62171e-05
4.62171e-05
4.62171e-05
4.62171e-05
4.62171e-05
4.62171e-05
4.62171e-05
4.62171e-05
4.62171e-05
4.62171e-05
4.62171e-05
4.62171e-05
4.62171e-05
4.62171e-05
4.62171e-05
4.62171e-05
4.92651e-05
4.92651e-05
4.92651e-05
4.92651e-05
4.92651e-05
4.92651e-05
4.92651e-05
4.92651e-05
4.92651e-05
4.92651e-05
4.92651e-05
4.92651e-05
4.92651e-05
4.92651e-05
4.92651e-05
4.92651e-05
4.92651e-05
4.92651e-05
4.92651e-05
4.92651e-05
5.24991e-05
5.24991e-05
5.24991e-05
5.24991e-05
5.24991e-05
5.24991e-05
5.24991e-05
5.24991e-05
5.24991e-05
5.24991e-05
5.24991e-05
5.24991e-05
5.24991e-05
5.24991e-05
5.24991e-05
5.24991e-05
5.24991e-05
5.24991e-05
5.24991e-05
5.24991e-05
5.59294e-05
5.59294e-05
5.59294e-05
5.59294e-05
5.59294e-05
5.59294e-05
5.59294e-05
5.59294e-05
5.59294e-05
5.59294e-05
5.59294e-05
5.59294e-05
5.59294e-05
5.59294e-05
5.59294e-05
5.59294e-05
5.59294e-05
5.59294e-05
5.59294e-05
5.59294e-05
5.95668e-05
5.95668e-05
5.95668e-05
5.95668e-05
5.95668e-05
5.95668e-05
5.95668e-05
5.95668e-05
5.95668e-05
5.95668e-05
5.95668e-05
5.95668e-05
5.95668e-05
5.95668e-05
5.95668e-05
5.95668e-05
5.95668e-05
5.95668e-05
5.95668e-05
5.95668e-05
6.34224e-05
6.34224e-05
6.34224e-05
6.34224e-05
6.34224e-05
6.34224e-05
6.34224e-05
6.34224e-05
6.34224e-05
6.34224e-05
6.34224e-05
6.34224e-05
6.34224e-05
6.34224e-05
6.34224e-05
6.34224e-05
6.34224e-05
6.34224e-05
6.34224e-05
6.34224e-05
6.75077e-05
6.75077e-05
6.75077e-05
6.75078e-05
6.75078e-05
6.75078e-05
6.75078e-05
6.75078e-05
6.75078e-05
6.75078e-05
6.75078e-05
6.75078e-05
6.75078e-05
6.75078e-05
6.75078e-05
6.75078e-05
6.75078e-05
6.75077e-05
6.75077e-05
6.75077e-05
7.1835e-05
7.1835e-05
7.1835e-05
7.1835e-05
7.1835e-05
7.1835e-05
7.1835e-05
7.1835e-05
7.1835e-05
7.1835e-05
7.1835e-05
7.1835e-05
7.1835e-05
7.1835e-05
7.1835e-05
7.1835e-05
7.1835e-05
7.1835e-05
7.1835e-05
7.1835e-05
7.64166e-05
7.64166e-05
7.64166e-05
7.64166e-05
7.64166e-05
7.64166e-05
7.64166e-05
7.64166e-05
7.64166e-05
7.64166e-05
7.64166e-05
7.64166e-05
7.64166e-05
7.64166e-05
7.64166e-05
7.64166e-05
7.64166e-05
7.64166e-05
7.64166e-05
7.64166e-05
8.12655e-05
8.12655e-05
8.12655e-05
8.12655e-05
8.12655e-05
8.12655e-05
8.12655e-05
8.12655e-05
8.12655e-05
8.12655e-05
8.12655e-05
8.12655e-05
8.12655e-05
8.12655e-05
8.12655e-05
8.12655e-05
8.12655e-05
8.12655e-05
8.12655e-05
8.12655e-05
8.63949e-05
8.63949e-05
8.63949e-05
8.63949e-05
8.63949e-05
8.63949e-05
8.63949e-05
8.63949e-05
8.63949e-05
8.63949e-05
8.63949e-05
8.63949e-05
8.63949e-05
8.63949e-05
8.63949e-05
8.63949e-05
8.63949e-05
8.63949e-05
8.63949e-05
8.63949e-05
9.18185e-05
9.18185e-05
9.18185e-05
9.18185e-05
9.18185e-05
9.18185e-05
9.18185e-05
9.18185e-05
9.18185e-05
9.18185e-05
9.18185e-05
9.18185e-05
9.18185e-05
9.18185e-05
9.18185e-05
9.18185e-05
9.18185e-05
9.18185e-05
9.18185e-05
9.18185e-05
9.75503e-05
9.75503e-05
9.75503e-05
9.75503e-05
9.75503e-05
9.75503e-05
9.75503e-05
9.75503e-05
9.75503e-05
9.75503e-05
9.75503e-05
9.75503e-05
9.75503e-05
9.75503e-05
9.75503e-05
9.75503e-05
9.75503e-05
9.75503e-05
9.75503e-05
9.75503e-05
0.000103604
0.000103604
0.000103604
0.000103604
0.000103604
0.000103604
0.000103604
0.000103604
0.000103604
0.000103604
0.000103604
0.000103604
0.000103604
0.000103604
0.000103604
0.000103604
0.000103604
0.000103604
0.000103604
0.000103604
0.000109996
0.000109996
0.000109996
0.000109996
0.000109996
0.000109996
0.000109996
0.000109996
0.000109996
0.000109996
0.000109996
0.000109996
0.000109996
0.000109996
0.000109996
0.000109996
0.000109996
0.000109996
0.000109996
0.000109996
0.000116738
0.000116738
0.000116738
0.000116738
0.000116738
0.000116738
0.000116738
0.000116738
0.000116738
0.000116738
0.000116738
0.000116738
0.000116738
0.000116738
0.000116738
0.000116738
0.000116738
0.000116738
0.000116738
0.000116738
0.000123847
0.000123847
0.000123847
0.000123847
0.000123847
0.000123847
0.000123847
0.000123847
0.000123847
0.000123847
0.000123847
0.000123847
0.000123847
0.000123847
0.000123847
0.000123847
0.000123847
0.000123847
0.000123847
0.000123847
0.000131338
0.000131338
0.000131338
0.000131338
0.000131338
0.000131338
0.000131338
0.000131338
0.000131338
0.000131338
0.000131338
0.000131338
0.000131338
0.000131338
0.000131338
0.000131338
0.000131338
0.000131338
0.000131338
0.000131338
0.000139224
0.000139224
0.000139224
0.000139224
0.000139224
0.000139224
0.000139224
0.000139224
0.000139224
0.000139224
0.000139224
0.000139224
0.000139224
0.000139224
0.000139224
0.000139224
0.000139224
0.000139224
0.000139224
0.000139224
0.00014752
0.00014752
0.00014752
0.00014752
0.00014752
0.00014752
0.00014752
0.00014752
0.00014752
0.00014752
0.00014752
0.00014752
0.00014752
0.00014752
0.00014752
0.00014752
0.00014752
0.00014752
0.00014752
0.00014752
0.000156241
0.000156241
0.000156241
0.000156241
0.000156241
0.000156241
0.000156241
0.000156241
0.000156241
0.000156241
0.000156241
0.000156241
0.000156241
0.000156241
0.000156241
0.000156241
0.000156241
0.000156241
0.000156241
0.000156241
0.000165399
0.000165399
0.000165399
0.000165399
0.000165399
0.000165399
0.000165399
0.000165399
0.000165399
0.000165399
0.000165399
0.000165399
0.000165399
0.000165399
0.000165399
0.000165399
0.000165399
0.000165399
0.000165399
0.000165399
0.000175009
0.000175009
0.000175009
0.000175009
0.000175009
0.000175009
0.000175009
0.000175009
0.000175009
0.000175009
0.000175009
0.000175009
0.000175009
0.000175009
0.000175009
0.000175009
0.000175009
0.000175009
0.000175009
0.000175009
0.000185081
0.000185081
0.000185081
0.000185081
0.000185081
0.000185081
0.000185081
0.000185081
0.000185081
0.000185081
0.000185081
0.000185081
0.000185081
0.000185081
0.000185081
0.000185081
0.000185081
0.000185081
0.000185081
0.000185081
0.000195628
0.000195628
0.000195628
0.000195628
0.000195628
0.000195628
0.000195628
0.000195628
0.000195628
0.000195628
0.000195628
0.000195628
0.000195628
0.000195628
0.000195628
0.000195628
0.000195628
0.000195628
0.000195628
0.000195628
0.000206657
0.000206657
0.000206657
0.000206657
0.000206657
0.000206657
0.000206657
0.000206657
0.000206657
0.000206657
0.000206657
0.000206657
0.000206657
0.000206657
0.000206657
0.000206657
0.000206657
0.000206657
0.000206657
0.000206657
0.000218178
0.000218178
0.000218178
0.000218178
0.000218178
0.000218178
0.000218178
0.000218178
0.000218178
0.000218178
0.000218178
0.000218178
0.000218178
0.000218178
0.000218178
0.000218178
0.000218178
0.000218178
0.000218178
0.000218178
0.000230195
0.000230195
0.000230195
0.000230195
0.000230195
0.000230195
0.000230195
0.000230195
0.000230195
0.000230195
0.000230195
0.000230195
0.000230195
0.000230195
0.000230195
0.000230195
0.000230195
0.000230195
0.000230195
0.000230195
0.000242714
0.000242714
0.000242714
0.000242714
0.000242714
0.000242714
0.000242714
0.000242714
0.000242714
0.000242714
0.000242714
0.000242714
0.000242714
0.000242714
0.000242714
0.000242714
0.000242714
0.000242714
0.000242714
0.000242714
0.000255734
0.000255734
0.000255734
0.000255734
0.000255734
0.000255734
0.000255734
0.000255734
0.000255734
0.000255734
0.000255734
0.000255734
0.000255734
0.000255734
0.000255734
0.000255734
0.000255734
0.000255734
0.000255734
0.000255734
0.000269253
0.000269253
0.000269253
0.000269253
0.000269253
0.000269253
0.000269253
0.000269253
0.000269253
0.000269253
0.000269253
0.000269253
0.000269253
0.000269253
0.000269253
0.000269253
0.000269253
0.000269253
0.000269253
0.000269253
0.000283266
0.000283266
0.000283266
0.000283266
0.000283266
0.000283266
0.000283266
0.000283266
0.000283266
0.000283266
0.000283266
0.000283266
0.000283266
0.000283266
0.000283266
0.000283266
0.000283266
0.000283266
0.000283266
0.000283266
0.000297763
0.000297763
0.000297763
0.000297763
0.000297763
0.000297763
0.000297763
0.000297763
0.000297763
0.000297763
0.000297763
0.000297763
0.000297763
0.000297763
0.000297763
0.000297763
0.000297763
0.000297763
0.000297763
0.000297763
0.00031273
0.00031273
0.00031273
0.00031273
0.00031273
0.00031273
0.00031273
0.00031273
0.00031273
0.00031273
0.00031273
0.00031273
0.00031273
0.00031273
0.00031273
0.00031273
0.00031273
0.00031273
0.00031273
0.00031273
0.000328148
0.000328148
0.000328148
0.000328148
0.000328148
0.000328148
0.000328148
0.000328148
0.000328148
0.000328148
0.000328148
0.000328148
0.000328148
0.000328148
0.000328148
0.000328148
0.000328148
0.000328148
0.000328148
0.000328148
0.000343994
0.000343994
0.000343994
0.000343994
0.000343994
0.000343994
0.000343994
0.000343994
0.000343994
0.000343994
0.000343994
0.000343994
0.000343994
0.000343994
0.000343994
0.000343994
0.000343994
0.000343994
0.000343994
0.000343994
0.000360235
0.000360235
0.000360235
0.000360235
0.000360235
0.000360235
0.000360235
0.000360235
0.000360235
0.000360235
0.000360235
0.000360235
0.000360235
0.000360235
0.000360235
0.000360235
0.000360235
0.000360235
0.000360235
0.000360235
0.000376837
0.000376837
0.000376837
0.000376837
0.000376837
0.000376837
0.000376837
0.000376837
0.000376837
0.000376837
0.000376837
0.000376837
0.000376837
0.000376837
0.000376837
0.000376837
0.000376837
0.000376837
0.000376837
0.000376837
0.000393754
0.000393754
0.000393754
0.000393754
0.000393754
0.000393754
0.000393754
0.000393754
0.000393754
0.000393754
0.000393754
0.000393754
0.000393754
0.000393754
0.000393754
0.000393754
0.000393754
0.000393754
0.000393754
0.000393754
0.000410936
0.000410936
0.000410936
0.000410936
0.000410936
0.000410936
0.000410936
0.000410936
0.000410936
0.000410936
0.000410936
0.000410936
0.000410936
0.000410936
0.000410936
0.000410936
0.000410936
0.000410936
0.000410936
0.000410936
0.000428323
0.000428323
0.000428323
0.000428323
0.000428323
0.000428323
0.000428323
0.000428323
0.000428323
0.000428323
0.000428323
0.000428323
0.000428323
0.000428323
0.000428323
0.000428323
0.000428323
0.000428323
0.000428323
0.000428323
0.00044585
0.00044585
0.00044585
0.00044585
0.00044585
0.00044585
0.00044585
0.00044585
0.00044585
0.00044585
0.00044585
0.00044585
0.00044585
0.00044585
0.00044585
0.00044585
0.00044585
0.00044585
0.00044585
0.00044585
0.000463439
0.000463439
0.000463439
0.000463439
0.000463439
0.000463439
0.000463439
0.000463439
0.000463439
0.000463439
0.000463439
0.000463439
0.000463439
0.000463439
0.000463439
0.000463439
0.000463439
0.000463439
0.000463439
0.000463439
0.000481007
0.000481007
0.000481007
0.000481007
0.000481007
0.000481007
0.000481007
0.000481007
0.000481007
0.000481007
0.000481007
0.000481007
0.000481007
0.000481007
0.000481007
0.000481007
0.000481007
0.000481007
0.000481007
0.000481007
0.000498462
0.000498462
0.000498462
0.000498462
0.000498462
0.000498462
0.000498462
0.000498462
0.000498462
0.000498462
0.000498462
0.000498462
0.000498462
0.000498462
0.000498462
0.000498462
0.000498462
0.000498462
0.000498462
0.000498462
0.000515703
0.000515703
0.000515703
0.000515703
0.000515703
0.000515703
0.000515703
0.000515703
0.000515703
0.000515703
0.000515703
0.000515703
0.000515703
0.000515703
0.000515703
0.000515703
0.000515703
0.000515703
0.000515703
0.000515703
0.000532623
0.000532623
0.000532623
0.000532623
0.000532623
0.000532623
0.000532623
0.000532623
0.000532623
0.000532623
0.000532623
0.000532623
0.000532623
0.000532623
0.000532623
0.000532623
0.000532623
0.000532623
0.000532623
0.000532623
0.000549109
0.000549109
0.000549109
0.000549109
0.000549109
0.000549109
0.000549109
0.000549109
0.000549109
0.000549109
0.000549109
0.000549109
0.000549109
0.000549109
0.000549109
0.000549109
0.000549109
0.000549109
0.000549109
0.000549109
0.000565042
0.000565042
0.000565042
0.000565042
0.000565042
0.000565042
0.000565042
0.000565041
0.000565041
0.000565041
0.000565041
0.000565041
0.000565041
0.000565041
0.000565041
0.000565041
0.000565041
0.000565041
0.000565041
0.000565041
0.0005803
0.000580301
0.000580301
0.000580301
0.000580301
0.000580301
0.0005803
0.0005803
0.0005803
0.0005803
0.0005803
0.0005803
0.0005803
0.0005803
0.0005803
0.0005803
0.0005803
0.0005803
0.0005803
0.0005803
0.000594766
0.000594766
0.000594766
0.000594766
0.000594766
0.000594766
0.000594766
0.000594766
0.000594766
0.000594766
0.000594766
0.000594766
0.000594765
0.000594765
0.000594765
0.000594765
0.000594766
0.000594766
0.000594766
0.000594766
0.000608324
0.000608324
0.000608324
0.000608324
0.000608324
0.000608324
0.000608324
0.000608324
0.000608324
0.000608324
0.000608324
0.000608323
0.000608323
0.000608323
0.000608323
0.000608323
0.000608323
0.000608323
0.000608324
0.000608324
0.000620872
0.000620872
0.000620872
0.000620872
0.000620872
0.000620872
0.000620872
0.000620872
0.000620872
0.000620872
0.000620871
0.000620871
0.000620871
0.000620871
0.000620871
0.000620871
0.000620871
0.000620871
0.000620871
0.000620872
0.000632328
0.000632328
0.000632328
0.000632328
0.000632328
0.000632328
0.000632328
0.000632328
0.000632328
0.000632328
0.000632327
0.000632327
0.000632327
0.000632327
0.000632327
0.000632327
0.000632327
0.000632327
0.000632327
0.000632328
0.000642644
0.000642644
0.000642644
0.000642645
0.000642645
0.000642645
0.000642644
0.000642644
0.000642644
0.000642644
0.000642644
0.000642643
0.000642643
0.000642643
0.000642643
0.000642643
0.000642643
0.000642643
0.000642643
0.000642644
0.000651825
0.000651825
0.000651826
0.000651826
0.000651826
0.000651826
0.000651826
0.000651826
0.000651825
0.000651825
0.000651825
0.000651824
0.000651824
0.000651824
0.000651824
0.000651824
0.000651824
0.000651824
0.000651824
0.000651825
0.000659956
0.000659956
0.000659957
0.000659957
0.000659957
0.000659957
0.000659957
0.000659957
0.000659957
0.000659956
0.000659956
0.000659956
0.000659955
0.000659955
0.000659955
0.000659955
0.000659955
0.000659955
0.000659955
0.000659956
0.000667243
0.000667243
0.000667243
0.000667244
0.000667244
0.000667244
0.000667244
0.000667244
0.000667244
0.000667243
0.000667243
0.000667242
0.000667242
0.000667242
0.000667241
0.000667241
0.000667241
0.000667241
0.000667242
0.000667243
0.000674066
0.000674067
0.000674067
0.000674067
0.000674067
0.000674068
0.000674068
0.000674067
0.000674067
0.000674067
0.000674066
0.000674066
0.000674065
0.000674065
0.000674065
0.000674065
0.000674065
0.000674065
0.000674065
0.000674066
0.000681054
0.000681054
0.000681055
0.000681055
0.000681056
0.000681056
0.000681056
0.000681056
0.000681055
0.000681055
0.000681054
0.000681054
0.000681053
0.000681053
0.000681053
0.000681052
0.000681052
0.000681052
0.000681053
0.000681054
0.000689156
0.000689156
0.000689157
0.000689157
0.000689157
0.000689158
0.000689158
0.000689157
0.000689157
0.000689157
0.000689156
0.000689156
0.000689155
0.000689155
0.000689154
0.000689154
0.000689154
0.000689154
0.000689154
0.000689155
0.000699685
0.000699686
0.000699686
0.000699687
0.000699687
0.000699687
0.000699687
0.000699687
0.000699687
0.000699687
0.000699686
0.000699685
0.000699685
0.000699684
0.000699684
0.000699684
0.000699683
0.000699683
0.000699684
0.000699685
0.000715023
0.000715023
0.000715023
0.000715024
0.000715024
0.000715025
0.000715025
0.000715025
0.000715024
0.000715024
0.000715024
0.000715023
0.000715022
0.000715022
0.000715021
0.000715021
0.000715021
0.000715021
0.000715021
0.000715022
0.000736935
0.000736936
0.000736936
0.000736936
0.000736937
0.000736937
0.000736937
0.000736937
0.000736937
0.000736937
0.000736936
0.000736936
0.000736935
0.000736935
0.000736934
0.000736934
0.000736933
0.000736933
0.000736934
0.000736935
0.000765049
0.000765049
0.000765049
0.00076505
0.00076505
0.00076505
0.000765051
0.000765051
0.00076505
0.00076505
0.00076505
0.000765049
0.000765049
0.000765048
0.000765048
0.000765047
0.000765047
0.000765047
0.000765047
0.000765048
0.000798702
0.000798702
0.000798702
0.000798703
0.000798703
0.000798703
0.000798703
0.000798703
0.000798703
0.000798703
0.000798702
0.000798702
0.000798702
0.000798701
0.000798701
0.000798701
0.0007987
0.0007987
0.0007987
0.000798701
0.000836356
0.000836356
0.000836357
0.000836357
0.000836357
0.000836357
0.000836357
0.000836357
0.000836357
0.000836357
0.000836357
0.000836356
0.000836356
0.000836356
0.000836356
0.000836355
0.000836355
0.000836355
0.000836355
0.000836356
0.000876113
0.000876113
0.000876113
0.000876113
0.000876113
0.000876113
0.000876113
0.000876113
0.000876113
0.000876113
0.000876113
0.000876113
0.000876113
0.000876112
0.000876112
0.000876112
0.000876112
0.000876112
0.000876112
0.000876112
0.000916182
0.000916182
0.000916182
0.000916182
0.000916182
0.000916182
0.000916182
0.000916182
0.000916182
0.000916182
0.000916182
0.000916182
0.000916182
0.000916182
0.000916182
0.000916182
0.000916182
0.000916182
0.000916182
0.000916182
0.00095515
0.00095515
0.00095515
0.00095515
0.00095515
0.00095515
0.00095515
0.00095515
0.00095515
0.00095515
0.00095515
0.00095515
0.00095515
0.00095515
0.00095515
0.00095515
0.00095515
0.00095515
0.00095515
0.00095515
0.000992042
0.000992042
0.000992042
0.000992042
0.000992042
0.000992042
0.000992042
0.000992042
0.000992042
0.000992042
0.000992042
0.000992042
0.000992042
0.000992042
0.000992042
0.000992042
0.000992042
0.000992042
0.000992042
0.000992042
0.00102623
0.00102623
0.00102623
0.00102623
0.00102623
0.00102623
0.00102623
0.00102623
0.00102623
0.00102623
0.00102623
0.00102623
0.00102623
0.00102623
0.00102623
0.00102623
0.00102623
0.00102623
0.00102623
0.00102623
0.00105738
0.00105738
0.00105738
0.00105738
0.00105738
0.00105738
0.00105738
0.00105738
0.00105738
0.00105738
0.00105738
0.00105738
0.00105738
0.00105738
0.00105738
0.00105738
0.00105738
0.00105738
0.00105738
0.00105738
0.00108532
0.00108532
0.00108532
0.00108532
0.00108532
0.00108532
0.00108532
0.00108532
0.00108532
0.00108532
0.00108532
0.00108532
0.00108532
0.00108532
0.00108532
0.00108532
0.00108532
0.00108532
0.00108532
0.00108532
0.00111
0.00111
0.00111
0.00111
0.00111
0.00111
0.00111
0.00111
0.00111
0.00111
0.00111
0.00111
0.00111
0.00111
0.00111
0.00111
0.00111
0.00111
0.00111
0.00111
0.00113142
0.00113142
0.00113142
0.00113142
0.00113142
0.00113142
0.00113142
0.00113142
0.00113142
0.00113142
0.00113142
0.00113142
0.00113142
0.00113142
0.00113142
0.00113142
0.00113142
0.00113142
0.00113142
0.00113142
0.00114959
0.00114959
0.00114959
0.00114959
0.00114959
0.00114959
0.00114959
0.00114959
0.00114959
0.00114959
0.00114959
0.00114959
0.00114959
0.00114959
0.00114959
0.00114959
0.00114959
0.00114959
0.00114959
0.00114959
0.00116454
0.00116454
0.00116454
0.00116454
0.00116454
0.00116454
0.00116454
0.00116454
0.00116454
0.00116454
0.00116454
0.00116454
0.00116454
0.00116454
0.00116454
0.00116454
0.00116454
0.00116454
0.00116454
0.00116454
0.00117628
0.00117628
0.00117628
0.00117628
0.00117627
0.00117627
0.00117627
0.00117627
0.00117627
0.00117627
0.00117628
0.00117628
0.00117628
0.00117628
0.00117628
0.00117628
0.00117628
0.00117628
0.00117628
0.00117628
0.0011848
0.0011848
0.0011848
0.0011848
0.0011848
0.0011848
0.0011848
0.0011848
0.0011848
0.0011848
0.0011848
0.0011848
0.0011848
0.0011848
0.0011848
0.0011848
0.0011848
0.0011848
0.0011848
0.0011848
0.0011901
0.0011901
0.0011901
0.0011901
0.0011901
0.0011901
0.0011901
0.0011901
0.0011901
0.0011901
0.0011901
0.0011901
0.0011901
0.0011901
0.0011901
0.0011901
0.0011901
0.0011901
0.0011901
0.0011901
0.00119213
0.00119213
0.00119213
0.00119213
0.00119213
0.00119213
0.00119213
0.00119213
0.00119213
0.00119213
0.00119213
0.00119213
0.00119213
0.00119213
0.00119213
0.00119213
0.00119213
0.00119213
0.00119213
0.00119213
0.00119086
0.00119086
0.00119086
0.00119086
0.00119086
0.00119086
0.00119086
0.00119086
0.00119086
0.00119086
0.00119086
0.00119086
0.00119086
0.00119086
0.00119086
0.00119086
0.00119086
0.00119086
0.00119086
0.00119086
0.00118621
0.00118621
0.00118621
0.00118621
0.00118621
0.00118621
0.00118621
0.00118621
0.00118621
0.00118621
0.00118621
0.00118621
0.00118621
0.00118621
0.00118621
0.00118621
0.00118621
0.00118621
0.00118621
0.00118621
0.0011781
0.0011781
0.0011781
0.0011781
0.0011781
0.0011781
0.0011781
0.0011781
0.0011781
0.0011781
0.0011781
0.0011781
0.0011781
0.0011781
0.0011781
0.0011781
0.0011781
0.0011781
0.0011781
0.0011781
0.00116644
0.00116644
0.00116644
0.00116644
0.00116644
0.00116644
0.00116644
0.00116644
0.00116644
0.00116644
0.00116644
0.00116644
0.00116644
0.00116644
0.00116644
0.00116644
0.00116644
0.00116644
0.00116644
0.00116644
0.00115114
0.00115114
0.00115114
0.00115114
0.00115114
0.00115114
0.00115114
0.00115114
0.00115114
0.00115114
0.00115114
0.00115114
0.00115114
0.00115114
0.00115114
0.00115114
0.00115114
0.00115114
0.00115114
0.00115114
0.00113207
0.00113207
0.00113207
0.00113207
0.00113207
0.00113207
0.00113207
0.00113207
0.00113207
0.00113207
0.00113207
0.00113207
0.00113207
0.00113207
0.00113207
0.00113207
0.00113207
0.00113207
0.00113207
0.00113207
0.00110913
0.00110913
0.00110913
0.00110913
0.00110913
0.00110913
0.00110913
0.00110913
0.00110913
0.00110913
0.00110913
0.00110913
0.00110913
0.00110913
0.00110913
0.00110913
0.00110913
0.00110913
0.00110913
0.00110913
0.00108222
0.00108222
0.00108222
0.00108222
0.00108222
0.00108222
0.00108222
0.00108222
0.00108222
0.00108222
0.00108222
0.00108222
0.00108222
0.00108222
0.00108222
0.00108222
0.00108222
0.00108222
0.00108222
0.00108222
0.00105124
0.00105124
0.00105124
0.00105124
0.00105124
0.00105124
0.00105124
0.00105124
0.00105124
0.00105124
0.00105124
0.00105124
0.00105124
0.00105124
0.00105124
0.00105124
0.00105124
0.00105124
0.00105124
0.00105124
0.00101613
0.00101613
0.00101613
0.00101613
0.00101613
0.00101613
0.00101613
0.00101613
0.00101613
0.00101613
0.00101613
0.00101613
0.00101613
0.00101613
0.00101613
0.00101613
0.00101613
0.00101613
0.00101613
0.00101613
0.000976855
0.000976855
0.000976855
0.000976856
0.000976856
0.000976856
0.000976856
0.000976856
0.000976856
0.000976856
0.000976856
0.000976855
0.000976855
0.000976855
0.000976855
0.000976855
0.000976855
0.000976855
0.000976855
0.000976855
0.000933435
0.000933435
0.000933435
0.000933435
0.000933435
0.000933435
0.000933435
0.000933435
0.000933435
0.000933435
0.000933435
0.000933435
0.000933435
0.000933435
0.000933435
0.000933435
0.000933435
0.000933435
0.000933435
0.000933435
0.000885957
0.000885957
0.000885957
0.000885957
0.000885957
0.000885957
0.000885957
0.000885957
0.000885957
0.000885957
0.000885957
0.000885957
0.000885957
0.000885957
0.000885957
0.000885957
0.000885957
0.000885957
0.000885957
0.000885957
0.000834599
0.000834599
0.000834599
0.000834599
0.000834599
0.000834599
0.000834599
0.000834599
0.000834599
0.000834599
0.000834599
0.000834599
0.000834599
0.000834599
0.000834599
0.000834599
0.000834599
0.000834599
0.000834599
0.000834599
0.000779637
0.000779637
0.000779637
0.000779637
0.000779637
0.000779637
0.000779637
0.000779637
0.000779637
0.000779637
0.000779637
0.000779637
0.000779637
0.000779637
0.000779637
0.000779637
0.000779637
0.000779637
0.000779637
0.000779637
0.000721457
0.000721457
0.000721457
0.000721457
0.000721457
0.000721457
0.000721457
0.000721457
0.000721457
0.000721457
0.000721457
0.000721457
0.000721457
0.000721457
0.000721457
0.000721457
0.000721457
0.000721457
0.000721457
0.000721457
0.000660539
0.000660539
0.000660539
0.000660539
0.000660539
0.000660539
0.000660539
0.000660539
0.000660539
0.000660539
0.000660539
0.000660539
0.000660539
0.000660539
0.000660539
0.000660539
0.000660539
0.000660539
0.000660539
0.000660539
0.000597421
0.000597421
0.000597421
0.000597421
0.000597421
0.000597421
0.000597421
0.000597421
0.000597421
0.000597421
0.000597421
0.000597421
0.000597421
0.000597421
0.000597421
0.000597421
0.000597421
0.000597421
0.000597421
0.000597421
0.000532617
0.000532617
0.000532617
0.000532617
0.000532617
0.000532617
0.000532617
0.000532617
0.000532617
0.000532617
0.000532617
0.000532617
0.000532617
0.000532617
0.000532617
0.000532617
0.000532617
0.000532617
0.000532617
0.000532617
0.000466506
0.000466506
0.000466506
0.000466506
0.000466506
0.000466506
0.000466506
0.000466506
0.000466506
0.000466506
0.000466506
0.000466506
0.000466506
0.000466506
0.000466506
0.000466506
0.000466506
0.000466506
0.000466506
0.000466506
0.000399194
0.000399194
0.000399194
0.000399194
0.000399194
0.000399194
0.000399194
0.000399194
0.000399194
0.000399194
0.000399194
0.000399194
0.000399194
0.000399194
0.000399194
0.000399194
0.000399194
0.000399194
0.000399194
0.000399194
0.000330382
0.000330382
0.000330382
0.000330382
0.000330382
0.000330382
0.000330382
0.000330382
0.000330382
0.000330382
0.000330382
0.000330382
0.000330382
0.000330382
0.000330382
0.000330382
0.000330382
0.000330382
0.000330382
0.000330382
0.000259288
0.000259288
0.000259288
0.000259288
0.000259288
0.000259288
0.000259288
0.000259288
0.000259288
0.000259288
0.000259288
0.000259288
0.000259288
0.000259288
0.000259288
0.000259288
0.000259288
0.000259288
0.000259288
0.000259288
0.000184627
0.000184627
0.000184627
0.000184627
0.000184627
0.000184627
0.000184627
0.000184627
0.000184627
0.000184627
0.000184627
0.000184627
0.000184627
0.000184627
0.000184627
0.000184627
0.000184627
0.000184627
0.000184627
0.000184627
0.000104798
0.000104798
0.000104798
0.000104798
0.000104798
0.000104798
0.000104798
0.000104798
0.000104798
0.000104798
0.000104798
0.000104798
0.000104798
0.000104798
0.000104798
0.000104798
0.000104798
0.000104798
0.000104798
0.000104798
2.62799e-05
2.62799e-05
2.62799e-05
2.62799e-05
2.62799e-05
2.62799e-05
2.62799e-05
2.62799e-05
2.62799e-05
2.62799e-05
2.62799e-05
2.62799e-05
2.62799e-05
2.62799e-05
2.62799e-05
2.62799e-05
2.62799e-05
2.62798e-05
2.62798e-05
2.62798e-05
1.26613e-06
1.26613e-06
1.26613e-06
1.26613e-06
1.26613e-06
1.26613e-06
1.26613e-06
1.26613e-06
1.26613e-06
1.26613e-06
1.26613e-06
1.26613e-06
1.26613e-06
1.26613e-06
1.26613e-06
1.26613e-06
1.26613e-06
1.26613e-06
1.26613e-06
1.26612e-06
3.73537e-07
3.73537e-07
3.73537e-07
3.73537e-07
3.73537e-07
3.73537e-07
3.73537e-07
3.73537e-07
3.73538e-07
3.73538e-07
3.73538e-07
3.73537e-07
3.73537e-07
3.73537e-07
3.73537e-07
3.73537e-07
3.73537e-07
3.73537e-07
3.73537e-07
3.73537e-07
3.68917e-07
3.68917e-07
3.68917e-07
3.68917e-07
3.68917e-07
3.68917e-07
3.68917e-07
3.68917e-07
3.68917e-07
3.68917e-07
3.68917e-07
3.68917e-07
3.68917e-07
3.68917e-07
3.68917e-07
3.68917e-07
3.68917e-07
3.68917e-07
3.68917e-07
3.68917e-07
3.68898e-07
3.68898e-07
3.68898e-07
3.68898e-07
3.68898e-07
3.68898e-07
3.68898e-07
3.68898e-07
3.68898e-07
3.68898e-07
3.68898e-07
3.68898e-07
3.68898e-07
3.68898e-07
3.68898e-07
3.68898e-07
3.68897e-07
3.68898e-07
3.68898e-07
3.68898e-07
)
;

boundaryField
{
    freeStream
    {
        type            symmetry;
    }
    bottomWall
    {
        type            fixedValue;
        value           uniform 0;
    }
    left
    {
        type            cyclic;
    }
    right
    {
        type            cyclic;
    }
    frontAndBack
    {
        type            empty;
    }
}


// ************************************************************************* //
