/*--------------------------------*- C++ -*----------------------------------*\
  =========                 |
  \\      /  F ield         | OpenFOAM: The Open Source CFD Toolbox
   \\    /   O peration     | Website:  https://openfoam.org
    \\  /    A nd           | Version:  6
     \\/     M anipulation  |
\*---------------------------------------------------------------------------*/
FoamFile
{
    version     2.0;
    format      ascii;
    class       volScalarField;
    location    "19.44";
    object      omega_0;
}
// * * * * * * * * * * * * * * * * * * * * * * * * * * * * * * * * * * * * * //

dimensions      [0 0 -1 0 0 0 0];

internalField   nonuniform List<scalar> 
3240
(
13458.8
13458.8
13458.8
13458.8
13458.8
13458.8
13458.8
13458.8
13458.8
13458.8
13458.8
13458.8
13458.8
13458.8
13458.8
13458.8
13458.8
13458.8
13458.8
13458.8
13477.6
13477.6
13477.6
13477.6
13477.6
13477.6
13477.6
13477.6
13477.6
13477.6
13477.6
13477.6
13477.6
13477.6
13477.6
13477.6
13477.6
13477.6
13477.6
13477.6
13223.7
13223.7
13223.7
13223.7
13223.7
13223.7
13223.7
13223.7
13223.7
13223.7
13223.7
13223.7
13223.7
13223.7
13223.7
13223.7
13223.7
13223.7
13223.7
13223.7
12851.2
12851.2
12851.2
12851.2
12851.2
12851.2
12851.2
12851.2
12851.2
12851.2
12851.2
12851.2
12851.2
12851.2
12851.2
12851.2
12851.2
12851.2
12851.2
12851.2
12428.7
12428.7
12428.7
12428.7
12428.7
12428.7
12428.7
12428.7
12428.7
12428.7
12428.7
12428.7
12428.7
12428.7
12428.7
12428.7
12428.7
12428.7
12428.7
12428.7
11990.3
11990.3
11990.3
11990.3
11990.3
11990.3
11990.3
11990.3
11990.3
11990.3
11990.3
11990.3
11990.3
11990.3
11990.3
11990.3
11990.3
11990.3
11990.3
11990.3
11553.8
11553.8
11553.8
11553.8
11553.8
11553.8
11553.8
11553.8
11553.8
11553.8
11553.8
11553.8
11553.8
11553.8
11553.8
11553.8
11553.8
11553.8
11553.8
11553.8
11128.7
11128.7
11128.7
11128.7
11128.7
11128.7
11128.7
11128.7
11128.7
11128.7
11128.7
11128.7
11128.7
11128.7
11128.7
11128.7
11128.7
11128.7
11128.7
11128.7
10719.9
10719.9
10719.9
10719.9
10719.9
10719.9
10719.9
10719.9
10719.9
10719.9
10719.9
10719.9
10719.9
10719.9
10719.9
10719.9
10719.9
10719.9
10719.9
10719.9
10329.9
10329.9
10329.9
10329.9
10329.9
10329.9
10329.9
10329.9
10329.9
10329.9
10329.9
10329.9
10329.9
10329.9
10329.9
10329.9
10329.9
10329.9
10329.9
10329.9
9959.53
9959.53
9959.53
9959.53
9959.53
9959.53
9959.53
9959.53
9959.53
9959.53
9959.53
9959.53
9959.53
9959.53
9959.53
9959.53
9959.53
9959.53
9959.53
9959.53
9608.69
9608.69
9608.69
9608.69
9608.69
9608.69
9608.69
9608.69
9608.69
9608.69
9608.69
9608.69
9608.69
9608.69
9608.69
9608.69
9608.69
9608.69
9608.69
9608.69
9177.88
9177.88
9177.88
9177.88
9177.88
9177.88
9177.88
9177.88
9177.88
9177.88
9177.88
9177.88
9177.88
9177.88
9177.88
9177.88
9177.88
9177.88
9177.88
9177.88
8678.49
8678.49
8678.49
8678.49
8678.49
8678.49
8678.49
8678.49
8678.49
8678.49
8678.49
8678.49
8678.49
8678.49
8678.49
8678.49
8678.49
8678.49
8678.49
8678.49
8196.01
8196.01
8196.01
8196.01
8196.01
8196.01
8196.01
8196.01
8196.01
8196.01
8196.01
8196.01
8196.01
8196.01
8196.01
8196.01
8196.01
8196.01
8196.01
8196.01
7732.01
7732.01
7732.01
7732.01
7732.01
7732.01
7732.01
7732.01
7732.01
7732.01
7732.01
7732.01
7732.01
7732.01
7732.01
7732.01
7732.01
7732.01
7732.01
7732.01
7287.49
7287.49
7287.49
7287.49
7287.49
7287.49
7287.49
7287.49
7287.49
7287.49
7287.49
7287.49
7287.49
7287.49
7287.49
7287.49
7287.49
7287.49
7287.49
7287.49
6862.97
6862.97
6862.97
6862.97
6862.97
6862.97
6862.97
6862.97
6862.97
6862.97
6862.97
6862.97
6862.97
6862.97
6862.97
6862.97
6862.97
6862.97
6862.97
6862.97
6458.66
6458.66
6458.66
6458.66
6458.66
6458.66
6458.66
6458.66
6458.66
6458.66
6458.66
6458.66
6458.66
6458.66
6458.66
6458.66
6458.66
6458.66
6458.66
6458.66
6074.46
6074.46
6074.46
6074.46
6074.46
6074.46
6074.46
6074.46
6074.46
6074.46
6074.46
6074.46
6074.46
6074.46
6074.46
6074.46
6074.46
6074.46
6074.46
6074.46
5710.11
5710.11
5710.11
5710.11
5710.11
5710.11
5710.11
5710.11
5710.11
5710.11
5710.11
5710.11
5710.11
5710.11
5710.11
5710.11
5710.11
5710.11
5710.11
5710.11
5365.16
5365.16
5365.16
5365.16
5365.16
5365.16
5365.16
5365.16
5365.16
5365.16
5365.16
5365.16
5365.16
5365.16
5365.16
5365.16
5365.16
5365.16
5365.16
5365.16
5039.07
5039.07
5039.07
5039.07
5039.07
5039.07
5039.07
5039.07
5039.07
5039.07
5039.07
5039.07
5039.07
5039.07
5039.07
5039.07
5039.07
5039.07
5039.07
5039.07
4731.21
4731.21
4731.21
4731.21
4731.21
4731.21
4731.21
4731.21
4731.21
4731.21
4731.21
4731.21
4731.21
4731.21
4731.21
4731.21
4731.21
4731.21
4731.21
4731.21
4440.88
4440.88
4440.88
4440.88
4440.88
4440.88
4440.88
4440.88
4440.88
4440.88
4440.88
4440.88
4440.88
4440.88
4440.88
4440.88
4440.88
4440.88
4440.88
4440.88
4167.35
4167.35
4167.35
4167.35
4167.35
4167.35
4167.35
4167.35
4167.35
4167.35
4167.35
4167.35
4167.35
4167.35
4167.35
4167.35
4167.35
4167.35
4167.35
4167.35
3909.88
3909.88
3909.88
3909.88
3909.88
3909.88
3909.88
3909.88
3909.88
3909.88
3909.88
3909.88
3909.88
3909.88
3909.88
3909.88
3909.88
3909.88
3909.88
3909.88
3667.7
3667.7
3667.7
3667.7
3667.7
3667.7
3667.7
3667.7
3667.7
3667.7
3667.7
3667.7
3667.7
3667.7
3667.7
3667.7
3667.7
3667.7
3667.7
3667.7
3440.05
3440.05
3440.05
3440.05
3440.05
3440.05
3440.05
3440.05
3440.05
3440.05
3440.05
3440.05
3440.05
3440.05
3440.05
3440.05
3440.05
3440.05
3440.05
3440.05
3226.19
3226.19
3226.19
3226.19
3226.19
3226.19
3226.19
3226.19
3226.19
3226.19
3226.19
3226.19
3226.19
3226.19
3226.19
3226.19
3226.19
3226.19
3226.19
3226.19
3025.37
3025.37
3025.37
3025.37
3025.37
3025.37
3025.37
3025.37
3025.37
3025.37
3025.37
3025.37
3025.37
3025.37
3025.37
3025.37
3025.37
3025.37
3025.37
3025.37
2836.88
2836.88
2836.88
2836.88
2836.88
2836.88
2836.88
2836.88
2836.88
2836.88
2836.88
2836.88
2836.88
2836.88
2836.88
2836.88
2836.88
2836.88
2836.88
2836.88
2660.04
2660.04
2660.04
2660.04
2660.04
2660.04
2660.04
2660.04
2660.04
2660.04
2660.04
2660.04
2660.04
2660.04
2660.04
2660.04
2660.04
2660.04
2660.04
2660.04
2494.16
2494.16
2494.16
2494.16
2494.16
2494.16
2494.16
2494.16
2494.16
2494.16
2494.16
2494.16
2494.16
2494.16
2494.16
2494.16
2494.16
2494.16
2494.16
2494.16
2338.61
2338.61
2338.61
2338.61
2338.61
2338.61
2338.61
2338.61
2338.61
2338.61
2338.61
2338.61
2338.61
2338.61
2338.61
2338.61
2338.61
2338.61
2338.61
2338.61
2192.78
2192.78
2192.78
2192.78
2192.78
2192.78
2192.78
2192.78
2192.78
2192.78
2192.78
2192.78
2192.78
2192.78
2192.78
2192.78
2192.78
2192.78
2192.78
2192.78
2056.09
2056.09
2056.09
2056.09
2056.09
2056.09
2056.09
2056.09
2056.09
2056.09
2056.09
2056.09
2056.09
2056.09
2056.09
2056.09
2056.09
2056.09
2056.09
2056.09
1927.98
1927.98
1927.98
1927.98
1927.98
1927.98
1927.98
1927.98
1927.98
1927.98
1927.98
1927.98
1927.98
1927.98
1927.98
1927.98
1927.98
1927.98
1927.98
1927.98
1807.93
1807.93
1807.93
1807.93
1807.93
1807.93
1807.93
1807.93
1807.93
1807.93
1807.93
1807.93
1807.93
1807.93
1807.93
1807.93
1807.93
1807.93
1807.93
1807.93
1695.44
1695.44
1695.44
1695.44
1695.44
1695.44
1695.44
1695.44
1695.44
1695.44
1695.44
1695.44
1695.44
1695.44
1695.44
1695.44
1695.44
1695.44
1695.44
1695.44
1590.04
1590.04
1590.04
1590.04
1590.04
1590.04
1590.04
1590.04
1590.04
1590.04
1590.04
1590.04
1590.04
1590.04
1590.04
1590.04
1590.04
1590.04
1590.04
1590.04
1491.29
1491.29
1491.29
1491.29
1491.29
1491.29
1491.29
1491.29
1491.29
1491.29
1491.29
1491.29
1491.29
1491.29
1491.29
1491.29
1491.29
1491.29
1491.29
1491.29
1398.77
1398.77
1398.77
1398.77
1398.77
1398.77
1398.77
1398.77
1398.77
1398.77
1398.77
1398.77
1398.77
1398.77
1398.77
1398.77
1398.77
1398.77
1398.77
1398.77
1312.09
1312.09
1312.09
1312.09
1312.09
1312.09
1312.09
1312.09
1312.09
1312.09
1312.09
1312.09
1312.09
1312.09
1312.09
1312.09
1312.09
1312.09
1312.09
1312.09
1230.88
1230.88
1230.88
1230.88
1230.88
1230.88
1230.88
1230.88
1230.88
1230.88
1230.88
1230.88
1230.88
1230.88
1230.88
1230.88
1230.88
1230.88
1230.88
1230.88
1154.79
1154.79
1154.79
1154.79
1154.79
1154.79
1154.79
1154.79
1154.79
1154.79
1154.79
1154.79
1154.79
1154.79
1154.79
1154.79
1154.79
1154.79
1154.79
1154.79
1083.5
1083.5
1083.5
1083.5
1083.5
1083.5
1083.5
1083.5
1083.5
1083.5
1083.5
1083.5
1083.5
1083.5
1083.5
1083.5
1083.5
1083.5
1083.5
1083.5
1016.7
1016.7
1016.7
1016.7
1016.7
1016.7
1016.7
1016.7
1016.7
1016.7
1016.7
1016.7
1016.7
1016.7
1016.7
1016.7
1016.7
1016.7
1016.7
1016.7
954.115
954.115
954.115
954.115
954.115
954.115
954.115
954.115
954.115
954.115
954.115
954.115
954.115
954.115
954.115
954.115
954.115
954.115
954.115
954.115
895.464
895.464
895.464
895.464
895.464
895.464
895.464
895.464
895.464
895.464
895.464
895.464
895.464
895.464
895.464
895.464
895.464
895.464
895.464
895.464
840.5
840.5
840.5
840.5
840.5
840.5
840.5
840.5
840.5
840.5
840.5
840.5
840.5
840.5
840.5
840.5
840.5
840.5
840.5
840.5
788.987
788.987
788.987
788.987
788.987
788.987
788.987
788.987
788.987
788.987
788.987
788.987
788.987
788.987
788.987
788.987
788.987
788.987
788.987
788.987
740.706
740.706
740.706
740.706
740.706
740.706
740.706
740.706
740.706
740.706
740.706
740.706
740.706
740.706
740.706
740.706
740.706
740.706
740.706
740.706
695.45
695.45
695.45
695.45
695.45
695.45
695.45
695.45
695.45
695.45
695.45
695.45
695.45
695.45
695.45
695.45
695.45
695.45
695.45
695.45
653.026
653.026
653.026
653.026
653.026
653.026
653.026
653.026
653.026
653.026
653.026
653.026
653.026
653.026
653.026
653.026
653.026
653.026
653.026
653.026
613.253
613.253
613.253
613.253
613.253
613.253
613.253
613.253
613.253
613.253
613.253
613.253
613.253
613.253
613.253
613.253
613.253
613.253
613.253
613.253
575.963
575.963
575.963
575.963
575.963
575.963
575.963
575.963
575.963
575.963
575.963
575.963
575.963
575.963
575.963
575.963
575.963
575.963
575.963
575.963
540.996
540.996
540.996
540.996
540.996
540.996
540.996
540.996
540.996
540.996
540.996
540.996
540.996
540.996
540.996
540.996
540.996
540.996
540.996
540.996
508.206
508.206
508.206
508.206
508.206
508.206
508.206
508.206
508.206
508.206
508.206
508.206
508.206
508.206
508.206
508.206
508.206
508.206
508.206
508.206
477.453
477.453
477.453
477.453
477.453
477.453
477.453
477.453
477.453
477.453
477.453
477.453
477.453
477.453
477.453
477.453
477.453
477.453
477.453
477.453
448.609
448.609
448.609
448.609
448.609
448.609
448.609
448.609
448.609
448.609
448.609
448.609
448.609
448.609
448.609
448.609
448.609
448.609
448.609
448.609
421.551
421.551
421.551
421.551
421.551
421.551
421.551
421.551
421.551
421.551
421.551
421.551
421.551
421.551
421.551
421.551
421.551
421.551
421.551
421.551
396.167
396.167
396.167
396.167
396.167
396.167
396.167
396.167
396.167
396.167
396.167
396.167
396.167
396.167
396.167
396.167
396.167
396.167
396.167
396.167
372.351
372.351
372.351
372.351
372.351
372.351
372.351
372.351
372.351
372.351
372.351
372.351
372.351
372.351
372.351
372.351
372.351
372.351
372.351
372.351
350.003
350.003
350.003
350.003
350.003
350.003
350.003
350.003
350.003
350.003
350.003
350.003
350.003
350.003
350.003
350.003
350.003
350.003
350.003
350.003
329.031
329.031
329.031
329.031
329.031
329.031
329.031
329.031
329.031
329.031
329.031
329.031
329.031
329.031
329.031
329.031
329.031
329.031
329.031
329.031
309.347
309.347
309.347
309.347
309.347
309.347
309.347
309.347
309.347
309.347
309.347
309.347
309.347
309.347
309.347
309.347
309.347
309.347
309.347
309.347
290.87
290.87
290.87
290.87
290.87
290.87
290.87
290.87
290.87
290.87
290.87
290.87
290.87
290.87
290.87
290.87
290.87
290.87
290.87
290.87
273.524
273.524
273.524
273.524
273.524
273.524
273.524
273.524
273.524
273.524
273.524
273.524
273.524
273.524
273.524
273.524
273.524
273.524
273.524
273.524
257.238
257.238
257.238
257.238
257.238
257.238
257.238
257.238
257.238
257.238
257.238
257.238
257.238
257.238
257.238
257.238
257.238
257.238
257.238
257.238
241.944
241.944
241.944
241.944
241.944
241.944
241.944
241.944
241.944
241.944
241.944
241.944
241.944
241.944
241.944
241.944
241.944
241.944
241.944
241.944
227.58
227.58
227.58
227.58
227.58
227.58
227.58
227.58
227.58
227.58
227.58
227.58
227.58
227.58
227.58
227.58
227.58
227.58
227.58
227.58
214.088
214.088
214.088
214.088
214.088
214.088
214.088
214.088
214.088
214.088
214.088
214.088
214.088
214.088
214.088
214.088
214.088
214.088
214.088
214.088
201.412
201.412
201.412
201.412
201.412
201.412
201.412
201.412
201.412
201.412
201.412
201.412
201.412
201.412
201.412
201.412
201.412
201.412
201.412
201.412
189.501
189.501
189.501
189.501
189.501
189.501
189.501
189.501
189.501
189.501
189.501
189.501
189.501
189.501
189.501
189.501
189.501
189.501
189.501
189.501
178.306
178.306
178.306
178.306
178.306
178.306
178.306
178.306
178.306
178.306
178.306
178.306
178.306
178.306
178.306
178.306
178.306
178.306
178.306
178.306
167.783
167.783
167.783
167.783
167.783
167.783
167.783
167.783
167.783
167.783
167.783
167.783
167.783
167.783
167.783
167.783
167.783
167.783
167.783
167.783
157.888
157.888
157.888
157.888
157.888
157.888
157.888
157.888
157.888
157.888
157.888
157.888
157.888
157.888
157.888
157.888
157.888
157.888
157.888
157.888
148.582
148.582
148.582
148.582
148.582
148.582
148.582
148.582
148.582
148.582
148.582
148.582
148.582
148.582
148.582
148.582
148.582
148.582
148.582
148.582
139.826
139.826
139.826
139.826
139.826
139.826
139.827
139.827
139.827
139.827
139.827
139.827
139.827
139.827
139.827
139.827
139.827
139.827
139.827
139.827
131.587
131.587
131.587
131.587
131.587
131.587
131.587
131.587
131.587
131.587
131.587
131.587
131.587
131.587
131.587
131.587
131.587
131.587
131.587
131.587
123.83
123.83
123.83
123.83
123.83
123.83
123.83
123.83
123.83
123.83
123.83
123.83
123.83
123.83
123.83
123.83
123.83
123.83
123.83
123.83
116.525
116.525
116.525
116.525
116.525
116.525
116.525
116.525
116.525
116.525
116.525
116.525
116.525
116.525
116.525
116.525
116.525
116.525
116.525
116.525
109.642
109.642
109.642
109.642
109.642
109.642
109.642
109.642
109.642
109.642
109.642
109.642
109.642
109.642
109.642
109.642
109.642
109.642
109.642
109.642
103.154
103.154
103.154
103.154
103.154
103.154
103.154
103.154
103.154
103.154
103.154
103.154
103.154
103.154
103.154
103.154
103.154
103.154
103.154
103.154
97.0335
97.0335
97.0335
97.0335
97.0335
97.0335
97.0335
97.0335
97.0335
97.0335
97.0335
97.0335
97.0335
97.0335
97.0335
97.0335
97.0335
97.0335
97.0335
97.0335
91.257
91.257
91.257
91.257
91.257
91.257
91.257
91.257
91.257
91.257
91.257
91.257
91.257
91.2571
91.2571
91.2571
91.2571
91.2571
91.2571
91.2571
85.8011
85.8011
85.8011
85.8011
85.8011
85.8011
85.8011
85.8011
85.8011
85.8011
85.8011
85.8011
85.8011
85.8011
85.8011
85.8011
85.8011
85.8011
85.8011
85.8011
80.6435
80.6435
80.6435
80.6435
80.6435
80.6435
80.6435
80.6435
80.6435
80.6435
80.6435
80.6435
80.6435
80.6435
80.6435
80.6435
80.6435
80.6435
80.6435
80.6435
75.7636
75.7636
75.7636
75.7636
75.7636
75.7636
75.7636
75.7636
75.7636
75.7636
75.7636
75.7636
75.7636
75.7636
75.7636
75.7636
75.7636
75.7636
75.7636
75.7636
71.1414
71.1414
71.1414
71.1414
71.1414
71.1414
71.1414
71.1414
71.1414
71.1414
71.1414
71.1414
71.1414
71.1414
71.1414
71.1414
71.1414
71.1414
71.1414
71.1414
66.7583
66.7583
66.7583
66.7583
66.7583
66.7583
66.7583
66.7583
66.7583
66.7583
66.7583
66.7583
66.7583
66.7583
66.7583
66.7583
66.7583
66.7583
66.7583
66.7583
62.5964
62.5964
62.5964
62.5964
62.5964
62.5964
62.5964
62.5964
62.5964
62.5964
62.5964
62.5964
62.5964
62.5964
62.5964
62.5964
62.5964
62.5964
62.5964
62.5964
58.6388
58.6388
58.6388
58.6388
58.6388
58.6388
58.6388
58.6388
58.6388
58.6388
58.6388
58.6388
58.6388
58.6388
58.6388
58.6388
58.6388
58.6388
58.6388
58.6388
54.8693
54.8693
54.8693
54.8693
54.8693
54.8693
54.8693
54.8693
54.8693
54.8693
54.8693
54.8693
54.8693
54.8693
54.8693
54.8693
54.8693
54.8693
54.8693
54.8693
51.2729
51.2729
51.2729
51.2729
51.2729
51.2729
51.2729
51.2729
51.2729
51.2729
51.2729
51.2729
51.2729
51.2729
51.2729
51.2729
51.2729
51.2729
51.2729
51.2729
47.835
47.835
47.835
47.835
47.835
47.835
47.835
47.835
47.835
47.8351
47.8351
47.8351
47.8351
47.8351
47.8351
47.8351
47.835
47.835
47.835
47.835
44.5424
44.5424
44.5423
44.5423
44.5424
44.5424
44.5424
44.5424
44.5424
44.5424
44.5424
44.5424
44.5424
44.5424
44.5424
44.5424
44.5424
44.5424
44.5424
44.5424
41.3823
41.3823
41.3823
41.3823
41.3823
41.3823
41.3823
41.3823
41.3824
41.3824
41.3824
41.3824
41.3824
41.3824
41.3824
41.3824
41.3824
41.3824
41.3823
41.3823
38.3436
38.3436
38.3436
38.3436
38.3436
38.3436
38.3436
38.3436
38.3436
38.3436
38.3437
38.3437
38.3437
38.3437
38.3437
38.3437
38.3437
38.3436
38.3436
38.3436
35.4162
35.4162
35.4162
35.4162
35.4162
35.4162
35.4162
35.4162
35.4162
35.4162
35.4162
35.4162
35.4162
35.4162
35.4162
35.4162
35.4162
35.4162
35.4162
35.4162
32.5915
32.5915
32.5915
32.5915
32.5915
32.5915
32.5915
32.5915
32.5915
32.5915
32.5915
32.5916
32.5916
32.5916
32.5916
32.5916
32.5916
32.5915
32.5915
32.5915
29.8632
29.8631
29.8631
29.8631
29.8631
29.8631
29.8631
29.8632
29.8632
29.8632
29.8632
29.8632
29.8632
29.8632
29.8632
29.8632
29.8632
29.8632
29.8632
29.8632
27.227
27.2269
27.2269
27.2269
27.2269
27.2269
27.2269
27.2269
27.227
27.227
27.227
27.227
27.227
27.227
27.227
27.227
27.227
27.227
27.227
27.227
24.6817
24.6817
24.6817
24.6817
24.6817
24.6817
24.6817
24.6817
24.6817
24.6817
24.6818
24.6818
24.6818
24.6818
24.6818
24.6818
24.6818
24.6818
24.6818
24.6817
22.2299
22.2298
22.2298
22.2298
22.2298
22.2298
22.2298
22.2298
22.2299
22.2299
22.2299
22.2299
22.2299
22.2299
22.2299
22.2299
22.2299
22.2299
22.2299
22.2299
19.8778
19.8778
19.8778
19.8778
19.8778
19.8778
19.8778
19.8778
19.8778
19.8778
19.8778
19.8778
19.8778
19.8779
19.8779
19.8779
19.8779
19.8779
19.8778
19.8778
17.6367
17.6367
17.6367
17.6367
17.6367
17.6367
17.6367
17.6367
17.6367
17.6367
17.6367
17.6368
17.6368
17.6368
17.6368
17.6368
17.6368
17.6368
17.6368
17.6367
15.5226
15.5226
15.5226
15.5226
15.5226
15.5226
15.5226
15.5226
15.5226
15.5226
15.5226
15.5226
15.5226
15.5226
15.5226
15.5226
15.5226
15.5226
15.5226
15.5226
13.5558
13.5558
13.5558
13.5557
13.5557
13.5557
13.5557
13.5557
13.5557
13.5558
13.5558
13.5558
13.5558
13.5558
13.5558
13.5558
13.5558
13.5558
13.5558
13.5558
11.7596
11.7596
11.7596
11.7596
11.7596
11.7596
11.7596
11.7596
11.7596
11.7596
11.7596
11.7596
11.7596
11.7597
11.7597
11.7597
11.7597
11.7597
11.7597
11.7596
10.1578
10.1578
10.1578
10.1578
10.1578
10.1578
10.1578
10.1578
10.1578
10.1578
10.1578
10.1578
10.1578
10.1578
10.1578
10.1578
10.1578
10.1578
10.1578
10.1578
8.7078
8.7078
8.70779
8.70779
8.70778
8.70778
8.70778
8.70778
8.70778
8.70779
8.7078
8.7078
8.70781
8.70782
8.70782
8.70783
8.70783
8.70783
8.70782
8.70781
7.4995
7.49949
7.49949
7.49948
7.49948
7.49948
7.49948
7.49948
7.49948
7.49948
7.49949
7.4995
7.4995
7.49951
7.49951
7.49951
7.49952
7.49952
7.49951
7.4995
6.57701
6.57701
6.57701
6.577
6.577
6.577
6.577
6.577
6.577
6.577
6.57701
6.57701
6.57702
6.57702
6.57702
6.57703
6.57703
6.57703
6.57703
6.57702
5.88584
5.88584
5.88584
5.88583
5.88583
5.88583
5.88583
5.88583
5.88583
5.88583
5.88584
5.88584
5.88584
5.88585
5.88585
5.88585
5.88585
5.88585
5.88585
5.88585
5.37313
5.37313
5.37313
5.37313
5.37313
5.37313
5.37313
5.37313
5.37313
5.37313
5.37313
5.37313
5.37314
5.37314
5.37314
5.37314
5.37314
5.37314
5.37314
5.37314
4.99274
4.99274
4.99274
4.99274
4.99274
4.99274
4.99274
4.99274
4.99274
4.99274
4.99274
4.99274
4.99274
4.99274
4.99274
4.99274
4.99274
4.99274
4.99274
4.99274
4.70744
4.70744
4.70744
4.70744
4.70744
4.70744
4.70744
4.70744
4.70744
4.70744
4.70744
4.70744
4.70744
4.70744
4.70744
4.70744
4.70744
4.70744
4.70744
4.70744
4.48885
4.48885
4.48885
4.48885
4.48885
4.48885
4.48885
4.48885
4.48885
4.48885
4.48885
4.48885
4.48885
4.48885
4.48885
4.48885
4.48885
4.48885
4.48885
4.48885
4.31613
4.31613
4.31613
4.31613
4.31613
4.31613
4.31613
4.31613
4.31613
4.31613
4.31613
4.31613
4.31613
4.31613
4.31613
4.31613
4.31613
4.31613
4.31613
4.31613
4.17417
4.17417
4.17417
4.17417
4.17417
4.17417
4.17417
4.17417
4.17417
4.17417
4.17417
4.17417
4.17417
4.17417
4.17417
4.17417
4.17417
4.17417
4.17417
4.17417
4.0523
4.05231
4.05231
4.05231
4.05231
4.05231
4.05231
4.05231
4.05231
4.05231
4.05231
4.0523
4.0523
4.0523
4.0523
4.0523
4.0523
4.0523
4.0523
4.0523
3.94301
3.94301
3.94301
3.94301
3.94302
3.94302
3.94302
3.94302
3.94302
3.94301
3.94301
3.94301
3.94301
3.94301
3.94301
3.94301
3.94301
3.94301
3.94301
3.94301
3.84101
3.84101
3.84101
3.84101
3.84102
3.84102
3.84102
3.84102
3.84102
3.84101
3.84101
3.84101
3.84101
3.84101
3.84101
3.84101
3.84101
3.84101
3.84101
3.84101
3.74263
3.74263
3.74263
3.74263
3.74263
3.74263
3.74263
3.74263
3.74263
3.74263
3.74263
3.74263
3.74263
3.74263
3.74263
3.74262
3.74262
3.74262
3.74262
3.74263
3.64533
3.64534
3.64534
3.64534
3.64534
3.64534
3.64534
3.64534
3.64534
3.64534
3.64533
3.64533
3.64533
3.64533
3.64533
3.64533
3.64533
3.64533
3.64533
3.64533
3.54744
3.54744
3.54744
3.54744
3.54744
3.54744
3.54744
3.54744
3.54744
3.54744
3.54744
3.54743
3.54743
3.54743
3.54743
3.54743
3.54743
3.54743
3.54743
3.54743
3.44784
3.44784
3.44784
3.44784
3.44784
3.44784
3.44784
3.44784
3.44784
3.44784
3.44784
3.44784
3.44784
3.44783
3.44783
3.44783
3.44783
3.44783
3.44783
3.44784
3.34589
3.34589
3.34589
3.34589
3.34589
3.34589
3.34589
3.34589
3.34589
3.34589
3.34589
3.34589
3.34589
3.34589
3.34589
3.34588
3.34588
3.34588
3.34588
3.34589
3.24126
3.24126
3.24126
3.24126
3.24126
3.24126
3.24126
3.24126
3.24126
3.24126
3.24126
3.24126
3.24126
3.24126
3.24126
3.24126
3.24126
3.24126
3.24126
3.24126
3.13387
3.13387
3.13387
3.13387
3.13387
3.13387
3.13387
3.13387
3.13387
3.13387
3.13387
3.13387
3.13387
3.13387
3.13387
3.13387
3.13387
3.13387
3.13387
3.13387
3.02381
3.02381
3.02381
3.02382
3.02382
3.02382
3.02382
3.02382
3.02381
3.02381
3.02381
3.02381
3.02381
3.02381
3.02381
3.02381
3.02381
3.02381
3.02381
3.02381
2.91133
2.91133
2.91133
2.91133
2.91133
2.91133
2.91133
2.91133
2.91133
2.91133
2.91133
2.91133
2.91133
2.91133
2.91133
2.91133
2.91133
2.91133
2.91133
2.91133
2.79675
2.79675
2.79675
2.79675
2.79675
2.79675
2.79675
2.79675
2.79675
2.79675
2.79675
2.79675
2.79675
2.79675
2.79675
2.79675
2.79675
2.79675
2.79675
2.79675
2.68051
2.68051
2.68051
2.68051
2.68051
2.68051
2.68051
2.68051
2.68051
2.68051
2.68051
2.68051
2.68051
2.68051
2.68051
2.68051
2.68051
2.68051
2.68051
2.68051
2.56309
2.56309
2.56309
2.56309
2.56309
2.56309
2.56309
2.56309
2.56309
2.56309
2.56309
2.56309
2.56309
2.56309
2.56309
2.56309
2.56309
2.56309
2.56309
2.56309
2.44504
2.44504
2.44504
2.44504
2.44504
2.44504
2.44504
2.44504
2.44504
2.44504
2.44504
2.44504
2.44504
2.44504
2.44504
2.44504
2.44504
2.44504
2.44504
2.44504
2.32691
2.32691
2.32691
2.32691
2.32691
2.32691
2.32691
2.32691
2.32691
2.32691
2.32691
2.32691
2.32691
2.32691
2.32691
2.32691
2.32691
2.32691
2.32691
2.32691
2.20933
2.20933
2.20933
2.20933
2.20933
2.20933
2.20933
2.20933
2.20933
2.20933
2.20933
2.20933
2.20933
2.20933
2.20933
2.20933
2.20933
2.20933
2.20933
2.20933
2.09292
2.09292
2.09292
2.09292
2.09292
2.09292
2.09292
2.09292
2.09292
2.09292
2.09292
2.09292
2.09292
2.09292
2.09292
2.09292
2.09292
2.09292
2.09292
2.09292
1.97831
1.97831
1.97831
1.97831
1.97831
1.97831
1.97831
1.97831
1.97831
1.97831
1.97831
1.97831
1.97831
1.97831
1.97831
1.97831
1.97831
1.97831
1.97831
1.97831
1.86616
1.86616
1.86616
1.86616
1.86616
1.86616
1.86616
1.86616
1.86616
1.86616
1.86616
1.86616
1.86616
1.86616
1.86616
1.86616
1.86616
1.86616
1.86616
1.86616
1.7571
1.7571
1.7571
1.7571
1.7571
1.7571
1.7571
1.7571
1.7571
1.7571
1.7571
1.7571
1.7571
1.7571
1.7571
1.7571
1.7571
1.7571
1.7571
1.7571
1.65177
1.65177
1.65177
1.65177
1.65177
1.65177
1.65177
1.65177
1.65177
1.65177
1.65177
1.65177
1.65177
1.65177
1.65177
1.65177
1.65177
1.65177
1.65177
1.65177
1.55076
1.55076
1.55076
1.55076
1.55076
1.55076
1.55076
1.55076
1.55076
1.55076
1.55076
1.55076
1.55076
1.55076
1.55076
1.55076
1.55076
1.55076
1.55076
1.55076
1.45462
1.45462
1.45462
1.45462
1.45462
1.45462
1.45462
1.45462
1.45462
1.45462
1.45462
1.45462
1.45462
1.45462
1.45462
1.45462
1.45462
1.45462
1.45462
1.45462
1.36384
1.36384
1.36384
1.36384
1.36384
1.36384
1.36384
1.36384
1.36384
1.36384
1.36384
1.36384
1.36384
1.36384
1.36384
1.36384
1.36384
1.36384
1.36384
1.36384
1.27881
1.27881
1.27881
1.27881
1.27881
1.27881
1.27881
1.27881
1.27881
1.27881
1.27881
1.27881
1.27881
1.27881
1.27881
1.27881
1.27881
1.27881
1.27881
1.27881
1.19976
1.19976
1.19976
1.19976
1.19976
1.19976
1.19976
1.19976
1.19976
1.19976
1.19976
1.19976
1.19976
1.19976
1.19976
1.19976
1.19976
1.19976
1.19976
1.19976
1.12673
1.12673
1.12673
1.12673
1.12673
1.12673
1.12673
1.12673
1.12673
1.12673
1.12673
1.12673
1.12673
1.12673
1.12673
1.12673
1.12673
1.12673
1.12673
1.12673
1.05952
1.05952
1.05952
1.05952
1.05952
1.05952
1.05952
1.05952
1.05952
1.05952
1.05952
1.05952
1.05952
1.05952
1.05952
1.05952
1.05952
1.05952
1.05952
1.05952
0.997626
0.997626
0.997626
0.997626
0.997626
0.997626
0.997626
0.997626
0.997626
0.997626
0.997626
0.997626
0.997626
0.997626
0.997626
0.997626
0.997626
0.997626
0.997626
0.997626
0.940243
0.940243
0.940243
0.940243
0.940243
0.940243
0.940243
0.940243
0.940243
0.940243
0.940243
0.940243
0.940243
0.940243
0.940243
0.940243
0.940243
0.940243
0.940243
0.940243
0.88629
0.88629
0.88629
0.88629
0.88629
0.88629
0.88629
0.88629
0.88629
0.88629
0.88629
0.88629
0.88629
0.88629
0.88629
0.88629
0.88629
0.88629
0.88629
0.88629
0.834456
0.834456
0.834456
0.834456
0.834456
0.834456
0.834456
0.834456
0.834456
0.834456
0.834456
0.834456
0.834456
0.834456
0.834456
0.834456
0.834456
0.834456
0.834456
0.834456
0.78321
0.78321
0.78321
0.78321
0.78321
0.78321
0.78321
0.78321
0.78321
0.78321
0.78321
0.78321
0.78321
0.78321
0.78321
0.78321
0.78321
0.78321
0.78321
0.78321
0.732336
0.732336
0.732336
0.732336
0.732336
0.732336
0.732336
0.732336
0.732336
0.732336
0.732336
0.732336
0.732336
0.732336
0.732335
0.732335
0.732335
0.732335
0.732335
0.732335
0.713453
0.713453
0.713453
0.713452
0.713452
0.713452
0.713452
0.713452
0.713452
0.713452
0.713452
0.713452
0.713453
0.713453
0.713453
0.713453
0.713453
0.713453
0.713453
0.713453
0.712766
0.712766
0.712766
0.712766
0.712766
0.712766
0.712766
0.712766
0.712766
0.712766
0.712766
0.712766
0.712766
0.712767
0.712767
0.712767
0.712767
0.712767
0.712767
0.712767
0.712763
0.712763
0.712763
0.712763
0.712763
0.712763
0.712762
0.712762
0.712762
0.712762
0.712762
0.712762
0.712763
0.712763
0.712763
0.712763
0.712763
0.712763
0.712763
0.712763
0.712763
0.712763
0.712763
0.712763
0.712763
0.712763
0.712762
0.712762
0.712762
0.712762
0.712762
0.712762
0.712763
0.712763
0.712763
0.712763
0.712763
0.712763
0.712763
0.712763
)
;

boundaryField
{
    freeStream
    {
        type            symmetry;
    }
    bottomWall
    {
        type            codedFixedValue;
        value           nonuniform List<scalar> 
20
(
13096.1
13096.1
13096.1
13096.1
13096.1
13096.1
13096.1
13096.1
13096.1
13096.1
13096.1
13096.1
13096.1
13096.1
13096.1
13096.1
13096.1
13096.1
13096.1
13096.1
)
;
        name            ModifiedForRoughness;
        codeInclude     #{
                #include "fvCFD.H"
                #include "cmath"
                #include "iostream"
            #};
        code            #{
            const fvPatch& boundaryPatch = patch();                // give access to boundary mesh patch mesh
            const vectorField& Cf = boundaryPatch.Cf();            // give access to center of mesh 
            const vectorField& normal = patch().nf();              // give access to the face normal 
           
            scalarField& field = *this; 
            field = patchInternalField();                          // assign value from the internal field to the patch     

            scalar Zr = 0.00084;                                    // roughness to be incorporated 
            scalar nuu = 0.00000114;                               // kinematic viscosity
            scalar t = this ->db().time().value();                 // acess time information
            Info << "Binininini" << t << endl; 
            scalar rho = 1000;                                     // Density


  
           if (t>0.02)        // perform the modification from the second time step on wards
            {
                const fvPatchVectorField& Tau = patch().lookupPatchField<volVectorField, vector>("wallShearStress");      // access the wall shear stress vector
               Info << "WALL SHEAR STRESSSSSSSSSSSSSSS" << Tau << endl;   
               scalarField Taux = Tau.component(0);                                                                      // access x-component of the wall shear stress 
               scalarField Tauxx = pow (Taux*Taux,0.5);
               Info << "HORIZONTAL WALL SHEAR STRESSSSSSSSSSS" << Taux << endl; 
               Info << "HORIZONTAL WALL SHEAR STRESSSSSSSSSSS" << Tauxx << endl;   
               scalarField Ushear =  pow(Tauxx,0.5);                                                                // compute the shear velocity => sqrt(Tau/rho)
               Info << "HORIZONTAL WALL SHEAR VELOCITY " << Ushear << endl;  
               scalarField Ksplus =  Ushear*Zr/nuu;                                                                     // compute the non-dimensional roughness => (Ushear*Zr/nu)
               Info << "NON_DIMENSIONAL ROUGHNESS CONSTANT" << Ksplus << endl;  
               scalarField Treshold =(Ushear/Ushear)*25;                                                                 // set the threshold in for all faces => kplus =25
               Info<< "JOEEEEEEEEEEE HELPPPPPPP" <<Treshold << endl;
             
     
         forAll(Cf,faceI)  
              {
               if (Ksplus < Treshold )      //Treshold 
                 {                 
                 field[faceI] = scalar ((Tauxx[faceI]/nuu)*pow(50/Ksplus[faceI],2));           
                 }
               else 
                 {
                 field[faceI] = scalar ((Tauxx[faceI]/nuu)*(100/Ksplus[faceI]));             
                 }
              }
            }
          else
           {
           }    
Info << "OMEGAOMEGAOMEGA"<< field << endl;

          #};
        codeOptions     #{
                -I$(LIB_SRC)/finiteVolume/lnInclude \
                -I$(LIB_SRC)/meshTools/lnInclude
            #};
        codeLibs        #{
        	-lmeshTools \
        	-lfiniteVolume
    	    #};
    }
    left
    {
        type            cyclic;
    }
    right
    {
        type            cyclic;
    }
    frontAndBack
    {
        type            empty;
    }
}


// ************************************************************************* //
