/*--------------------------------*- C++ -*----------------------------------*\
  =========                 |
  \\      /  F ield         | OpenFOAM: The Open Source CFD Toolbox
   \\    /   O peration     | Website:  https://openfoam.org
    \\  /    A nd           | Version:  6
     \\/     M anipulation  |
\*---------------------------------------------------------------------------*/
FoamFile
{
    version     2.0;
    format      ascii;
    class       volScalarField;
    location    "19.44";
    object      omega;
}
// * * * * * * * * * * * * * * * * * * * * * * * * * * * * * * * * * * * * * //

dimensions      [0 0 -1 0 0 0 0];

internalField   nonuniform List<scalar> 
3240
(
13458.8
13458.8
13458.8
13458.8
13458.8
13458.8
13458.8
13458.8
13458.8
13458.8
13458.8
13458.8
13458.8
13458.8
13458.8
13458.8
13458.8
13458.8
13458.8
13458.8
13477.5
13477.5
13477.5
13477.5
13477.5
13477.5
13477.5
13477.5
13477.5
13477.5
13477.5
13477.5
13477.5
13477.5
13477.5
13477.5
13477.5
13477.5
13477.5
13477.5
13223.6
13223.6
13223.6
13223.6
13223.6
13223.6
13223.6
13223.6
13223.6
13223.6
13223.6
13223.6
13223.6
13223.6
13223.6
13223.6
13223.6
13223.6
13223.6
13223.6
12851.1
12851.1
12851.1
12851.1
12851.1
12851.1
12851.1
12851.1
12851.1
12851.1
12851.1
12851.1
12851.1
12851.1
12851.1
12851.1
12851.1
12851.1
12851.1
12851.1
12428.6
12428.6
12428.6
12428.6
12428.6
12428.6
12428.6
12428.6
12428.6
12428.6
12428.6
12428.6
12428.6
12428.6
12428.6
12428.7
12428.7
12428.7
12428.7
12428.7
11990.2
11990.2
11990.2
11990.2
11990.2
11990.2
11990.2
11990.2
11990.2
11990.2
11990.2
11990.2
11990.2
11990.2
11990.2
11990.2
11990.2
11990.2
11990.2
11990.2
11553.7
11553.7
11553.7
11553.7
11553.7
11553.7
11553.7
11553.7
11553.7
11553.7
11553.7
11553.7
11553.7
11553.7
11553.7
11553.7
11553.7
11553.7
11553.7
11553.7
11128.6
11128.6
11128.6
11128.6
11128.6
11128.6
11128.6
11128.6
11128.6
11128.6
11128.6
11128.6
11128.6
11128.6
11128.6
11128.6
11128.6
11128.6
11128.6
11128.6
10719.9
10719.9
10719.9
10719.9
10719.9
10719.9
10719.9
10719.9
10719.9
10719.9
10719.9
10719.9
10719.9
10719.9
10719.9
10719.9
10719.9
10719.9
10719.9
10719.9
10329.9
10329.9
10329.9
10329.9
10329.9
10329.9
10329.9
10329.9
10329.9
10329.9
10329.9
10329.9
10329.9
10329.9
10329.9
10329.9
10329.9
10329.9
10329.9
10329.9
9959.46
9959.46
9959.46
9959.46
9959.46
9959.46
9959.46
9959.46
9959.46
9959.46
9959.46
9959.46
9959.46
9959.46
9959.46
9959.46
9959.46
9959.46
9959.46
9959.46
9608.62
9608.62
9608.62
9608.62
9608.62
9608.62
9608.62
9608.62
9608.62
9608.62
9608.62
9608.62
9608.62
9608.62
9608.62
9608.62
9608.62
9608.62
9608.62
9608.62
9177.8
9177.8
9177.8
9177.8
9177.8
9177.8
9177.8
9177.8
9177.8
9177.8
9177.8
9177.8
9177.8
9177.8
9177.8
9177.8
9177.8
9177.8
9177.8
9177.8
8678.41
8678.41
8678.41
8678.41
8678.41
8678.41
8678.41
8678.41
8678.41
8678.41
8678.41
8678.41
8678.41
8678.41
8678.41
8678.41
8678.41
8678.41
8678.41
8678.41
8195.93
8195.94
8195.94
8195.94
8195.94
8195.94
8195.94
8195.94
8195.94
8195.94
8195.94
8195.94
8195.94
8195.94
8195.94
8195.94
8195.94
8195.94
8195.94
8195.94
7731.94
7731.94
7731.94
7731.94
7731.94
7731.94
7731.94
7731.94
7731.94
7731.94
7731.94
7731.94
7731.94
7731.94
7731.94
7731.94
7731.94
7731.94
7731.94
7731.94
7287.42
7287.42
7287.42
7287.42
7287.42
7287.42
7287.42
7287.42
7287.42
7287.42
7287.42
7287.42
7287.42
7287.42
7287.42
7287.42
7287.42
7287.42
7287.42
7287.42
6862.91
6862.91
6862.91
6862.91
6862.91
6862.91
6862.91
6862.91
6862.91
6862.91
6862.91
6862.91
6862.91
6862.91
6862.91
6862.91
6862.91
6862.91
6862.91
6862.91
6458.59
6458.59
6458.59
6458.59
6458.59
6458.59
6458.59
6458.59
6458.59
6458.59
6458.59
6458.59
6458.59
6458.59
6458.59
6458.59
6458.59
6458.59
6458.59
6458.59
6074.4
6074.4
6074.4
6074.4
6074.4
6074.4
6074.4
6074.4
6074.4
6074.4
6074.4
6074.4
6074.4
6074.4
6074.4
6074.4
6074.4
6074.4
6074.4
6074.4
5710.05
5710.05
5710.05
5710.05
5710.05
5710.05
5710.05
5710.05
5710.05
5710.05
5710.05
5710.05
5710.05
5710.05
5710.05
5710.05
5710.05
5710.05
5710.05
5710.05
5365.1
5365.1
5365.1
5365.1
5365.1
5365.1
5365.1
5365.1
5365.1
5365.1
5365.1
5365.1
5365.1
5365.1
5365.1
5365.1
5365.1
5365.1
5365.1
5365.1
5039.01
5039.01
5039.01
5039.01
5039.01
5039.01
5039.01
5039.01
5039.01
5039.01
5039.01
5039.01
5039.01
5039.01
5039.01
5039.01
5039.01
5039.01
5039.01
5039.01
4731.15
4731.15
4731.15
4731.15
4731.15
4731.15
4731.15
4731.15
4731.15
4731.15
4731.15
4731.15
4731.15
4731.15
4731.15
4731.15
4731.15
4731.15
4731.15
4731.15
4440.82
4440.82
4440.82
4440.82
4440.82
4440.82
4440.82
4440.82
4440.82
4440.82
4440.82
4440.82
4440.82
4440.82
4440.82
4440.82
4440.82
4440.82
4440.82
4440.82
4167.3
4167.3
4167.3
4167.3
4167.3
4167.3
4167.3
4167.3
4167.3
4167.3
4167.3
4167.3
4167.3
4167.3
4167.3
4167.3
4167.3
4167.3
4167.3
4167.3
3909.83
3909.83
3909.83
3909.83
3909.83
3909.83
3909.83
3909.83
3909.83
3909.83
3909.83
3909.83
3909.83
3909.83
3909.83
3909.83
3909.83
3909.83
3909.83
3909.83
3667.65
3667.65
3667.65
3667.65
3667.65
3667.65
3667.65
3667.65
3667.65
3667.65
3667.65
3667.65
3667.65
3667.65
3667.65
3667.65
3667.65
3667.65
3667.65
3667.65
3440.01
3440.01
3440.01
3440.01
3440.01
3440.01
3440.01
3440.01
3440.01
3440.01
3440.01
3440.01
3440.01
3440.01
3440.01
3440.01
3440.01
3440.01
3440.01
3440.01
3226.15
3226.15
3226.15
3226.15
3226.15
3226.15
3226.15
3226.15
3226.15
3226.15
3226.15
3226.15
3226.15
3226.15
3226.15
3226.15
3226.15
3226.15
3226.15
3226.15
3025.33
3025.33
3025.33
3025.33
3025.33
3025.33
3025.33
3025.33
3025.33
3025.33
3025.33
3025.33
3025.33
3025.33
3025.33
3025.33
3025.33
3025.33
3025.33
3025.33
2836.85
2836.85
2836.85
2836.85
2836.85
2836.85
2836.85
2836.85
2836.85
2836.85
2836.85
2836.85
2836.85
2836.85
2836.85
2836.85
2836.85
2836.85
2836.85
2836.85
2660
2660
2660
2660
2660
2660
2660
2660
2660
2660
2660
2660
2660
2660
2660
2660
2660
2660
2660
2660
2494.13
2494.13
2494.13
2494.13
2494.13
2494.13
2494.13
2494.13
2494.13
2494.13
2494.13
2494.13
2494.13
2494.13
2494.13
2494.13
2494.13
2494.13
2494.13
2494.13
2338.58
2338.58
2338.58
2338.58
2338.58
2338.58
2338.58
2338.58
2338.58
2338.58
2338.58
2338.58
2338.58
2338.58
2338.58
2338.58
2338.58
2338.58
2338.58
2338.58
2192.75
2192.75
2192.75
2192.75
2192.75
2192.75
2192.75
2192.75
2192.75
2192.75
2192.75
2192.75
2192.75
2192.75
2192.75
2192.75
2192.75
2192.75
2192.75
2192.75
2056.06
2056.06
2056.06
2056.06
2056.06
2056.06
2056.06
2056.06
2056.06
2056.06
2056.06
2056.06
2056.06
2056.06
2056.06
2056.06
2056.06
2056.06
2056.06
2056.06
1927.96
1927.96
1927.96
1927.96
1927.96
1927.96
1927.96
1927.96
1927.96
1927.96
1927.96
1927.96
1927.96
1927.96
1927.96
1927.96
1927.96
1927.96
1927.96
1927.96
1807.91
1807.91
1807.91
1807.91
1807.91
1807.91
1807.91
1807.91
1807.91
1807.91
1807.91
1807.91
1807.91
1807.91
1807.91
1807.91
1807.91
1807.91
1807.91
1807.91
1695.42
1695.42
1695.42
1695.42
1695.42
1695.42
1695.42
1695.42
1695.42
1695.42
1695.42
1695.42
1695.42
1695.42
1695.42
1695.42
1695.42
1695.42
1695.42
1695.42
1590.02
1590.02
1590.02
1590.02
1590.02
1590.02
1590.02
1590.02
1590.02
1590.02
1590.02
1590.02
1590.02
1590.02
1590.02
1590.02
1590.02
1590.02
1590.02
1590.02
1491.27
1491.27
1491.27
1491.27
1491.27
1491.27
1491.27
1491.27
1491.27
1491.27
1491.27
1491.27
1491.27
1491.27
1491.27
1491.27
1491.27
1491.27
1491.27
1491.27
1398.75
1398.75
1398.75
1398.75
1398.75
1398.75
1398.75
1398.75
1398.75
1398.75
1398.75
1398.75
1398.75
1398.75
1398.75
1398.75
1398.75
1398.75
1398.75
1398.75
1312.07
1312.07
1312.07
1312.07
1312.07
1312.07
1312.07
1312.07
1312.07
1312.07
1312.07
1312.07
1312.07
1312.07
1312.07
1312.07
1312.07
1312.07
1312.07
1312.07
1230.86
1230.86
1230.86
1230.86
1230.86
1230.86
1230.86
1230.86
1230.86
1230.86
1230.86
1230.86
1230.86
1230.86
1230.86
1230.86
1230.86
1230.86
1230.86
1230.86
1154.78
1154.78
1154.78
1154.78
1154.78
1154.78
1154.78
1154.78
1154.78
1154.78
1154.78
1154.78
1154.78
1154.78
1154.78
1154.78
1154.78
1154.78
1154.78
1154.78
1083.49
1083.49
1083.49
1083.49
1083.49
1083.49
1083.49
1083.49
1083.49
1083.49
1083.49
1083.49
1083.49
1083.49
1083.49
1083.49
1083.49
1083.49
1083.49
1083.49
1016.69
1016.69
1016.69
1016.69
1016.69
1016.69
1016.69
1016.69
1016.69
1016.69
1016.69
1016.69
1016.69
1016.69
1016.69
1016.69
1016.69
1016.69
1016.69
1016.69
954.103
954.103
954.103
954.104
954.104
954.104
954.104
954.104
954.104
954.104
954.104
954.104
954.104
954.104
954.104
954.104
954.104
954.104
954.104
954.104
895.453
895.453
895.453
895.453
895.453
895.453
895.453
895.453
895.453
895.453
895.453
895.453
895.453
895.453
895.453
895.453
895.453
895.453
895.453
895.453
840.49
840.49
840.49
840.49
840.49
840.49
840.49
840.49
840.49
840.49
840.49
840.49
840.49
840.49
840.49
840.49
840.49
840.49
840.49
840.49
788.978
788.978
788.978
788.978
788.978
788.978
788.978
788.978
788.978
788.978
788.978
788.978
788.978
788.978
788.978
788.978
788.978
788.978
788.978
788.978
740.697
740.697
740.697
740.697
740.697
740.697
740.697
740.697
740.697
740.697
740.697
740.697
740.697
740.697
740.697
740.697
740.697
740.697
740.697
740.697
695.442
695.442
695.442
695.442
695.442
695.442
695.442
695.442
695.442
695.442
695.442
695.442
695.442
695.442
695.442
695.442
695.442
695.442
695.442
695.442
653.018
653.018
653.018
653.018
653.018
653.018
653.018
653.018
653.018
653.018
653.018
653.018
653.018
653.018
653.018
653.018
653.018
653.018
653.018
653.018
613.246
613.246
613.246
613.246
613.246
613.246
613.246
613.246
613.246
613.246
613.246
613.246
613.246
613.246
613.246
613.246
613.246
613.246
613.246
613.246
575.956
575.956
575.956
575.956
575.956
575.956
575.956
575.956
575.956
575.956
575.956
575.956
575.956
575.956
575.956
575.956
575.956
575.956
575.956
575.956
540.99
540.99
540.99
540.99
540.99
540.99
540.99
540.99
540.99
540.99
540.99
540.99
540.99
540.99
540.99
540.99
540.99
540.99
540.99
540.99
508.2
508.2
508.2
508.2
508.2
508.2
508.2
508.2
508.2
508.2
508.2
508.2
508.2
508.2
508.2
508.2
508.2
508.2
508.2
508.2
477.447
477.447
477.447
477.447
477.447
477.447
477.447
477.447
477.447
477.447
477.447
477.447
477.447
477.447
477.447
477.447
477.447
477.447
477.447
477.448
448.603
448.603
448.603
448.603
448.603
448.603
448.603
448.603
448.603
448.603
448.603
448.603
448.603
448.603
448.603
448.603
448.603
448.603
448.603
448.603
421.546
421.546
421.546
421.546
421.546
421.546
421.546
421.546
421.546
421.546
421.546
421.546
421.546
421.546
421.546
421.546
421.546
421.546
421.546
421.546
396.163
396.163
396.163
396.163
396.163
396.163
396.163
396.163
396.163
396.163
396.163
396.163
396.163
396.163
396.163
396.163
396.163
396.163
396.163
396.163
372.347
372.347
372.347
372.347
372.347
372.347
372.347
372.347
372.347
372.347
372.347
372.347
372.347
372.347
372.347
372.347
372.347
372.347
372.347
372.347
349.999
349.999
349.999
349.999
349.999
349.999
349.999
349.999
349.999
349.999
349.999
349.999
349.999
349.999
349.999
349.999
349.999
349.999
349.999
349.999
329.027
329.027
329.027
329.027
329.027
329.027
329.027
329.027
329.027
329.027
329.027
329.027
329.027
329.027
329.027
329.027
329.027
329.027
329.027
329.027
309.344
309.344
309.344
309.344
309.344
309.344
309.344
309.344
309.344
309.344
309.344
309.344
309.344
309.344
309.344
309.344
309.344
309.344
309.344
309.344
290.867
290.867
290.867
290.867
290.867
290.867
290.867
290.867
290.867
290.867
290.867
290.867
290.867
290.867
290.867
290.867
290.867
290.867
290.867
290.867
273.521
273.521
273.521
273.521
273.521
273.521
273.521
273.521
273.521
273.521
273.521
273.521
273.521
273.521
273.521
273.521
273.521
273.521
273.521
273.521
257.235
257.235
257.235
257.235
257.235
257.235
257.235
257.235
257.235
257.235
257.235
257.235
257.235
257.235
257.235
257.235
257.235
257.235
257.235
257.235
241.942
241.942
241.942
241.942
241.942
241.942
241.942
241.942
241.942
241.942
241.942
241.942
241.942
241.942
241.942
241.942
241.942
241.942
241.942
241.942
227.578
227.578
227.578
227.578
227.578
227.578
227.578
227.578
227.578
227.578
227.578
227.578
227.578
227.578
227.578
227.578
227.578
227.578
227.578
227.578
214.086
214.086
214.086
214.086
214.086
214.086
214.086
214.086
214.086
214.086
214.086
214.086
214.086
214.086
214.086
214.086
214.086
214.086
214.086
214.086
201.41
201.41
201.41
201.41
201.41
201.41
201.41
201.41
201.41
201.41
201.41
201.41
201.41
201.41
201.41
201.41
201.41
201.41
201.41
201.41
189.499
189.499
189.499
189.499
189.499
189.499
189.499
189.499
189.499
189.499
189.499
189.499
189.499
189.499
189.499
189.499
189.499
189.499
189.499
189.499
178.305
178.305
178.305
178.305
178.305
178.305
178.305
178.305
178.305
178.305
178.305
178.305
178.305
178.305
178.305
178.305
178.305
178.305
178.305
178.305
167.781
167.781
167.781
167.781
167.781
167.781
167.781
167.781
167.781
167.781
167.781
167.781
167.781
167.781
167.781
167.781
167.781
167.781
167.781
167.781
157.887
157.887
157.887
157.887
157.887
157.887
157.887
157.887
157.887
157.887
157.887
157.887
157.887
157.887
157.887
157.887
157.887
157.887
157.887
157.887
148.58
148.58
148.58
148.58
148.58
148.58
148.58
148.58
148.58
148.58
148.58
148.58
148.58
148.58
148.58
148.58
148.58
148.58
148.58
148.58
139.825
139.825
139.825
139.825
139.825
139.825
139.825
139.825
139.825
139.825
139.825
139.825
139.825
139.825
139.825
139.825
139.825
139.825
139.825
139.825
131.586
131.586
131.586
131.586
131.586
131.586
131.586
131.586
131.586
131.586
131.586
131.586
131.586
131.586
131.586
131.586
131.586
131.586
131.586
131.586
123.829
123.829
123.829
123.829
123.829
123.829
123.829
123.829
123.829
123.829
123.829
123.829
123.829
123.829
123.829
123.829
123.829
123.829
123.829
123.829
116.524
116.524
116.524
116.524
116.524
116.524
116.524
116.524
116.524
116.524
116.524
116.524
116.524
116.524
116.524
116.524
116.524
116.524
116.524
116.524
109.641
109.641
109.641
109.641
109.641
109.641
109.641
109.641
109.641
109.641
109.641
109.641
109.641
109.641
109.641
109.641
109.641
109.641
109.641
109.641
103.153
103.153
103.153
103.153
103.153
103.153
103.153
103.153
103.153
103.153
103.153
103.153
103.153
103.153
103.153
103.153
103.153
103.153
103.153
103.153
97.0329
97.0329
97.0329
97.0329
97.0329
97.0329
97.0329
97.0329
97.0329
97.0329
97.0329
97.0329
97.0329
97.0329
97.0329
97.0329
97.0329
97.0329
97.0329
97.0329
91.2566
91.2566
91.2566
91.2566
91.2566
91.2565
91.2565
91.2565
91.2565
91.2566
91.2566
91.2566
91.2566
91.2566
91.2566
91.2566
91.2566
91.2566
91.2566
91.2566
85.8007
85.8007
85.8007
85.8007
85.8007
85.8007
85.8007
85.8007
85.8007
85.8007
85.8007
85.8007
85.8007
85.8007
85.8007
85.8007
85.8007
85.8007
85.8007
85.8007
80.6432
80.6432
80.6432
80.6432
80.6432
80.6432
80.6432
80.6432
80.6432
80.6432
80.6432
80.6432
80.6432
80.6432
80.6432
80.6432
80.6432
80.6432
80.6432
80.6432
75.7634
75.7634
75.7634
75.7634
75.7634
75.7634
75.7634
75.7634
75.7634
75.7634
75.7634
75.7634
75.7634
75.7634
75.7634
75.7634
75.7634
75.7634
75.7634
75.7634
71.1413
71.1413
71.1413
71.1413
71.1413
71.1413
71.1413
71.1413
71.1413
71.1413
71.1413
71.1413
71.1413
71.1413
71.1413
71.1413
71.1413
71.1413
71.1413
71.1413
66.7583
66.7583
66.7583
66.7583
66.7583
66.7583
66.7583
66.7583
66.7583
66.7583
66.7583
66.7583
66.7583
66.7583
66.7583
66.7583
66.7583
66.7583
66.7583
66.7583
62.5964
62.5964
62.5964
62.5964
62.5964
62.5964
62.5964
62.5964
62.5964
62.5964
62.5964
62.5964
62.5964
62.5964
62.5964
62.5964
62.5964
62.5964
62.5964
62.5964
58.6389
58.6389
58.6389
58.6389
58.6389
58.6389
58.6389
58.6389
58.6389
58.6389
58.6389
58.6389
58.6389
58.6389
58.6389
58.6389
58.6389
58.6389
58.6389
58.6389
54.8695
54.8695
54.8695
54.8695
54.8695
54.8695
54.8695
54.8695
54.8695
54.8695
54.8696
54.8696
54.8696
54.8696
54.8696
54.8695
54.8695
54.8695
54.8695
54.8695
51.2732
51.2732
51.2732
51.2732
51.2732
51.2732
51.2732
51.2732
51.2732
51.2732
51.2732
51.2732
51.2732
51.2732
51.2732
51.2732
51.2732
51.2732
51.2732
51.2732
47.8354
47.8354
47.8354
47.8354
47.8354
47.8354
47.8354
47.8354
47.8354
47.8354
47.8355
47.8355
47.8355
47.8355
47.8355
47.8354
47.8354
47.8354
47.8354
47.8354
44.5428
44.5428
44.5428
44.5428
44.5428
44.5428
44.5428
44.5428
44.5429
44.5429
44.5429
44.5429
44.5429
44.5429
44.5429
44.5429
44.5429
44.5429
44.5428
44.5428
41.3829
41.3829
41.3829
41.3829
41.3829
41.3829
41.3829
41.3829
41.3829
41.3829
41.3829
41.3829
41.3829
41.3829
41.3829
41.3829
41.3829
41.3829
41.3829
41.3829
38.3443
38.3443
38.3443
38.3443
38.3443
38.3443
38.3443
38.3443
38.3443
38.3443
38.3443
38.3443
38.3443
38.3443
38.3443
38.3443
38.3443
38.3443
38.3443
38.3443
35.4169
35.4169
35.4169
35.4169
35.4169
35.4169
35.4169
35.4169
35.4169
35.4169
35.417
35.417
35.417
35.417
35.417
35.417
35.417
35.417
35.4169
35.4169
32.5924
32.5924
32.5924
32.5924
32.5924
32.5924
32.5924
32.5924
32.5924
32.5924
32.5924
32.5924
32.5924
32.5924
32.5924
32.5924
32.5924
32.5924
32.5924
32.5924
29.8641
29.8641
29.8641
29.8641
29.8641
29.8641
29.8641
29.8641
29.8641
29.8641
29.8641
29.8641
29.8641
29.8641
29.8641
29.8641
29.8641
29.8641
29.8641
29.8641
27.228
27.228
27.2279
27.2279
27.2279
27.2279
27.2279
27.228
27.228
27.228
27.228
27.228
27.228
27.228
27.228
27.228
27.228
27.228
27.228
27.228
24.6828
24.6828
24.6828
24.6828
24.6828
24.6828
24.6828
24.6828
24.6828
24.6828
24.6828
24.6828
24.6828
24.6829
24.6829
24.6829
24.6829
24.6828
24.6828
24.6828
22.231
22.231
22.231
22.231
22.231
22.231
22.231
22.231
22.231
22.231
22.231
22.231
22.231
22.231
22.231
22.231
22.231
22.231
22.231
22.231
19.879
19.879
19.879
19.879
19.879
19.879
19.879
19.879
19.879
19.879
19.879
19.879
19.879
19.879
19.879
19.879
19.879
19.879
19.879
19.879
17.6379
17.6379
17.6379
17.6379
17.6379
17.6379
17.6379
17.6379
17.6379
17.6379
17.6379
17.6379
17.6379
17.638
17.638
17.638
17.638
17.638
17.638
17.6379
15.5238
15.5238
15.5238
15.5237
15.5237
15.5237
15.5237
15.5237
15.5237
15.5238
15.5238
15.5238
15.5238
15.5238
15.5238
15.5238
15.5238
15.5238
15.5238
15.5238
13.5569
13.5569
13.5569
13.5569
13.5569
13.5569
13.5569
13.5569
13.5569
13.5569
13.5569
13.5569
13.5569
13.5569
13.5569
13.5569
13.5569
13.5569
13.5569
13.5569
11.7607
11.7607
11.7607
11.7606
11.7606
11.7606
11.7606
11.7606
11.7606
11.7606
11.7607
11.7607
11.7607
11.7607
11.7607
11.7607
11.7607
11.7607
11.7607
11.7607
10.1587
10.1587
10.1587
10.1587
10.1587
10.1587
10.1587
10.1587
10.1587
10.1587
10.1587
10.1587
10.1587
10.1587
10.1587
10.1587
10.1587
10.1587
10.1587
10.1587
8.70857
8.70856
8.70856
8.70855
8.70855
8.70854
8.70854
8.70854
8.70855
8.70855
8.70856
8.70856
8.70857
8.70858
8.70858
8.70859
8.70859
8.70859
8.70859
8.70857
7.50009
7.50009
7.50008
7.50008
7.50007
7.50007
7.50007
7.50007
7.50007
7.50008
7.50008
7.50009
7.50009
7.5001
7.5001
7.50011
7.50011
7.50011
7.50011
7.5001
6.57745
6.57744
6.57744
6.57744
6.57743
6.57743
6.57743
6.57743
6.57743
6.57743
6.57744
6.57744
6.57745
6.57745
6.57745
6.57746
6.57746
6.57746
6.57746
6.57745
5.88613
5.88613
5.88613
5.88613
5.88613
5.88612
5.88612
5.88612
5.88612
5.88613
5.88613
5.88613
5.88613
5.88614
5.88614
5.88614
5.88614
5.88614
5.88614
5.88614
5.37331
5.37331
5.37331
5.37331
5.37331
5.37331
5.37331
5.37331
5.37331
5.37331
5.37331
5.37331
5.37331
5.37332
5.37332
5.37332
5.37332
5.37332
5.37332
5.37332
4.99283
4.99283
4.99283
4.99283
4.99283
4.99283
4.99283
4.99283
4.99283
4.99283
4.99283
4.99283
4.99283
4.99284
4.99284
4.99284
4.99284
4.99284
4.99284
4.99284
4.70747
4.70747
4.70747
4.70747
4.70747
4.70747
4.70747
4.70747
4.70747
4.70747
4.70747
4.70747
4.70747
4.70747
4.70747
4.70747
4.70747
4.70747
4.70747
4.70747
4.48884
4.48884
4.48884
4.48884
4.48884
4.48884
4.48884
4.48884
4.48884
4.48884
4.48884
4.48884
4.48884
4.48884
4.48884
4.48884
4.48884
4.48884
4.48884
4.48884
4.31609
4.31609
4.31609
4.31609
4.31609
4.31609
4.31609
4.31609
4.31609
4.31609
4.31609
4.31609
4.31609
4.31609
4.31609
4.31609
4.31609
4.31609
4.31609
4.31609
4.17411
4.17411
4.17411
4.17411
4.17411
4.17411
4.17411
4.17411
4.17411
4.17411
4.17411
4.17411
4.17411
4.17411
4.17411
4.17411
4.17411
4.17411
4.17411
4.17411
4.05223
4.05223
4.05223
4.05224
4.05224
4.05224
4.05224
4.05224
4.05224
4.05224
4.05224
4.05223
4.05223
4.05223
4.05223
4.05223
4.05223
4.05223
4.05223
4.05223
3.94294
3.94294
3.94294
3.94294
3.94294
3.94294
3.94294
3.94294
3.94294
3.94294
3.94294
3.94294
3.94294
3.94293
3.94293
3.94293
3.94293
3.94293
3.94293
3.94293
3.84093
3.84093
3.84094
3.84094
3.84094
3.84094
3.84094
3.84094
3.84094
3.84094
3.84094
3.84093
3.84093
3.84093
3.84093
3.84093
3.84093
3.84093
3.84093
3.84093
3.74255
3.74255
3.74255
3.74255
3.74255
3.74255
3.74255
3.74255
3.74255
3.74255
3.74255
3.74255
3.74255
3.74255
3.74255
3.74255
3.74255
3.74255
3.74255
3.74255
3.64526
3.64526
3.64526
3.64526
3.64526
3.64526
3.64526
3.64526
3.64526
3.64526
3.64526
3.64526
3.64526
3.64526
3.64526
3.64526
3.64526
3.64526
3.64526
3.64526
3.54736
3.54737
3.54737
3.54737
3.54737
3.54737
3.54737
3.54737
3.54737
3.54737
3.54737
3.54736
3.54736
3.54736
3.54736
3.54736
3.54736
3.54736
3.54736
3.54736
3.44777
3.44777
3.44777
3.44777
3.44777
3.44777
3.44777
3.44777
3.44777
3.44777
3.44777
3.44777
3.44777
3.44777
3.44777
3.44777
3.44777
3.44777
3.44777
3.44777
3.34583
3.34583
3.34583
3.34583
3.34583
3.34583
3.34583
3.34583
3.34583
3.34583
3.34583
3.34583
3.34583
3.34583
3.34583
3.34583
3.34582
3.34582
3.34582
3.34583
3.24121
3.24121
3.24121
3.24121
3.24121
3.24121
3.24121
3.24121
3.24121
3.24121
3.24121
3.24121
3.24121
3.24121
3.2412
3.2412
3.2412
3.2412
3.2412
3.24121
3.13382
3.13382
3.13382
3.13382
3.13382
3.13382
3.13382
3.13382
3.13382
3.13382
3.13382
3.13382
3.13382
3.13382
3.13382
3.13382
3.13382
3.13382
3.13382
3.13382
3.02377
3.02377
3.02377
3.02377
3.02377
3.02377
3.02377
3.02377
3.02377
3.02377
3.02377
3.02377
3.02377
3.02377
3.02377
3.02377
3.02377
3.02377
3.02377
3.02377
2.91129
2.91129
2.91129
2.91129
2.91129
2.91129
2.91129
2.91129
2.91129
2.91129
2.91129
2.91129
2.91129
2.91129
2.91129
2.91129
2.91129
2.91129
2.91129
2.91129
2.79672
2.79672
2.79672
2.79672
2.79672
2.79672
2.79672
2.79672
2.79672
2.79672
2.79672
2.79672
2.79672
2.79672
2.79672
2.79672
2.79672
2.79672
2.79672
2.79672
2.68049
2.68049
2.68049
2.68049
2.68049
2.68049
2.68049
2.68049
2.68049
2.68049
2.68049
2.68049
2.68049
2.68049
2.68049
2.68049
2.68049
2.68049
2.68049
2.68049
2.56308
2.56308
2.56308
2.56308
2.56308
2.56308
2.56308
2.56308
2.56308
2.56308
2.56308
2.56308
2.56308
2.56308
2.56308
2.56307
2.56307
2.56307
2.56307
2.56308
2.44502
2.44502
2.44502
2.44502
2.44502
2.44502
2.44502
2.44502
2.44502
2.44502
2.44502
2.44502
2.44502
2.44502
2.44502
2.44502
2.44502
2.44502
2.44502
2.44502
2.3269
2.3269
2.3269
2.3269
2.3269
2.3269
2.3269
2.3269
2.3269
2.3269
2.3269
2.3269
2.3269
2.3269
2.3269
2.3269
2.3269
2.3269
2.3269
2.3269
2.20933
2.20933
2.20933
2.20933
2.20933
2.20933
2.20933
2.20933
2.20933
2.20933
2.20933
2.20933
2.20933
2.20933
2.20933
2.20933
2.20933
2.20933
2.20933
2.20933
2.09292
2.09292
2.09292
2.09292
2.09292
2.09292
2.09292
2.09292
2.09292
2.09292
2.09292
2.09292
2.09292
2.09292
2.09292
2.09292
2.09292
2.09292
2.09292
2.09292
1.97831
1.97831
1.97831
1.97831
1.97831
1.97831
1.97831
1.97831
1.97831
1.97831
1.97831
1.97831
1.97831
1.97831
1.97831
1.97831
1.97831
1.97831
1.97831
1.97831
1.86617
1.86617
1.86617
1.86616
1.86616
1.86616
1.86616
1.86616
1.86616
1.86617
1.86617
1.86617
1.86617
1.86617
1.86617
1.86617
1.86617
1.86617
1.86617
1.86617
1.75711
1.75711
1.75711
1.75711
1.75711
1.75711
1.75711
1.75711
1.75711
1.75711
1.75711
1.75711
1.75711
1.75711
1.75711
1.75711
1.75711
1.75711
1.75711
1.75711
1.65178
1.65178
1.65178
1.65178
1.65178
1.65178
1.65178
1.65178
1.65178
1.65178
1.65178
1.65178
1.65178
1.65178
1.65178
1.65178
1.65178
1.65178
1.65178
1.65178
1.55076
1.55076
1.55076
1.55076
1.55076
1.55076
1.55076
1.55076
1.55076
1.55076
1.55076
1.55076
1.55076
1.55076
1.55076
1.55076
1.55076
1.55076
1.55076
1.55076
1.45463
1.45463
1.45463
1.45463
1.45463
1.45463
1.45463
1.45463
1.45463
1.45463
1.45463
1.45463
1.45463
1.45463
1.45463
1.45463
1.45463
1.45463
1.45463
1.45463
1.36385
1.36385
1.36385
1.36385
1.36385
1.36385
1.36385
1.36385
1.36385
1.36385
1.36385
1.36385
1.36385
1.36385
1.36385
1.36385
1.36385
1.36385
1.36385
1.36385
1.27882
1.27882
1.27882
1.27882
1.27882
1.27882
1.27882
1.27882
1.27882
1.27882
1.27882
1.27882
1.27882
1.27882
1.27882
1.27882
1.27882
1.27882
1.27882
1.27882
1.19977
1.19977
1.19977
1.19977
1.19977
1.19977
1.19977
1.19977
1.19977
1.19977
1.19977
1.19977
1.19977
1.19977
1.19977
1.19977
1.19977
1.19977
1.19977
1.19977
1.12674
1.12674
1.12674
1.12674
1.12674
1.12674
1.12674
1.12674
1.12674
1.12674
1.12674
1.12674
1.12674
1.12674
1.12674
1.12674
1.12674
1.12674
1.12674
1.12674
1.05953
1.05953
1.05953
1.05953
1.05953
1.05953
1.05953
1.05953
1.05953
1.05953
1.05953
1.05953
1.05953
1.05953
1.05953
1.05953
1.05953
1.05953
1.05953
1.05953
0.997628
0.997628
0.997628
0.997628
0.997628
0.997628
0.997628
0.997628
0.997628
0.997628
0.997628
0.997628
0.997628
0.997628
0.997628
0.997628
0.997628
0.997628
0.997628
0.997628
0.940243
0.940243
0.940243
0.940243
0.940243
0.940243
0.940243
0.940243
0.940243
0.940243
0.940243
0.940243
0.940243
0.940243
0.940243
0.940243
0.940243
0.940243
0.940243
0.940243
0.88629
0.88629
0.88629
0.88629
0.88629
0.88629
0.88629
0.88629
0.88629
0.88629
0.88629
0.88629
0.88629
0.88629
0.88629
0.88629
0.88629
0.88629
0.88629
0.88629
0.834456
0.834456
0.834456
0.834456
0.834456
0.834456
0.834456
0.834456
0.834456
0.834456
0.834456
0.834456
0.834456
0.834456
0.834456
0.834456
0.834456
0.834456
0.834456
0.834456
0.783211
0.783211
0.783211
0.783211
0.783211
0.783211
0.783211
0.783211
0.783211
0.783211
0.783211
0.783211
0.783211
0.783211
0.783211
0.783211
0.783211
0.783211
0.783211
0.783211
0.732336
0.732336
0.732336
0.732336
0.732336
0.732336
0.732336
0.732336
0.732336
0.732336
0.732336
0.732336
0.732336
0.732336
0.732336
0.732336
0.732336
0.732336
0.732336
0.732336
0.713449
0.713449
0.713449
0.713449
0.713449
0.713449
0.713449
0.713449
0.713449
0.713449
0.713449
0.713449
0.713449
0.713449
0.71345
0.71345
0.71345
0.71345
0.71345
0.71345
0.712763
0.712763
0.712763
0.712762
0.712762
0.712762
0.712762
0.712762
0.712762
0.712762
0.712762
0.712762
0.712763
0.712763
0.712763
0.712763
0.712763
0.712763
0.712763
0.712763
0.712759
0.712759
0.712759
0.712759
0.712759
0.712759
0.712759
0.712759
0.712759
0.712759
0.712759
0.712759
0.712759
0.712759
0.712759
0.71276
0.71276
0.71276
0.71276
0.712759
0.712759
0.712759
0.712759
0.712759
0.712759
0.712759
0.712759
0.712759
0.712759
0.712759
0.712759
0.712759
0.712759
0.712759
0.712759
0.71276
0.71276
0.71276
0.71276
0.712759
)
;

boundaryField
{
    freeStream
    {
        type            symmetry;
    }
    bottomWall
    {
        type            codedFixedValue;
        value           nonuniform List<scalar> 
20
(
13096.1
13096.1
13096.1
13096.1
13096.1
13096.1
13096.1
13096.1
13096.1
13096.1
13096.1
13096.1
13096.1
13096.1
13096.1
13096.1
13096.1
13096.1
13096.1
13096.1
)
;
        name            ModifiedForRoughness;
        codeInclude     #{
                #include "fvCFD.H"
                #include "cmath"
                #include "iostream"
            #};
        code            #{
            const fvPatch& boundaryPatch = patch();                // give access to boundary mesh patch mesh
            const vectorField& Cf = boundaryPatch.Cf();            // give access to center of mesh 
            const vectorField& normal = patch().nf();              // give access to the face normal 
           
            scalarField& field = *this; 
            field = patchInternalField();                          // assign value from the internal field to the patch     

            scalar Zr = 0.00084;                                    // roughness to be incorporated 
            scalar nuu = 0.00000114;                               // kinematic viscosity
            scalar t = this ->db().time().value();                 // acess time information
            Info << "Binininini" << t << endl; 
            scalar rho = 1000;                                     // Density


  
           if (t>0.02)        // perform the modification from the second time step on wards
            {
                const fvPatchVectorField& Tau = patch().lookupPatchField<volVectorField, vector>("wallShearStress");      // access the wall shear stress vector
               Info << "WALL SHEAR STRESSSSSSSSSSSSSSS" << Tau << endl;   
               scalarField Taux = Tau.component(0);                                                                      // access x-component of the wall shear stress 
               scalarField Tauxx = pow (Taux*Taux,0.5);
               Info << "HORIZONTAL WALL SHEAR STRESSSSSSSSSSS" << Taux << endl; 
               Info << "HORIZONTAL WALL SHEAR STRESSSSSSSSSSS" << Tauxx << endl;   
               scalarField Ushear =  pow(Tauxx,0.5);                                                                // compute the shear velocity => sqrt(Tau/rho)
               Info << "HORIZONTAL WALL SHEAR VELOCITY " << Ushear << endl;  
               scalarField Ksplus =  Ushear*Zr/nuu;                                                                     // compute the non-dimensional roughness => (Ushear*Zr/nu)
               Info << "NON_DIMENSIONAL ROUGHNESS CONSTANT" << Ksplus << endl;  
               scalarField Treshold =(Ushear/Ushear)*25;                                                                 // set the threshold in for all faces => kplus =25
               Info<< "JOEEEEEEEEEEE HELPPPPPPP" <<Treshold << endl;
             
     
         forAll(Cf,faceI)  
              {
               if (Ksplus < Treshold )      //Treshold 
                 {                 
                 field[faceI] = scalar ((Tauxx[faceI]/nuu)*pow(50/Ksplus[faceI],2));           
                 }
               else 
                 {
                 field[faceI] = scalar ((Tauxx[faceI]/nuu)*(100/Ksplus[faceI]));             
                 }
              }
            }
          else
           {
           }    
Info << "OMEGAOMEGAOMEGA"<< field << endl;

          #};
        codeOptions     #{
                -I$(LIB_SRC)/finiteVolume/lnInclude \
                -I$(LIB_SRC)/meshTools/lnInclude
            #};
        codeLibs        #{
        	-lmeshTools \
        	-lfiniteVolume
    	    #};
    }
    left
    {
        type            cyclic;
    }
    right
    {
        type            cyclic;
    }
    frontAndBack
    {
        type            empty;
    }
}


// ************************************************************************* //
