/*--------------------------------*- C++ -*----------------------------------*\
  =========                 |
  \\      /  F ield         | OpenFOAM: The Open Source CFD Toolbox
   \\    /   O peration     | Website:  https://openfoam.org
    \\  /    A nd           | Version:  6
     \\/     M anipulation  |
\*---------------------------------------------------------------------------*/
FoamFile
{
    version     2.0;
    format      ascii;
    class       surfaceScalarField;
    location    "19.44";
    object      phi;
}
// * * * * * * * * * * * * * * * * * * * * * * * * * * * * * * * * * * * * * //

dimensions      [0 3 -1 0 0 0 0];

internalField   nonuniform List<scalar> 
6298
(
1.01608e-09
3.3447e-17
1.01608e-09
6.4395e-19
1.01608e-09
-6.39968e-18
1.01608e-09
-3.81193e-18
1.01608e-09
-3.67286e-19
1.01608e-09
2.62226e-18
1.01608e-09
3.60809e-18
1.01608e-09
1.9907e-18
1.01608e-09
-2.31504e-18
1.01608e-09
-8.45066e-18
1.01608e-09
-1.47343e-17
1.01608e-09
-1.95046e-17
1.01608e-09
-1.99117e-17
1.01608e-09
-1.45623e-17
1.01608e-09
-5.74844e-18
1.01608e-09
2.27968e-18
1.01608e-09
7.0271e-18
1.01608e-09
9.38928e-18
1.01608e-09
5.57129e-18
2.93357e-17
2.54956e-09
9.59208e-17
2.54956e-09
5.72258e-18
2.54956e-09
-1.65413e-17
2.54956e-09
-1.02899e-17
2.54956e-09
-1.6862e-18
2.54956e-09
6.58059e-18
2.54956e-09
9.82581e-18
2.54956e-09
6.48619e-18
2.54956e-09
-4.48974e-18
2.54956e-09
-2.12051e-17
2.54956e-09
-3.94898e-17
2.54956e-09
-5.4722e-17
2.54956e-09
-5.81378e-17
2.54956e-09
-4.45879e-17
2.54956e-09
-1.98545e-17
2.54956e-09
3.50003e-18
2.54956e-09
1.81504e-17
2.54956e-09
2.62122e-17
2.54956e-09
1.65567e-17
8.21582e-17
3.82211e-09
1.7473e-16
3.82211e-09
1.59293e-17
3.82211e-09
-2.73546e-17
3.82211e-09
-1.77241e-17
3.82211e-09
-3.84842e-18
3.82211e-09
1.0744e-17
3.82211e-09
1.72745e-17
3.82211e-09
1.30141e-17
3.82211e-09
-5.08723e-18
3.82211e-09
-3.44384e-17
3.82211e-09
-6.82959e-17
3.82211e-09
-9.83856e-17
3.82211e-09
-1.07812e-16
3.82211e-09
-8.55321e-17
3.82211e-09
-4.10376e-17
3.82211e-09
2.21398e-18
3.82211e-09
3.04824e-17
3.82211e-09
4.70089e-17
3.82211e-09
3.12698e-17
1.46959e-16
4.92791e-09
2.63667e-16
4.92791e-09
3.13663e-17
4.92791e-09
-3.73605e-17
4.92791e-09
-2.52777e-17
4.92791e-09
-6.70727e-18
4.92791e-09
1.4664e-17
4.92791e-09
2.53848e-17
4.92791e-09
2.13671e-17
4.92791e-09
-3.49393e-18
4.92791e-09
-4.65251e-17
4.92791e-09
-9.85869e-17
4.92791e-09
-1.47315e-16
4.92791e-09
-1.65852e-16
4.92791e-09
-1.35264e-16
4.92791e-09
-6.85876e-17
4.92791e-09
-2.04537e-18
4.92791e-09
4.28808e-17
4.92791e-09
7.03123e-17
4.92791e-09
4.90336e-17
2.18448e-16
5.91468e-09
3.59125e-16
5.91468e-09
5.19248e-17
5.91468e-09
-4.5733e-17
5.91468e-09
-3.24481e-17
5.91468e-09
-1.01261e-17
5.91468e-09
1.81411e-17
5.91468e-09
3.38699e-17
5.91468e-09
3.14178e-17
5.91468e-09
5.78144e-19
5.91468e-09
-5.66548e-17
5.91468e-09
-1.29041e-16
5.91468e-09
-1.99803e-16
5.91468e-09
-2.30535e-16
5.91468e-09
-1.92535e-16
5.91468e-09
-1.02021e-16
5.91468e-09
-9.42916e-18
5.91468e-09
5.48084e-17
5.91468e-09
9.53513e-17
5.91468e-09
6.95052e-17
2.93714e-16
6.81064e-09
4.58767e-16
6.81064e-09
7.74024e-17
6.81064e-09
-5.19656e-17
6.81064e-09
-3.88983e-17
6.81064e-09
-1.39779e-17
6.81064e-09
2.10879e-17
6.81064e-09
4.25656e-17
6.81064e-09
4.30618e-17
6.81064e-09
7.2539e-18
6.81064e-09
-6.43966e-17
6.81064e-09
-1.58898e-16
6.81064e-09
-2.54802e-16
6.81064e-09
-3.00751e-16
6.81064e-09
-2.56501e-16
6.81064e-09
-1.40969e-16
6.81064e-09
-1.99673e-17
6.81064e-09
6.59773e-17
6.81064e-09
1.21655e-16
6.81064e-09
9.24746e-17
3.7099e-16
7.63415e-09
5.6097e-16
7.63415e-09
1.07551e-16
7.63415e-09
-5.57326e-17
7.63415e-09
-4.43872e-17
7.63415e-09
-1.81447e-17
7.63415e-09
2.34753e-17
7.63415e-09
5.13707e-17
7.63415e-09
5.62007e-17
7.63415e-09
1.65672e-17
7.63415e-09
-6.9522e-17
7.63415e-09
-1.87697e-16
7.63415e-09
-3.11605e-16
7.63415e-09
-3.757e-16
7.63416e-09
-3.26523e-16
7.63416e-09
-1.85125e-16
7.63416e-09
-3.36359e-17
7.63416e-09
7.62201e-17
7.63416e-09
1.48904e-16
7.63416e-09
1.17793e-16
4.49129e-16
8.398e-09
6.6455e-16
8.398e-09
1.42103e-16
8.398e-09
-5.68206e-17
8.398e-09
-4.87357e-17
8.398e-09
-2.25165e-17
8.398e-09
2.53072e-17
8.398e-09
6.02191e-17
8.398e-09
7.07389e-17
8.398e-09
2.84954e-17
8.398e-09
-7.19222e-17
8.398e-09
-2.15142e-16
8.398e-09
-3.69699e-16
8.398e-09
-4.54767e-16
8.398e-09
-4.02088e-16
8.398e-09
-2.34225e-16
8.398e-09
-5.03868e-17
8.398e-09
8.54311e-17
8.398e-09
1.76866e-16
8.398e-09
1.45339e-16
5.27363e-16
9.11153e-09
7.68612e-16
9.11153e-09
1.80785e-16
9.11153e-09
-5.50905e-17
9.11153e-09
-5.18071e-17
9.11153e-09
-2.69905e-17
9.11153e-09
2.66079e-17
9.11153e-09
6.90661e-17
9.11153e-09
8.65815e-17
9.11153e-09
4.29794e-17
9.11153e-09
-7.15635e-17
9.11153e-09
-2.41045e-16
9.11153e-09
-4.28691e-16
9.11153e-09
-5.37447e-16
9.11153e-09
-4.82757e-16
9.11153e-09
-2.8803e-16
9.11153e-09
-7.01612e-17
9.11153e-09
9.35386e-17
9.11153e-09
2.05357e-16
9.11153e-09
1.75009e-16
6.05157e-16
9.78184e-09
8.72469e-16
9.78184e-09
2.23324e-16
9.78184e-09
-5.04568e-17
9.78184e-09
-5.34967e-17
9.78184e-09
-3.14705e-17
9.78184e-09
2.74147e-17
9.78184e-09
7.78803e-17
9.78184e-09
1.03634e-16
9.78184e-09
5.99361e-17
9.78184e-09
-6.84614e-17
9.78184e-09
-2.65283e-16
9.78184e-09
-4.88264e-16
9.78184e-09
-6.2331e-16
9.78184e-09
-5.68145e-16
9.78184e-09
-3.46321e-16
9.78184e-09
-9.28968e-17
9.78184e-09
1.00489e-16
9.78184e-09
2.34227e-16
9.78184e-09
2.06704e-16
6.82136e-16
1.04145e-08
9.7558e-16
1.04145e-08
2.69458e-16
1.04145e-08
-4.28747e-17
1.04145e-08
-5.37233e-17
1.04145e-08
-3.58669e-17
1.04145e-08
2.77733e-17
1.04145e-08
8.66405e-17
1.04145e-08
1.21805e-16
1.04145e-08
7.92675e-17
1.04145e-08
-6.26638e-17
1.04145e-08
-2.87778e-16
1.04145e-08
-5.48161e-16
1.04145e-08
-7.1198e-16
1.04145e-08
-6.57902e-16
1.04145e-08
-4.08891e-16
1.04145e-08
-1.18528e-16
1.04145e-08
1.06245e-16
1.04145e-08
2.6335e-16
1.04145e-08
2.40329e-16
7.5803e-16
1.10139e-08
1.07751e-15
1.10139e-08
3.18929e-16
1.10139e-08
-3.23261e-17
1.10139e-08
-5.24351e-17
1.10139e-08
-4.00959e-17
1.10139e-08
2.77326e-17
1.10139e-08
9.53382e-17
1.10139e-08
1.41011e-16
1.10139e-08
1.00873e-16
1.10139e-08
-5.42389e-17
1.10139e-08
-3.08495e-16
1.10139e-08
-6.08182e-16
1.10139e-08
-8.0314e-16
1.10139e-08
-7.51718e-16
1.10139e-08
-4.75544e-16
1.10139e-08
-1.46974e-16
1.10139e-08
1.10787e-16
1.10139e-08
2.92632e-16
1.10139e-08
2.75798e-16
8.32645e-16
1.87776e-08
1.23714e-15
1.87776e-08
4.04336e-16
1.87776e-08
-9.23499e-18
1.87776e-08
-4.71944e-17
1.87776e-08
-4.62933e-17
1.87776e-08
2.6928e-17
1.87776e-08
1.0909e-16
1.87776e-08
1.73632e-16
1.87776e-08
1.39858e-16
1.87776e-08
-3.55199e-17
1.87776e-08
-3.3782e-16
1.87776e-08
-7.03905e-16
1.87776e-08
-9.53279e-16
1.87776e-08
-9.09372e-16
1.87776e-08
-5.90136e-16
1.87776e-08
-1.9812e-16
1.87776e-08
1.15412e-16
1.87776e-08
3.39547e-16
1.87776e-08
3.3608e-16
9.48956e-16
2.14525e-08
1.40156e-15
2.14525e-08
5.02677e-16
2.14525e-08
2.34621e-17
2.14525e-08
-3.70928e-17
2.14525e-08
-5.18497e-17
2.14525e-08
2.53574e-17
2.14525e-08
1.23478e-16
2.14525e-08
2.10566e-16
2.14525e-08
1.86764e-16
2.14525e-08
-8.92155e-18
2.14525e-08
-3.63888e-16
2.14525e-08
-8.0476e-16
2.14525e-08
-1.11776e-15
2.14525e-08
-1.0863e-15
2.14525e-08
-7.22157e-16
2.14525e-08
-2.59987e-16
2.14525e-08
1.16695e-16
2.14525e-08
3.89189e-16
2.14525e-08
4.04652e-16
1.06842e-15
2.43734e-08
1.56953e-15
2.43734e-08
6.14394e-16
2.43734e-08
6.70974e-17
2.43734e-08
-2.1099e-17
2.43734e-08
-5.62366e-17
2.43734e-08
2.31825e-17
2.43734e-08
1.38476e-16
2.43734e-08
2.519e-16
2.43734e-08
2.42056e-16
2.43734e-08
2.63772e-17
2.43734e-08
-3.85802e-16
2.43734e-08
-9.10133e-16
2.43734e-08
-1.29668e-15
2.43734e-08
-1.28349e-15
2.43734e-08
-8.73163e-16
2.43734e-08
-3.34013e-16
2.43734e-08
1.13754e-16
2.43734e-08
4.41199e-16
2.43734e-08
4.82077e-16
1.19068e-15
2.75622e-08
1.73974e-15
2.75622e-08
7.39668e-16
2.75622e-08
1.23e-16
2.75622e-08
1.88392e-18
2.75622e-08
-5.87994e-17
2.75622e-08
2.06378e-17
2.75622e-08
1.54073e-16
2.75622e-08
2.97663e-16
2.75622e-08
3.06102e-16
2.75622e-08
7.11501e-17
2.75622e-08
-4.02613e-16
2.75622e-08
-1.01926e-15
2.75622e-08
-1.48991e-15
2.75622e-08
-1.50183e-15
2.75622e-08
-1.04474e-15
2.75622e-08
-4.21757e-16
2.75622e-08
1.05563e-16
2.75622e-08
4.95126e-16
2.75622e-08
5.68864e-16
1.31556e-15
3.10421e-08
1.91093e-15
3.10421e-08
8.78432e-16
3.10421e-08
1.92423e-16
3.10421e-08
3.30343e-17
3.10421e-08
-5.87561e-17
3.10421e-08
1.80434e-17
3.10421e-08
1.7028e-16
3.10421e-08
3.47805e-16
3.10421e-08
3.79134e-16
3.10421e-08
1.26101e-16
3.10421e-08
-4.13305e-16
3.10421e-08
-1.13121e-15
3.10421e-08
-1.6971e-15
3.10421e-08
-1.74203e-15
3.10421e-08
-1.23849e-15
3.10421e-08
-5.24943e-16
3.10421e-08
9.09194e-17
3.10421e-08
5.5037e-16
3.10421e-08
6.65426e-16
1.44304e-15
3.48382e-08
2.08183e-15
3.48382e-08
1.03036e-15
3.48382e-08
2.76504e-16
3.48382e-08
7.35955e-17
3.48382e-08
-5.51961e-17
3.48382e-08
1.58191e-17
3.48382e-08
1.87132e-16
3.48382e-08
4.02186e-16
3.48382e-08
4.61219e-16
3.48382e-08
1.91836e-16
3.48382e-08
-4.16809e-16
3.48382e-08
-1.24479e-15
3.48382e-08
-1.91753e-15
3.48382e-08
-2.00451e-15
3.48382e-08
-1.45593e-15
3.48382e-08
-6.45463e-16
3.48382e-08
6.84104e-17
3.48382e-08
6.06155e-16
3.48382e-08
7.72038e-16
1.57324e-15
3.89772e-08
2.25129e-15
3.89772e-08
1.19491e-15
3.89772e-08
3.76215e-16
3.89772e-08
1.24845e-16
3.89772e-08
-4.708e-17
3.89772e-08
1.45028e-17
3.89772e-08
2.04698e-16
3.89772e-08
4.60564e-16
3.89772e-08
5.52225e-16
3.89772e-08
2.6884e-16
3.89772e-08
-4.12009e-16
3.89772e-08
-1.3586e-15
3.89772e-08
-2.15011e-15
3.89772e-08
-2.28938e-15
3.89772e-08
-1.69852e-15
3.89772e-08
-7.85381e-16
3.89772e-08
3.63914e-17
3.89772e-08
6.61486e-16
3.89772e-08
8.88794e-16
1.70642e-15
4.34876e-08
2.41834e-15
4.34876e-08
1.37123e-15
4.34876e-08
4.92314e-16
4.34876e-08
1.88057e-16
4.34876e-08
-3.32366e-17
4.34876e-08
1.47649e-17
4.34876e-08
2.23081e-16
4.34876e-08
5.22595e-16
4.34876e-08
6.51795e-16
4.34876e-08
3.57439e-16
4.34876e-08
-3.97773e-16
4.34876e-08
-1.47098e-15
4.34876e-08
-2.39329e-15
4.34876e-08
-2.59632e-15
4.34876e-08
-1.96755e-15
4.34876e-08
-9.46918e-16
4.34876e-08
-7.03963e-18
4.34876e-08
7.15128e-16
4.34876e-08
1.01551e-15
1.84296e-15
4.84004e-08
2.58222e-15
4.84004e-08
1.55828e-15
4.84004e-08
6.25298e-16
4.84004e-08
2.64456e-16
4.84004e-08
-1.23736e-17
4.84004e-08
1.74144e-17
4.84004e-08
2.42429e-16
4.84004e-08
5.87837e-16
4.84004e-08
7.5932e-16
4.84004e-08
4.57769e-16
4.84004e-08
-3.72984e-16
4.84004e-08
-1.58003e-15
4.84004e-08
-2.64505e-15
4.84004e-08
-2.92451e-15
4.84004e-08
-2.26404e-15
4.84004e-08
-1.13243e-15
4.84004e-08
-6.40695e-17
4.84004e-08
7.65561e-16
4.84004e-08
1.15167e-15
1.98334e-15
5.37484e-08
2.74248e-15
5.37484e-08
1.75482e-15
5.37484e-08
7.75362e-16
5.37484e-08
3.55175e-16
5.37484e-08
1.68964e-17
5.37484e-08
2.33921e-17
5.37484e-08
2.62958e-16
5.37484e-08
6.55759e-16
5.37484e-08
8.73915e-16
5.37484e-08
5.69697e-16
5.37484e-08
-3.36548e-16
5.37484e-08
-1.68357e-15
5.37484e-08
-2.90282e-15
5.37484e-08
-3.27254e-15
5.37484e-08
-2.58868e-15
5.37484e-08
-1.34436e-15
5.37484e-08
-1.37198e-16
5.37484e-08
8.10919e-16
5.37484e-08
1.29637e-15
2.12808e-15
5.95674e-08
2.899e-15
5.95674e-08
1.95945e-15
5.95674e-08
9.42374e-16
5.95674e-08
4.61209e-16
5.95674e-08
5.60223e-17
5.95674e-08
3.37707e-17
5.95674e-08
2.84969e-16
5.95674e-08
7.25749e-16
5.95674e-08
9.94411e-16
5.95674e-08
6.92766e-16
5.95674e-08
-2.87438e-16
5.95674e-08
-1.77914e-15
5.95674e-08
-3.1635e-15
5.95674e-08
-3.63832e-15
5.95674e-08
-2.94171e-15
5.95674e-08
-1.58513e-15
5.95674e-08
-2.29258e-16
5.95674e-08
8.48936e-16
5.95674e-08
1.44824e-15
2.27771e-15
6.58954e-08
3.05201e-15
6.58954e-08
2.17073e-15
6.58954e-08
1.12586e-15
6.58954e-08
5.83371e-16
6.58954e-08
1.06478e-16
6.58954e-08
4.97475e-17
6.58954e-08
3.08854e-16
6.58954e-08
7.97128e-16
6.58954e-08
1.11935e-15
6.58954e-08
8.26141e-16
6.58954e-08
-2.24755e-16
6.58954e-08
-1.86403e-15
6.58954e-08
-3.42345e-15
6.58954e-08
-4.019e-15
6.58954e-08
-3.32281e-15
6.58954e-08
-1.85707e-15
6.58954e-08
-3.43419e-16
6.58954e-08
8.76905e-16
6.58954e-08
1.60541e-15
2.43266e-15
7.27736e-08
3.20209e-15
7.27736e-08
2.3872e-15
7.27736e-08
1.32499e-15
7.27736e-08
7.22247e-16
7.27736e-08
1.69727e-16
7.27736e-08
7.26224e-17
7.27736e-08
3.35102e-16
7.27736e-08
8.69175e-16
7.27736e-08
1.24702e-15
7.27736e-08
9.68567e-16
7.27736e-08
-1.4781e-16
7.27736e-08
-1.93538e-15
7.27736e-08
-3.67845e-15
7.27736e-08
-4.41086e-15
7.27736e-08
-3.7309e-15
7.27736e-08
-2.16229e-15
7.27736e-08
-4.83143e-16
7.27736e-08
8.91669e-16
7.27736e-08
1.76538e-15
2.59314e-15
8.02462e-08
3.35017e-15
8.02462e-08
2.6075e-15
8.02462e-08
1.53865e-15
8.02462e-08
8.78152e-16
8.02462e-08
2.47172e-16
8.02462e-08
1.03775e-16
8.02462e-08
3.64301e-16
8.02462e-08
9.41162e-16
8.02462e-08
1.37547e-15
8.02462e-08
1.11834e-15
8.02462e-08
-5.62292e-17
8.02462e-08
-1.99022e-15
8.02462e-08
-3.92379e-15
8.02462e-08
-4.80929e-15
8.02462e-08
-4.16405e-15
8.02462e-08
-2.50252e-15
8.02462e-08
-6.52152e-16
8.02462e-08
8.89604e-16
8.02462e-08
1.92503e-15
2.75903e-15
8.83606e-08
3.4974e-15
8.83606e-08
2.83037e-15
8.83606e-08
1.76543e-15
8.83606e-08
1.0511e-15
8.83606e-08
3.40101e-16
8.83606e-08
1.44638e-16
8.83606e-08
3.97145e-16
8.83606e-08
1.01239e-15
8.83606e-08
1.50255e-15
8.83606e-08
1.27329e-15
8.83606e-08
4.99507e-17
8.83606e-08
-2.02561e-15
8.83606e-08
-4.15426e-15
8.83606e-08
-5.20872e-15
8.83606e-08
-4.61925e-15
8.83606e-08
-2.87891e-15
8.83606e-08
-8.5436e-16
8.83606e-08
8.66634e-16
8.83606e-08
2.08052e-15
2.92972e-15
9.71679e-08
3.64506e-15
9.71679e-08
3.0548e-15
9.71679e-08
2.00372e-15
9.71679e-08
1.24076e-15
9.71679e-08
4.49628e-16
9.71679e-08
1.96652e-16
9.71679e-08
4.34424e-16
9.71679e-08
1.08221e-15
9.71679e-08
1.62603e-15
9.71679e-08
1.43075e-15
9.71679e-08
1.70167e-16
9.71679e-08
-2.03875e-15
9.71679e-08
-4.36433e-15
9.71679e-08
-5.60265e-15
9.71679e-08
-5.09229e-15
9.71679e-08
-3.29179e-15
9.71679e-08
-1.09379e-15
9.71679e-08
8.18266e-16
9.71679e-08
2.22734e-15
3.10392e-15
1.06723e-07
3.79435e-15
1.06723e-07
3.27997e-15
1.06723e-07
2.25186e-15
1.06723e-07
1.4465e-15
1.06723e-07
5.76623e-16
1.06723e-07
2.61222e-16
1.06723e-07
4.77022e-16
1.06723e-07
1.15009e-15
1.06723e-07
1.74364e-15
1.06723e-07
1.58763e-15
1.06723e-07
3.03259e-16
1.06723e-07
-2.02717e-15
1.06723e-07
-4.54823e-15
1.06723e-07
-5.98374e-15
1.06723e-07
-5.57754e-15
1.06723e-07
-3.74039e-15
1.06723e-07
-1.37433e-15
1.06723e-07
7.39545e-16
1.06723e-07
2.36018e-15
3.27961e-15
1.17086e-07
3.9462e-15
1.17086e-07
3.50531e-15
1.17086e-07
2.50818e-15
1.17086e-07
1.66735e-15
1.17086e-07
7.21646e-16
1.17086e-07
3.39666e-16
1.17086e-07
5.2589e-16
1.17086e-07
1.21562e-15
1.17086e-07
1.85312e-15
1.17086e-07
1.7405e-15
1.17086e-07
4.47406e-16
1.17086e-07
-1.98891e-15
1.17086e-07
-4.70017e-15
1.17086e-07
-6.34386e-15
1.17086e-07
-6.06791e-15
1.17086e-07
-4.22248e-15
1.17086e-07
-1.69943e-15
1.17086e-07
6.25101e-16
1.17086e-07
2.47292e-15
3.45395e-15
1.28319e-07
4.10099e-15
1.28319e-07
3.73034e-15
1.28319e-07
2.77113e-15
1.28319e-07
1.90215e-15
1.28319e-07
8.84928e-16
1.28319e-07
4.3315e-16
1.28319e-07
5.82007e-16
1.28319e-07
1.27854e-15
1.28319e-07
1.95238e-15
1.28319e-07
1.88574e-15
1.28319e-07
6.0003e-16
1.28319e-07
-1.92275e-15
1.28319e-07
-4.81455e-15
1.28319e-07
-6.67431e-15
1.28319e-07
-6.55486e-15
1.28319e-07
-4.73416e-15
1.28319e-07
-2.07166e-15
1.28319e-07
4.69248e-16
1.28319e-07
2.5586e-15
3.62316e-15
1.40491e-07
4.25825e-15
1.40491e-07
3.95464e-15
1.40491e-07
3.03926e-15
1.40491e-07
2.14958e-15
1.40491e-07
1.06635e-15
1.40491e-07
5.42621e-16
1.40491e-07
6.46324e-16
1.40491e-07
1.33876e-15
1.40491e-07
2.03954e-15
1.40491e-07
2.01966e-15
1.40491e-07
7.57691e-16
1.40491e-07
-1.82839e-15
1.40491e-07
-4.88603e-15
1.40491e-07
-6.96598e-15
1.40491e-07
-7.02849e-15
1.40491e-07
-5.26959e-15
1.40491e-07
-2.49232e-15
1.40491e-07
2.66154e-16
1.40491e-07
2.60965e-15
3.78244e-15
1.53675e-07
4.41636e-15
1.53675e-07
4.17761e-15
1.53675e-07
3.31131e-15
1.53675e-07
2.40823e-15
1.53675e-07
1.26547e-15
1.53675e-07
6.68741e-16
1.53675e-07
7.19738e-16
1.53675e-07
1.39637e-15
1.53675e-07
2.11308e-15
1.53675e-07
2.13871e-15
1.53675e-07
9.16172e-16
1.53675e-07
-1.70655e-15
1.53675e-07
-4.90977e-15
1.53675e-07
-7.20966e-15
1.53675e-07
-7.47792e-15
1.53675e-07
-5.82073e-15
1.53675e-07
-2.96094e-15
1.53675e-07
1.00198e-17
1.53675e-07
2.61797e-15
3.9259e-15
1.67952e-07
4.57216e-15
1.67952e-07
4.39828e-15
1.67952e-07
3.58609e-15
1.67952e-07
2.67666e-15
1.67952e-07
1.48151e-15
1.67952e-07
8.11823e-16
1.67952e-07
8.03065e-16
1.67952e-07
1.45167e-15
1.67952e-07
2.17187e-15
1.67952e-07
2.23958e-15
1.67952e-07
1.07069e-15
1.67952e-07
-1.55914e-15
1.67952e-07
-4.88168e-15
1.67952e-07
-7.39641e-15
1.67952e-07
-7.89151e-15
1.67952e-07
-6.37719e-15
1.67952e-07
-3.47477e-15
1.67952e-07
-3.04593e-16
1.67952e-07
2.57529e-15
4.04673e-15
1.83405e-07
4.72058e-15
1.83405e-07
4.61509e-15
1.83405e-07
3.86237e-15
1.83405e-07
2.95343e-15
1.83405e-07
1.71345e-15
1.83405e-07
9.7184e-16
1.83405e-07
8.96957e-16
1.83405e-07
1.50519e-15
1.83405e-07
2.21531e-15
1.83405e-07
2.31933e-15
1.83405e-07
1.2161e-15
1.83405e-07
-1.38938e-15
1.83405e-07
-4.79906e-15
1.83405e-07
-7.5179e-15
1.83405e-07
-8.2569e-15
1.83405e-07
-6.92642e-15
1.83405e-07
-4.02846e-15
1.83405e-07
-6.82194e-16
1.83405e-07
2.47349e-15
4.13728e-15
2.00127e-07
4.85507e-15
2.00127e-07
4.82552e-15
2.00127e-07
4.13871e-15
2.00127e-07
3.2371e-15
2.00127e-07
1.9601e-15
2.00127e-07
1.14848e-15
2.00127e-07
1.00185e-15
2.00127e-07
1.55758e-15
2.00127e-07
2.24339e-15
2.00127e-07
2.37564e-15
2.00127e-07
1.34721e-15
2.00127e-07
-1.20215e-15
2.00127e-07
-4.6609e-15
2.00127e-07
-7.56656e-15
2.00127e-07
-8.56151e-15
2.00127e-07
-7.45377e-15
2.00127e-07
-4.61367e-15
2.00127e-07
-1.12515e-15
2.00127e-07
2.30451e-15
4.18864e-15
2.18215e-07
4.96797e-15
2.18215e-07
5.02562e-15
2.18215e-07
4.41318e-15
2.18215e-07
3.52613e-15
2.18215e-07
2.22011e-15
2.18215e-07
1.34117e-15
2.18215e-07
1.11795e-15
2.18215e-07
1.60964e-15
2.18215e-07
2.25672e-15
2.18215e-07
2.40689e-15
2.18215e-07
1.459e-15
2.18215e-07
-1.00379e-15
2.18215e-07
-4.46814e-15
2.18215e-07
-7.53615e-15
2.18215e-07
-8.79316e-15
2.18215e-07
-7.94279e-15
2.18215e-07
-5.21875e-15
2.18215e-07
-1.63276e-15
2.18215e-07
2.0605e-15
4.19079e-15
2.37775e-07
5.05064e-15
2.37775e-07
5.2097e-15
2.37775e-07
4.68296e-15
2.37775e-07
3.81875e-15
2.37775e-07
2.49203e-15
2.37775e-07
1.5491e-15
2.37775e-07
1.24516e-15
2.37775e-07
1.66214e-15
2.37775e-07
2.25657e-15
2.37775e-07
2.41249e-15
2.37775e-07
1.54679e-15
2.37775e-07
-8.01755e-16
2.37775e-07
-4.22378e-15
2.37775e-07
-7.42247e-15
2.37775e-07
-8.9407e-15
2.37775e-07
-8.37586e-15
2.37775e-07
-5.82859e-15
2.37775e-07
-2.20047e-15
2.37775e-07
1.73437e-15
4.13305e-15
2.58922e-07
5.09339e-15
2.58922e-07
5.37045e-15
2.58922e-07
4.94399e-15
2.58922e-07
4.11266e-15
2.58922e-07
2.77418e-15
2.58922e-07
1.77114e-15
2.58922e-07
1.38324e-15
2.58922e-07
1.71604e-15
2.58922e-07
2.24462e-15
2.58922e-07
2.39284e-15
2.58922e-07
1.60689e-15
2.58922e-07
-6.04031e-16
2.58922e-07
-3.93406e-15
2.58922e-07
-7.22279e-15
2.58922e-07
-8.99359e-15
2.58922e-07
-8.73633e-15
2.58922e-07
-6.42462e-15
2.58922e-07
-2.8192e-15
2.58922e-07
1.32093e-15
4.00437e-15
2.81777e-07
5.08514e-15
2.81777e-07
5.4994e-15
2.81777e-07
5.1906e-15
2.81777e-07
4.40475e-15
2.81777e-07
3.06446e-15
2.81777e-07
2.00596e-15
2.81777e-07
1.53183e-15
2.81777e-07
1.77223e-15
2.81777e-07
2.22329e-15
2.81777e-07
2.34912e-15
2.81777e-07
1.6364e-15
2.81777e-07
-4.18085e-16
2.81777e-07
-3.60819e-15
2.81777e-07
-6.9366e-15
2.81777e-07
-8.94299e-15
2.81777e-07
-9.00929e-15
2.81777e-07
-6.98523e-15
2.81777e-07
-3.4751e-15
2.81777e-07
8.18853e-16
3.79358e-15
3.06472e-07
5.01391e-15
3.06472e-07
5.58712e-15
3.06472e-07
5.41509e-15
3.06472e-07
4.6907e-15
3.06472e-07
3.36026e-15
3.06472e-07
2.25197e-15
3.06472e-07
1.69038e-15
3.06472e-07
1.83153e-15
3.06472e-07
2.19517e-15
3.06472e-07
2.2837e-15
3.06472e-07
1.63395e-15
3.06472e-07
-2.50985e-16
3.06472e-07
-3.25751e-15
3.06472e-07
-6.56623e-15
3.06472e-07
-8.78279e-15
3.06472e-07
-9.18192e-15
3.06472e-07
-7.48713e-15
3.06472e-07
-4.14918e-15
3.06472e-07
2.31982e-16
3.49007e-15
3.33148e-07
4.86706e-15
3.33148e-07
5.62297e-15
3.33148e-07
5.60813e-15
3.33148e-07
4.96459e-15
3.33148e-07
3.65828e-15
3.33148e-07
2.50721e-15
3.33148e-07
1.85811e-15
3.33148e-07
1.89465e-15
3.33148e-07
2.16293e-15
3.33148e-07
2.20002e-15
3.33148e-07
1.59991e-15
3.33148e-07
-1.08889e-16
3.33148e-07
-2.8947e-15
3.33148e-07
-6.11977e-15
3.33148e-07
-8.50837e-15
3.33148e-07
-9.24127e-15
3.33148e-07
-7.90857e-15
3.33148e-07
-4.81795e-15
3.33148e-07
-4.30022e-16
3.08581e-15
3.61957e-07
4.63137e-15
3.61957e-07
5.59476e-15
3.61957e-07
5.7599e-15
3.61957e-07
5.21854e-15
3.61957e-07
3.954e-15
3.61957e-07
2.7692e-15
3.61957e-07
2.03394e-15
3.61957e-07
1.96227e-15
3.61957e-07
2.1293e-15
3.61957e-07
2.10218e-15
3.61957e-07
1.53641e-15
3.61957e-07
3.61783e-18
3.61957e-07
-2.53273e-15
3.61957e-07
-5.61042e-15
3.61957e-07
-8.11839e-15
3.61957e-07
-9.17589e-15
3.61957e-07
-8.2298e-15
3.61957e-07
-5.45433e-15
3.61957e-07
-1.15124e-15
2.57742e-15
3.93061e-07
4.29442e-15
3.93061e-07
5.48989e-15
3.93061e-07
5.86018e-15
3.93061e-07
5.44248e-15
3.93061e-07
4.24135e-15
3.93061e-07
3.03472e-15
3.93061e-07
2.21662e-15
3.93061e-07
2.0348e-15
3.93061e-07
2.0969e-15
3.93061e-07
1.99474e-15
3.93061e-07
1.44723e-15
3.93061e-07
8.40161e-17
3.93061e-07
-2.18364e-15
3.93061e-07
-5.05546e-15
3.93061e-07
-7.61571e-15
3.93061e-07
-8.97726e-15
3.93061e-07
-8.4345e-15
3.93061e-07
-6.02889e-15
3.93061e-07
-1.90917e-15
1.9674e-15
4.26637e-07
3.84774e-15
4.26637e-07
5.29516e-15
4.26637e-07
5.89648e-15
4.26637e-07
5.62525e-15
4.26637e-07
4.51242e-15
4.26637e-07
3.29965e-15
4.26637e-07
2.40448e-15
4.26637e-07
2.11204e-15
4.26637e-07
2.06785e-15
4.26637e-07
1.8825e-15
4.26637e-07
1.33781e-15
4.26637e-07
1.32108e-16
4.26637e-07
-1.85771e-15
4.26637e-07
-4.47442e-15
4.26637e-07
-7.01109e-15
4.26637e-07
-8.63951e-15
4.26637e-07
-8.50751e-15
4.26637e-07
-6.51403e-15
4.26637e-07
-2.67492e-15
1.2658e-15
4.62872e-07
3.28865e-15
4.62872e-07
4.9974e-15
4.62872e-07
5.85471e-15
4.62872e-07
5.75577e-15
4.62872e-07
4.75707e-15
4.62872e-07
3.55816e-15
4.62872e-07
2.59512e-15
4.62872e-07
2.19372e-15
4.62872e-07
2.04372e-15
4.62872e-07
1.7702e-15
4.62872e-07
1.21479e-15
4.62872e-07
1.49996e-16
4.62872e-07
-1.56299e-15
4.62872e-07
-3.88716e-15
4.62872e-07
-6.3228e-15
4.62872e-07
-8.16229e-15
4.62872e-07
-8.43646e-15
4.62872e-07
-6.88455e-15
4.62872e-07
-3.41423e-15
4.91267e-16
5.01968e-07
2.62177e-15
5.01968e-07
4.58547e-15
5.01968e-07
5.72147e-15
5.01968e-07
5.82318e-15
5.01968e-07
4.96238e-15
5.01968e-07
3.80224e-15
5.01968e-07
2.78506e-15
5.01968e-07
2.27939e-15
5.01968e-07
2.02565e-15
5.01968e-07
1.66212e-15
5.01968e-07
1.08522e-15
5.01968e-07
1.42027e-16
5.01968e-07
-1.30462e-15
5.01968e-07
-3.31238e-15
5.01968e-07
-5.57402e-15
5.01968e-07
-7.55145e-15
5.01968e-07
-8.21483e-15
5.01968e-07
-7.11937e-15
5.01968e-07
-4.08976e-15
-3.29448e-16
5.44144e-07
1.86088e-15
5.44144e-07
4.05422e-15
5.44144e-07
5.48327e-15
5.44144e-07
5.81497e-15
5.44144e-07
5.11532e-15
5.44144e-07
4.0219e-15
5.44144e-07
2.96941e-15
5.44144e-07
2.3676e-15
5.44144e-07
2.01411e-15
5.44144e-07
1.56191e-15
5.44144e-07
9.56089e-16
5.44144e-07
1.14485e-16
5.44144e-07
-1.08445e-15
5.44144e-07
-2.76567e-15
5.44144e-07
-4.79184e-15
5.44144e-07
-6.82262e-15
5.44144e-07
-7.83761e-15
5.44144e-07
-7.20124e-15
5.44144e-07
-4.66847e-15
-1.16216e-15
5.89633e-07
1.03063e-15
5.89633e-07
3.40533e-15
5.89633e-07
5.12766e-15
5.89633e-07
5.71852e-15
5.89633e-07
5.20413e-15
5.89633e-07
4.20457e-15
5.89633e-07
3.14146e-15
5.89633e-07
2.45601e-15
5.89633e-07
2.00856e-15
5.89633e-07
1.47211e-15
5.89633e-07
8.33907e-16
5.89633e-07
7.50558e-17
5.89633e-07
-9.01027e-16
5.89633e-07
-2.25927e-15
5.89633e-07
-4.00428e-15
5.89633e-07
-5.99933e-15
5.89633e-07
-7.30628e-15
5.89633e-07
-7.11946e-15
5.89633e-07
-5.12193e-15
-1.96626e-15
6.38685e-07
1.65309e-16
6.38685e-07
2.64998e-15
6.38685e-07
4.64746e-15
6.38685e-07
5.52062e-15
6.38685e-07
5.217e-15
6.38685e-07
4.33738e-15
6.38685e-07
3.2925e-15
6.38685e-07
2.54086e-15
6.38685e-07
2.0073e-15
6.38685e-07
1.39393e-15
6.38685e-07
7.24158e-16
6.38685e-07
3.21126e-17
6.38685e-07
-7.49851e-16
6.38685e-07
-1.80126e-15
6.38685e-07
-3.23763e-15
6.38685e-07
-5.11235e-15
6.38685e-07
-6.6309e-15
6.38685e-07
-6.87223e-15
6.38685e-07
-5.42696e-15
-2.69733e-15
6.91571e-07
-6.93082e-16
6.91571e-07
1.81053e-15
6.91571e-07
4.04397e-15
6.91571e-07
5.20893e-15
6.91571e-07
5.14176e-15
6.91571e-07
4.40831e-15
6.91571e-07
3.41189e-15
6.91571e-07
2.6165e-15
6.91571e-07
2.00735e-15
6.91571e-07
1.32713e-15
6.91571e-07
6.3084e-16
6.91571e-07
-6.27697e-18
6.91571e-07
-6.24089e-16
6.91571e-07
-1.39501e-15
6.91571e-07
-2.5141e-15
6.91571e-07
-4.19647e-15
6.91571e-07
-5.83244e-15
6.91571e-07
-6.46307e-15
6.91571e-07
-5.56677e-15
-3.31581e-15
7.48579e-07
-1.49743e-15
7.48579e-07
9.21094e-16
7.48579e-07
3.32772e-15
7.48579e-07
4.7761e-15
7.48579e-07
4.96815e-15
7.48579e-07
4.40575e-15
7.48579e-07
3.48698e-15
7.48579e-07
2.67505e-15
7.48579e-07
2.00433e-15
7.48579e-07
1.26994e-15
7.48579e-07
5.56057e-16
7.48579e-07
-3.33747e-17
7.48579e-07
-5.15431e-16
7.48579e-07
-1.03929e-15
7.48579e-07
-1.84937e-15
7.48579e-07
-3.2879e-15
7.48579e-07
-4.94243e-15
7.48579e-07
-5.90002e-15
7.48579e-07
-5.53439e-15
-3.79145e-15
8.10021e-07
-2.19981e-15
8.10021e-07
2.59619e-17
8.10021e-07
2.52055e-15
8.10021e-07
4.22344e-15
8.10021e-07
4.68723e-15
8.10021e-07
4.3183e-15
8.10021e-07
3.50623e-15
8.10021e-07
2.70656e-15
8.10021e-07
1.99229e-15
8.10021e-07
1.21911e-15
8.10021e-07
4.99716e-16
8.10021e-07
-4.46654e-17
8.10021e-07
-4.15206e-16
8.10021e-07
-7.28906e-16
8.10021e-07
-1.25296e-15
8.10021e-07
-2.41954e-15
8.10021e-07
-4.00098e-15
8.10021e-07
-5.20075e-15
8.10021e-07
-5.33411e-15
-4.10234e-15
8.7623e-07
-2.75979e-15
8.7623e-07
-8.23784e-16
8.7623e-07
1.65718e-15
8.7623e-07
3.56086e-15
8.7623e-07
4.29408e-15
8.7623e-07
4.13813e-15
8.7623e-07
3.45919e-15
8.7623e-07
2.69939e-15
8.7623e-07
1.96357e-15
8.7623e-07
1.17e-15
8.7623e-07
4.59345e-16
8.7623e-07
-3.84598e-17
8.7623e-07
-3.15605e-16
8.7623e-07
-4.55882e-16
8.7623e-07
-7.28114e-16
8.7623e-07
-1.6174e-15
8.7623e-07
-3.05183e-15
8.7623e-07
-4.39517e-15
8.7623e-07
-4.97959e-15
-4.23602e-15
9.47566e-07
-3.14973e-15
9.47566e-07
-1.57698e-15
9.47566e-07
7.82806e-16
9.47566e-07
2.8109e-15
9.47566e-07
3.79206e-15
9.47566e-07
3.85942e-15
9.47566e-07
3.33654e-15
9.47566e-07
2.64249e-15
9.47566e-07
1.90923e-15
9.47566e-07
1.11646e-15
9.47566e-07
4.30034e-16
9.47566e-07
-1.60378e-17
9.47566e-07
-2.10957e-16
9.47566e-07
-2.10992e-16
9.47566e-07
-2.72179e-16
9.47566e-07
-8.98367e-16
9.47566e-07
-2.13773e-15
9.47566e-07
-3.52494e-15
9.47566e-07
-4.48952e-15
-4.1924e-15
1.02441e-06
-3.3557e-15
1.02441e-06
-2.1867e-15
1.02441e-06
-5.00007e-17
1.02441e-06
2.00883e-15
1.02441e-06
3.19442e-15
1.02441e-06
3.48163e-15
1.02441e-06
3.13115e-15
1.02441e-06
2.52607e-15
1.02441e-06
1.82011e-15
1.02441e-06
1.05097e-15
1.02441e-06
4.04844e-16
1.02441e-06
1.83992e-17
1.02441e-06
-9.89348e-17
1.02441e-06
1.4523e-17
1.02441e-06
1.22076e-16
1.02441e-06
-2.70853e-16
1.02441e-06
-1.29472e-15
1.02441e-06
-2.63735e-15
1.02441e-06
-3.89105e-15
-3.98759e-15
1.10719e-06
-3.37567e-15
1.10719e-06
-2.62022e-15
1.10719e-06
-7.87424e-16
1.10719e-06
1.20158e-15
1.10719e-06
2.52519e-15
1.10719e-06
3.01218e-15
1.10719e-06
2.83982e-15
1.10719e-06
2.34242e-15
1.10719e-06
1.68786e-15
1.10719e-06
9.65211e-16
1.10719e-06
3.7572e-16
1.10719e-06
5.80422e-17
1.10719e-06
1.82308e-17
1.10719e-06
2.27392e-16
1.10719e-06
4.64649e-16
1.10719e-06
2.64829e-16
1.10719e-06
-5.48643e-16
1.10719e-06
-1.7801e-15
1.10719e-06
-3.22409e-15
-3.64686e-15
1.19633e-06
-3.2217e-15
1.19633e-06
-2.86202e-15
1.19633e-06
-1.38343e-15
1.19633e-06
4.42405e-16
1.19633e-06
1.82071e-15
1.19633e-06
2.4685e-15
1.19633e-06
2.46574e-15
1.19633e-06
2.08748e-15
1.19633e-06
1.50565e-15
1.19633e-06
8.50521e-16
1.19633e-06
3.33631e-16
1.19633e-06
9.36914e-17
1.19633e-06
1.34799e-16
1.19633e-06
4.30904e-16
1.19633e-06
7.66094e-16
1.19633e-06
7.1514e-16
1.19633e-06
8.69421e-17
1.19633e-06
-9.95061e-16
1.19633e-06
-2.53906e-15
-3.20082e-15
1.29232e-06
-2.92111e-15
1.29232e-06
-2.91426e-15
1.29232e-06
-1.80407e-15
1.29232e-06
-2.14517e-16
1.29232e-06
1.12831e-15
1.29232e-06
1.87823e-15
1.29232e-06
2.02068e-15
1.29232e-06
1.76272e-15
1.29232e-06
1.26938e-15
1.29232e-06
6.98992e-16
1.29232e-06
2.69171e-16
1.29232e-06
1.14225e-16
1.29232e-06
2.42201e-16
1.29232e-06
6.24089e-16
1.29232e-06
1.03532e-15
1.29232e-06
1.09106e-15
1.29232e-06
6.10946e-16
1.29232e-06
-3.13655e-16
1.29232e-06
-1.88875e-15
-2.68885e-15
1.39567e-06
-2.51004e-15
1.39567e-06
-2.79548e-15
1.39567e-06
-2.03347e-15
1.39567e-06
-7.21866e-16
1.39567e-06
5.01461e-16
1.39567e-06
1.27951e-15
1.39567e-06
1.52651e-15
1.39567e-06
1.37695e-15
1.39567e-06
9.79218e-16
1.39567e-06
5.05032e-16
1.39567e-06
1.72821e-16
1.39567e-06
1.077e-16
1.39567e-06
3.29742e-16
1.39567e-06
8.01848e-16
1.39567e-06
1.27768e-15
1.39567e-06
1.40515e-15
1.39567e-06
1.03147e-15
1.39567e-06
2.47686e-16
1.39567e-06
-1.31945e-15
-2.16236e-15
1.50693e-06
-2.0336e-15
1.50693e-06
-2.5376e-15
1.50693e-06
-2.0768e-15
1.50693e-06
-1.05052e-15
1.50693e-06
-8.53305e-18
1.50693e-06
7.20003e-16
1.50693e-06
1.01513e-15
1.50693e-06
9.47751e-16
1.50693e-06
6.41391e-16
1.50693e-06
2.66941e-16
1.50693e-06
3.53865e-17
1.50693e-06
6.26741e-17
1.50693e-06
3.8636e-16
1.50693e-06
9.55456e-16
1.50693e-06
1.49367e-15
1.50693e-06
1.66857e-15
1.50693e-06
1.36301e-15
1.50693e-06
6.87591e-16
1.50693e-06
-8.64389e-16
-1.67239e-15
1.62668e-06
-1.54509e-15
1.62668e-06
-2.18128e-15
1.62668e-06
-1.95854e-15
1.62668e-06
-1.19346e-15
1.62668e-06
-3.62437e-16
1.62668e-06
2.5068e-16
1.62668e-06
5.28294e-16
1.62668e-06
5.02034e-16
1.62668e-06
2.6933e-16
1.62668e-06
-1.20263e-17
1.62668e-06
-1.48186e-16
1.62668e-06
-2.95772e-17
1.62668e-06
3.99982e-16
1.62668e-06
1.07347e-15
1.62668e-06
1.67851e-15
1.62668e-06
1.88819e-15
1.62668e-06
1.623e-15
1.62668e-06
1.01716e-15
1.62668e-06
-5.3924e-16
-1.2607e-15
1.75558e-06
-1.10163e-15
1.75558e-06
-1.77785e-15
1.75558e-06
-1.71676e-15
1.75558e-06
-1.16349e-15
1.75558e-06
-5.39218e-16
1.75558e-06
-8.39293e-17
1.75558e-06
1.148e-16
1.75558e-06
7.60477e-17
1.75558e-06
-1.15734e-16
1.75558e-06
-3.22565e-16
1.75558e-06
-3.76627e-16
1.75558e-06
-1.73634e-16
1.75558e-06
3.59051e-16
1.75558e-06
1.14289e-15
1.75558e-06
1.82277e-15
1.75558e-06
2.06571e-15
1.75558e-06
1.82777e-15
1.75558e-06
1.25503e-15
1.75558e-06
-3.39896e-16
-9.52644e-16
1.89429e-06
-7.4626e-16
1.89429e-06
-1.38778e-15
1.89429e-06
-1.40021e-15
1.89429e-06
-9.90393e-16
1.89429e-06
-5.40767e-16
1.89429e-06
-2.54745e-16
1.89429e-06
-1.79827e-16
1.89429e-06
-2.86121e-16
1.89429e-06
-4.83603e-16
1.89429e-06
-6.48188e-16
1.89429e-06
-6.41808e-16
1.89429e-06
-3.68982e-16
1.89429e-06
2.55448e-16
1.89429e-06
1.14973e-15
1.89429e-06
1.91439e-15
1.89429e-06
2.19855e-15
1.89429e-06
1.98903e-15
1.89429e-06
1.42239e-15
1.89429e-06
-2.45425e-16
-7.55318e-16
2.04354e-06
-5.02274e-16
2.04354e-06
-1.06682e-15
2.04354e-06
-1.06895e-15
2.04354e-06
-7.16643e-16
2.04354e-06
-3.88002e-16
2.04354e-06
-2.54591e-16
2.04354e-06
-3.21259e-16
2.04354e-06
-5.41215e-16
2.04354e-06
-7.96739e-16
2.04354e-06
-9.63592e-16
2.04354e-06
-9.27939e-16
2.04354e-06
-6.08397e-16
2.04354e-06
8.60458e-17
2.04354e-06
1.08114e-15
2.04354e-06
1.9415e-15
2.04354e-06
2.28073e-15
2.04354e-06
2.11132e-15
2.04354e-06
1.54079e-15
2.04354e-06
-2.23948e-16
-6.61048e-16
2.20413e-06
-3.71251e-16
2.20413e-06
-8.52111e-16
2.20413e-06
-7.85534e-16
2.20413e-06
-4.03226e-16
2.20413e-06
-1.13736e-16
2.20413e-06
-9.00715e-17
2.20413e-06
-2.98272e-16
2.20413e-06
-6.55374e-16
2.20413e-06
-1.01648e-15
2.20413e-06
-1.23544e-15
2.20413e-06
-1.21011e-15
2.20413e-06
-8.76689e-16
2.20413e-06
-1.45838e-16
2.20413e-06
9.27586e-16
2.20413e-06
1.89291e-15
2.20413e-06
2.30636e-15
2.20413e-06
2.19165e-15
2.20413e-06
1.62734e-15
2.20413e-06
-2.42595e-16
-6.49016e-16
2.37689e-06
-3.3811e-16
2.37689e-06
-7.53369e-16
2.37689e-06
-5.95435e-16
2.37689e-06
-1.16944e-16
2.37689e-06
2.22692e-16
2.37689e-06
2.1174e-16
2.37689e-06
-1.10024e-16
2.37689e-06
-6.12347e-16
2.37689e-06
-1.11139e-15
2.37689e-06
-1.42803e-15
2.37689e-06
-1.45537e-15
2.37689e-06
-1.15097e-15
2.37689e-06
-4.27764e-16
2.37689e-06
6.87062e-16
2.37689e-06
1.75765e-15
2.37689e-06
2.26938e-15
2.37689e-06
2.22464e-15
2.37689e-06
1.68971e-15
2.37689e-06
-2.72472e-16
-6.90509e-16
2.56273e-06
-3.72743e-16
2.56273e-06
-7.56314e-16
2.56273e-06
-5.24975e-16
2.56273e-06
8.63653e-17
2.56273e-06
5.5045e-16
2.56273e-06
5.9136e-16
2.56273e-06
2.2385e-16
2.56273e-06
-4.05267e-16
2.56273e-06
-1.06053e-15
2.56273e-06
-1.51091e-15
2.56273e-06
-1.63071e-15
2.56273e-06
-1.40122e-15
2.56273e-06
-7.37583e-16
2.56273e-06
3.69596e-16
2.56273e-06
1.52848e-15
2.56273e-06
2.16255e-15
2.56273e-06
2.20684e-15
2.56273e-06
1.72489e-15
2.56273e-06
-2.91128e-16
-7.52892e-16
2.76262e-06
-4.33334e-16
2.76262e-06
-8.38141e-16
2.76262e-06
-5.76843e-16
2.76262e-06
1.66807e-16
2.76262e-06
8.05119e-16
2.76262e-06
9.73901e-16
2.76262e-06
6.49338e-16
2.76262e-06
-4.40181e-17
2.76262e-06
-8.48787e-16
2.76262e-06
-1.46415e-15
2.76262e-06
-1.71192e-15
2.76262e-06
-1.59327e-15
2.76262e-06
-1.04524e-15
2.76262e-06
-1.41086e-18
2.76262e-06
1.2091e-15
2.76262e-06
1.97841e-15
2.76262e-06
2.1324e-15
2.76262e-06
1.72432e-15
2.76262e-06
-2.84491e-16
-7.97681e-16
2.9776e-06
-4.71639e-16
2.9776e-06
-9.6027e-16
2.9776e-06
-7.31027e-16
2.9776e-06
1.00494e-16
2.9776e-06
9.36341e-16
2.9776e-06
1.28972e-15
2.9776e-06
1.09226e-15
2.9776e-06
4.24641e-16
2.9776e-06
-4.76526e-16
2.9776e-06
-1.27112e-15
2.9776e-06
-1.68657e-15
2.9776e-06
-1.69996e-15
2.9776e-06
-1.31252e-15
2.9776e-06
-3.91424e-16
2.9776e-06
8.15118e-16
2.9776e-06
1.71397e-15
2.9776e-06
1.99469e-15
2.9776e-06
1.68022e-15
2.9776e-06
-2.48754e-16
-7.97532e-16
3.2088e-06
-4.51809e-16
3.2088e-06
-1.07091e-15
3.2088e-06
-9.436e-16
3.2088e-06
-1.09591e-16
3.2088e-06
9.10083e-16
3.2088e-06
1.48482e-15
3.2088e-06
1.47301e-15
3.2088e-06
9.26936e-16
3.2088e-06
1.79302e-17
3.2088e-06
-9.2313e-16
3.2088e-06
-1.53892e-15
3.2088e-06
-1.71497e-15
3.2088e-06
-1.49867e-15
3.2088e-06
-7.60272e-16
3.2088e-06
3.74962e-16
3.2088e-06
1.37348e-15
3.2088e-06
1.79014e-15
3.2088e-06
1.58952e-15
3.2088e-06
-1.89177e-16
-7.39713e-16
3.45741e-06
-3.52267e-16
3.45741e-06
-1.12099e-15
3.45741e-06
-1.15479e-15
3.45741e-06
-4.28269e-16
3.45741e-06
7.05397e-16
3.45741e-06
1.52293e-15
3.45741e-06
1.72651e-15
3.45741e-06
1.37871e-15
3.45741e-06
5.67136e-16
3.45741e-06
-4.44505e-16
3.45741e-06
-1.25636e-15
3.45741e-06
-1.62896e-15
3.45741e-06
-1.58334e-15
3.45741e-06
-1.06725e-15
3.45741e-06
-7.12028e-17
3.45741e-06
9.71694e-16
3.45741e-06
1.52256e-15
3.45741e-06
1.45313e-15
3.45741e-06
-1.21416e-16
-6.18607e-16
3.72473e-06
-1.47087e-16
3.72473e-06
-1.0691e-15
3.72473e-06
-1.31894e-15
3.72473e-06
-7.90959e-16
3.72473e-06
3.29549e-16
3.72473e-06
1.37068e-15
3.72473e-06
1.8202e-15
3.72473e-06
1.70018e-15
3.72473e-06
1.0855e-15
3.72473e-06
1.0621e-16
3.72473e-06
-8.47798e-16
3.72473e-06
-1.43248e-15
3.72473e-06
-1.56716e-15
3.72473e-06
-1.2727e-15
3.72473e-06
-4.77365e-16
3.72473e-06
5.36331e-16
3.72473e-06
1.20491e-15
3.72473e-06
1.2758e-15
3.72473e-06
-7.26823e-17
-4.3296e-16
4.01214e-06
1.73611e-16
4.01214e-06
-8.812e-16
4.01214e-06
-1.40241e-15
4.01214e-06
-1.12038e-15
4.01214e-06
-1.60151e-16
4.01214e-06
1.0102e-15
4.01214e-06
1.72604e-15
4.01214e-06
1.844e-15
4.01214e-06
1.48152e-15
4.01214e-06
6.45728e-16
4.01214e-06
-3.54438e-16
4.01214e-06
-1.12518e-15
4.01214e-06
-1.45267e-15
4.01214e-06
-1.35797e-15
4.01214e-06
-8.02627e-16
4.01214e-06
1.06328e-16
4.01214e-06
8.57023e-16
4.01214e-06
1.06634e-15
4.01214e-06
-5.62158e-17
-1.97457e-16
4.32113e-06
5.90666e-16
4.32113e-06
-5.40047e-16
4.32113e-06
-1.36724e-15
4.32113e-06
-1.35501e-15
4.32113e-06
-6.72746e-16
4.32113e-06
4.68637e-16
4.32113e-06
1.41527e-15
4.32113e-06
1.79472e-15
4.32113e-06
1.6802e-15
4.32113e-06
1.08245e-15
4.32113e-06
1.5295e-16
4.32113e-06
-7.28074e-16
4.32113e-06
-1.24454e-15
4.32113e-06
-1.33324e-15
4.32113e-06
-1.0121e-15
4.32113e-06
-2.73737e-16
4.32113e-06
5.03998e-16
4.32113e-06
8.38923e-16
4.32113e-06
-6.19155e-17
6.0955e-17
4.65329e-06
1.07364e-15
4.65329e-06
-4.38092e-17
4.65329e-06
-1.17487e-15
4.65329e-06
-1.47363e-15
4.65329e-06
-1.11627e-15
4.65329e-06
-1.68275e-16
4.65329e-06
8.82927e-16
4.65329e-06
1.53034e-15
4.65329e-06
1.66067e-15
4.65329e-06
1.32829e-15
4.65329e-06
5.81967e-16
4.65329e-06
-2.95651e-16
4.65329e-06
-9.56313e-16
4.65329e-06
-1.21417e-15
4.65329e-06
-1.09124e-15
4.65329e-06
-5.63421e-16
4.65329e-06
1.77379e-16
4.65329e-06
6.14383e-16
4.65329e-06
-7.03238e-17
3.18497e-16
5.01033e-06
1.59707e-15
5.01033e-06
5.82098e-16
5.01033e-06
-7.92243e-16
5.01033e-06
-1.46044e-15
5.01033e-06
-1.42995e-15
5.01033e-06
-7.95405e-16
5.01033e-06
1.87392e-16
5.01033e-06
1.02685e-15
5.01033e-06
1.41097e-15
5.01033e-06
1.33777e-15
5.01033e-06
8.46089e-16
5.01033e-06
9.35183e-17
5.01033e-06
-6.19084e-16
5.01033e-06
-1.01884e-15
5.01033e-06
-1.0573e-15
5.01033e-06
-7.31959e-16
5.01033e-06
-8.77297e-17
5.01033e-06
4.16736e-16
5.01033e-06
-7.09431e-17
5.65524e-16
5.39409e-06
2.14182e-15
5.39409e-06
1.28614e-15
5.39409e-06
-2.13087e-16
5.39409e-06
-1.27187e-15
5.39409e-06
-1.59848e-15
5.39409e-06
-1.32848e-15
5.39409e-06
-5.78158e-16
5.39409e-06
3.07257e-16
5.39409e-06
9.22883e-16
5.39409e-06
1.10562e-15
5.39409e-06
8.8571e-16
5.39409e-06
3.53487e-16
5.39409e-06
-2.93327e-16
5.39409e-06
-7.72353e-16
5.39409e-06
-9.35268e-16
5.39409e-06
-7.72765e-16
5.39409e-06
-2.66436e-16
5.39409e-06
2.68127e-16
5.39409e-06
-5.07816e-17
8.10066e-16
5.80655e-06
2.69825e-15
5.80655e-06
2.01748e-15
5.80655e-06
5.23149e-16
5.80655e-06
-8.71432e-16
5.80655e-06
-1.61071e-15
5.80655e-06
-1.71674e-15
5.80655e-06
-1.31018e-15
5.80655e-06
-5.49379e-16
5.80655e-06
1.9974e-16
5.80655e-06
6.36073e-16
5.80655e-06
6.86547e-16
5.80655e-06
4.15547e-16
5.80655e-06
-5.54283e-17
5.80655e-06
-5.14002e-16
5.80655e-06
-7.51918e-16
5.80655e-06
-7.05949e-16
5.80655e-06
-3.37072e-16
5.80655e-06
1.89026e-16
5.80655e-06
-2.90547e-18
1.06001e-15
6.24983e-06
3.2547e-15
6.24983e-06
2.73311e-15
6.24983e-06
1.34609e-15
6.24983e-06
-2.62993e-16
6.24983e-06
-1.42956e-15
6.24983e-06
-1.94532e-15
6.24983e-06
-1.93116e-15
6.24983e-06
-1.43649e-15
6.24983e-06
-7.0357e-16
6.24983e-06
-6.83482e-17
6.24983e-06
2.5744e-16
6.24983e-06
2.60344e-16
6.24983e-06
2.64643e-17
6.24983e-06
-3.02595e-16
6.24983e-06
-5.39565e-16
6.24983e-06
-5.60435e-16
6.24983e-06
-2.98456e-16
6.24983e-06
1.87792e-16
6.24983e-06
8.66279e-17
1.32604e-15
6.72618e-06
3.79527e-15
6.72618e-06
3.41249e-15
6.72618e-06
2.18095e-15
6.72618e-06
4.94417e-16
6.72618e-06
-1.04156e-15
6.72618e-06
-2.00671e-15
6.72618e-06
-2.3953e-15
6.72618e-06
-2.2541e-15
6.72618e-06
-1.68647e-15
6.72618e-06
-9.6994e-16
6.72618e-06
-3.95116e-16
6.72618e-06
-1.01683e-16
6.72618e-06
-7.14977e-17
6.72618e-06
-1.99825e-16
6.72618e-06
-3.41001e-16
6.72618e-06
-3.63281e-16
6.72618e-06
-1.65478e-16
6.72618e-06
2.63959e-16
6.72618e-06
2.29254e-16
1.61573e-15
7.23804e-06
4.30244e-15
7.23804e-06
4.04016e-15
7.23804e-06
2.9675e-15
7.23804e-06
1.30757e-15
7.23804e-06
-4.89027e-16
7.23804e-06
-1.88781e-15
7.23804e-06
-2.69322e-15
7.23804e-06
-2.93314e-15
7.23804e-06
-2.63791e-15
7.23804e-06
-1.97882e-15
7.23804e-06
-1.23912e-15
7.23804e-06
-6.63029e-16
7.23804e-06
-3.38158e-16
7.23804e-06
-2.23823e-16
7.23804e-06
-2.04798e-16
7.23804e-06
-1.48862e-16
7.23804e-06
4.10606e-17
7.23804e-06
4.1574e-16
7.23804e-06
4.304e-16
1.93296e-15
7.78803e-06
4.76483e-15
7.78803e-06
4.59486e-15
7.78803e-06
3.66276e-15
7.78803e-06
2.08261e-15
7.78803e-06
1.49177e-16
7.78803e-06
-1.61432e-15
7.78803e-06
-2.83681e-15
7.78803e-06
-3.44495e-15
7.78803e-06
-3.47342e-15
7.78803e-06
-2.98359e-15
7.78803e-06
-2.19486e-15
7.78803e-06
-1.38788e-15
7.78803e-06
-7.65123e-16
7.78803e-06
-3.73906e-16
7.78803e-06
-1.42897e-16
7.78803e-06
5.30082e-17
7.78803e-06
2.93257e-16
7.78803e-06
6.39859e-16
7.78803e-06
6.94674e-16
2.28283e-15
8.37895e-06
5.17617e-15
8.37895e-06
5.05774e-15
8.37895e-06
4.23238e-15
8.37895e-06
2.73989e-15
8.37895e-06
7.69958e-16
8.37895e-06
-1.2544e-15
8.37895e-06
-2.84981e-15
8.37895e-06
-3.81186e-15
8.37895e-06
-4.14719e-15
8.37895e-06
-3.88835e-15
8.37895e-06
-3.15656e-15
8.37895e-06
-2.20581e-15
8.37895e-06
-1.31306e-15
8.37895e-06
-6.2843e-16
8.37895e-06
-1.433e-16
8.37895e-06
2.35097e-16
8.37895e-06
5.75127e-16
8.37895e-06
9.28861e-16
8.37895e-06
1.0186e-15
2.66506e-15
9.0138e-06
5.53323e-15
9.0138e-06
5.41833e-15
9.0138e-06
4.65008e-15
9.0138e-06
3.21933e-15
9.0138e-06
1.26209e-15
9.0138e-06
-9.11385e-16
9.0138e-06
-2.79503e-15
9.0138e-06
-4.07179e-15
9.0138e-06
-4.66638e-15
9.0138e-06
-4.64142e-15
9.0138e-06
-4.02475e-15
9.0138e-06
-3.01829e-15
9.0138e-06
-1.90653e-15
9.0138e-06
-9.34646e-16
9.0138e-06
-1.73464e-16
9.0138e-06
4.15926e-16
9.0138e-06
8.88916e-16
9.0138e-06
1.27721e-15
9.0138e-06
1.40038e-15
3.07831e-15
9.69579e-06
5.83803e-15
9.69579e-06
5.67891e-15
9.69579e-06
4.89248e-15
9.69579e-06
3.47187e-15
9.69579e-06
1.52917e-15
9.69579e-06
-7.07637e-16
9.69579e-06
-2.7752e-15
9.69579e-06
-4.28663e-15
9.69579e-06
-5.08561e-15
9.69579e-06
-5.23468e-15
9.69579e-06
-4.73871e-15
9.69579e-06
-3.72318e-15
9.69579e-06
-2.44946e-15
9.69579e-06
-1.2115e-15
9.69579e-06
-1.73576e-16
9.69579e-06
6.41549e-16
9.69579e-06
1.25938e-15
9.69579e-06
1.69466e-15
9.69579e-06
1.85257e-15
3.52772e-15
1.04284e-05
6.09746e-15
1.04284e-05
5.84757e-15
1.04284e-05
4.9447e-15
1.04284e-05
3.46156e-15
1.04284e-05
1.49533e-15
1.04284e-05
-7.68498e-16
1.04284e-05
-2.91976e-15
1.04284e-05
-4.55666e-15
1.04284e-05
-5.47612e-15
1.04284e-05
-5.71268e-15
1.04284e-05
-5.28584e-15
1.04284e-05
-4.24867e-15
1.04284e-05
-2.84088e-15
1.04284e-05
-1.36109e-15
1.04284e-05
-5.82744e-17
1.04284e-05
9.80223e-16
1.04284e-05
1.73957e-15
1.04284e-05
2.2222e-15
1.04284e-05
2.41367e-15
4.02631e-15
1.12152e-05
6.34133e-15
1.12152e-05
5.93697e-15
1.12152e-05
4.81239e-15
1.12152e-05
3.16124e-15
1.12152e-05
1.09594e-15
1.12152e-05
-1.20452e-15
1.12152e-05
-3.36345e-15
1.12152e-05
-5.01132e-15
1.12152e-05
-5.93846e-15
1.12152e-05
-6.1653e-15
1.12152e-05
-5.7014e-15
1.12152e-05
-4.57241e-15
1.12152e-05
-3.00189e-15
1.12152e-05
-1.28535e-15
1.12152e-05
2.72245e-16
1.12152e-05
1.52244e-15
1.12152e-05
2.41095e-15
1.12152e-05
2.93174e-15
1.12152e-05
3.1417e-15
4.61727e-15
1.20603e-05
6.64612e-15
1.20603e-05
5.97192e-15
1.20603e-05
4.50172e-15
1.20603e-05
2.54947e-15
1.20603e-05
2.78175e-16
1.20603e-05
-2.1026e-15
1.20603e-05
-4.23087e-15
1.20603e-05
-5.79473e-15
1.20603e-05
-6.61598e-15
1.20603e-05
-6.71712e-15
1.20603e-05
-6.06963e-15
1.20603e-05
-4.72186e-15
1.20603e-05
-2.90019e-15
1.20603e-05
-9.07655e-16
1.20603e-05
9.1551e-16
1.20603e-05
2.3736e-15
1.20603e-05
3.38026e-15
1.20603e-05
3.92286e-15
1.20603e-05
4.11943e-15
5.40169e-15
1.29678e-05
7.1418e-15
1.29678e-05
6.01927e-15
1.29678e-05
4.04952e-15
1.29678e-05
1.63858e-15
1.29678e-05
-9.80164e-16
1.29678e-05
-3.51835e-15
1.29678e-05
-5.6299e-15
1.29678e-05
-7.06035e-15
1.29678e-05
-7.69103e-15
1.29678e-05
-7.52381e-15
1.29678e-05
-6.51687e-15
1.29678e-05
-4.77714e-15
1.29678e-05
-2.55964e-15
1.29678e-05
-1.9345e-16
1.29678e-05
1.94752e-15
1.29678e-05
3.63786e-15
1.29678e-05
4.76728e-15
1.29678e-05
5.31916e-15
1.29678e-05
5.46301e-15
6.46683e-15
1.39423e-05
7.97997e-15
1.39423e-05
6.20258e-15
1.39423e-05
3.5405e-15
1.39423e-05
4.76695e-16
1.39423e-05
-2.65855e-15
1.39423e-05
-5.47616e-15
1.39423e-05
-7.64933e-15
1.39423e-05
-8.96329e-15
1.39423e-05
-9.34955e-15
1.39423e-05
-8.76276e-15
1.39423e-05
-7.20835e-15
1.39423e-05
-4.8715e-15
1.39423e-05
-2.06168e-15
1.39423e-05
8.35511e-16
1.39423e-05
3.40351e-15
1.39423e-05
5.39568e-15
1.39423e-05
6.68283e-15
1.39423e-05
7.25051e-15
1.39423e-05
7.30531e-15
7.92819e-15
1.49885e-05
9.29722e-15
1.49885e-05
6.67262e-15
1.49885e-05
3.10543e-15
1.49885e-05
-8.35099e-16
1.49885e-05
-4.68512e-15
1.49885e-05
-7.96821e-15
1.49885e-05
-1.03471e-14
1.49885e-05
-1.16264e-14
1.49885e-05
-1.17433e-14
1.49885e-05
-1.06191e-14
1.49885e-05
-8.34171e-15
1.49885e-05
-5.18666e-15
1.49885e-05
-1.54581e-15
1.49885e-05
2.09446e-15
1.49885e-05
5.26326e-15
1.49885e-05
7.68238e-15
1.49885e-05
9.20421e-15
1.49885e-05
9.82288e-15
1.49885e-05
9.77906e-15
9.97712e-15
1.61117e-05
1.12195e-14
1.61117e-05
7.59337e-15
1.61117e-05
2.925e-15
1.61117e-05
-2.13258e-15
1.61117e-05
-6.94371e-15
1.61117e-05
-1.09398e-14
1.61117e-05
-1.37272e-14
1.61117e-05
-1.51065e-14
1.61117e-05
-1.4987e-14
1.61117e-05
-1.32708e-14
1.61117e-05
-1.01291e-14
1.61117e-05
-5.93994e-15
1.61117e-05
-1.20631e-15
1.61117e-05
3.44025e-15
1.61117e-05
7.44793e-15
1.61117e-05
1.04815e-14
1.61117e-05
1.23683e-14
1.61117e-05
1.31194e-14
1.61117e-05
1.30248e-14
1.2763e-14
1.73172e-05
1.39286e-14
1.73172e-05
9.15825e-15
1.73172e-05
3.18741e-15
1.73172e-05
-3.23699e-15
1.73172e-05
-9.29487e-15
1.73172e-05
-1.42917e-14
1.73172e-05
-1.77367e-14
1.73172e-05
-1.93968e-14
1.73172e-05
-1.91534e-14
1.73172e-05
-1.68674e-14
1.73172e-05
-1.27762e-14
1.73172e-05
-7.36694e-15
1.73172e-05
-1.27821e-15
1.73172e-05
4.6797e-15
1.73172e-05
9.82101e-15
1.73172e-05
1.37205e-14
1.73172e-05
1.61622e-14
1.73172e-05
1.71824e-14
1.73172e-05
1.7138e-14
1.64211e-14
1.86109e-05
1.75878e-14
1.86109e-05
1.15643e-14
1.86109e-05
4.10547e-15
1.86109e-05
-3.93593e-15
1.86109e-05
-1.15518e-14
1.86109e-05
-1.78741e-14
1.86109e-05
-2.22727e-14
1.86109e-05
-2.44415e-14
1.86109e-05
-2.42634e-14
1.86109e-05
-2.15133e-14
1.86109e-05
-1.64606e-14
1.86109e-05
-9.69909e-15
1.86109e-05
-2.01658e-15
1.86109e-05
5.57811e-15
1.86109e-05
1.21927e-14
1.86109e-05
1.72708e-14
1.86109e-05
2.052e-14
1.86109e-05
2.20013e-14
1.86109e-05
2.21548e-14
2.10538e-14
1.9999e-05
2.23215e-14
1.9999e-05
1.4989e-14
1.9999e-05
5.89536e-15
1.9999e-05
-3.99534e-15
1.9999e-05
-1.34886e-14
1.9999e-05
-2.14899e-14
1.9999e-05
-2.71868e-14
1.9999e-05
-3.01418e-14
1.9999e-05
-3.02782e-14
1.9999e-05
-2.72552e-14
1.9999e-05
-2.13138e-14
1.9999e-05
-1.314e-14
1.9999e-05
-3.67702e-15
1.9999e-05
5.87145e-15
1.9999e-05
1.43256e-14
1.9999e-05
2.09471e-14
1.9999e-05
2.53202e-14
1.9999e-05
2.75055e-14
1.9999e-05
2.80678e-14
2.67231e-14
2.1488e-05
2.82107e-14
2.1488e-05
1.95762e-14
2.1488e-05
8.75409e-15
2.1488e-05
-3.1778e-15
2.1488e-05
-1.4855e-14
2.1488e-05
-2.49023e-14
2.1488e-05
-3.22841e-14
2.1488e-05
-3.63642e-14
2.1488e-05
-3.70968e-14
2.1488e-05
-3.40714e-14
2.1488e-05
-2.74054e-14
2.1488e-05
-1.78468e-14
2.1488e-05
-6.48994e-15
2.1488e-05
5.28321e-15
2.1488e-05
1.59463e-14
2.1488e-05
2.45113e-14
2.1488e-05
3.03859e-14
2.1488e-05
3.35754e-14
2.1488e-05
3.48119e-14
3.34387e-14
2.30848e-05
3.52766e-14
2.30848e-05
2.54226e-14
2.30848e-05
1.28445e-14
2.30848e-05
-1.2614e-15
2.30848e-05
-1.5394e-14
2.30848e-05
-2.78479e-14
2.30848e-05
-3.73268e-14
2.30848e-05
-4.29293e-14
2.30848e-05
-4.45521e-14
2.30848e-05
-4.18679e-14
2.30848e-05
-3.47338e-14
2.30848e-05
-2.39139e-14
2.30848e-05
-1.06381e-14
2.30848e-05
3.54981e-15
2.30848e-05
1.6766e-14
2.30848e-05
2.76856e-14
2.30848e-05
3.54852e-14
2.30848e-05
4.00423e-14
2.30848e-05
4.22524e-14
4.11402e-14
2.47966e-05
4.34599e-14
2.47966e-05
3.25553e-14
2.47966e-05
1.82754e-14
2.47966e-05
1.93485e-15
2.47966e-05
-1.48555e-14
2.47966e-05
-3.0046e-14
2.47966e-05
-4.20329e-14
2.47966e-05
-4.96098e-14
2.47966e-05
-5.24426e-14
2.47966e-05
-5.04765e-14
2.47966e-05
-4.32116e-14
2.47966e-05
-3.13533e-14
2.47966e-05
-1.6233e-14
2.47966e-05
4.47065e-16
2.47966e-05
1.6502e-14
2.47966e-05
3.01665e-14
2.47966e-05
4.03339e-14
2.47966e-05
4.66862e-14
2.47966e-05
5.0214e-14
4.96862e-14
2.66313e-05
5.26136e-14
2.66313e-05
4.09187e-14
2.66313e-05
2.5083e-14
2.66313e-05
6.53293e-15
2.66313e-05
-1.30214e-14
2.66313e-05
-3.12212e-14
2.66313e-05
-4.60947e-14
2.66313e-05
-5.61054e-14
2.66313e-05
-6.05443e-14
2.66313e-05
-5.96517e-14
2.66313e-05
-5.26598e-14
2.66313e-05
-4.0084e-14
2.66313e-05
-2.33019e-14
2.66313e-05
-4.17645e-15
2.66313e-05
1.49073e-14
2.66313e-05
3.16512e-14
2.66313e-05
4.46153e-14
2.66313e-05
5.32244e-14
2.66313e-05
5.84741e-14
5.88403e-14
2.85966e-05
6.24889e-14
2.85966e-05
5.03548e-14
2.85966e-05
3.32077e-14
2.85966e-05
1.25717e-14
2.85966e-05
-9.73225e-15
2.85966e-05
-3.1125e-14
2.85966e-05
-4.92018e-14
2.85966e-05
-6.20764e-14
2.85966e-05
-6.85884e-14
2.85966e-05
-6.90553e-14
2.85966e-05
-6.28069e-14
2.85966e-05
-4.99247e-14
2.85966e-05
-3.1778e-14
2.85966e-05
-1.03677e-14
2.85966e-05
1.17886e-14
2.85966e-05
3.18594e-14
2.85966e-05
4.79948e-14
2.85966e-05
5.93167e-14
2.85966e-05
6.67681e-14
6.83058e-14
3.07009e-05
7.27461e-14
3.07009e-05
6.05916e-14
3.07009e-05
4.24775e-14
3.07009e-05
1.99919e-14
3.07009e-05
-4.91638e-15
3.07009e-05
-2.95611e-14
3.07009e-05
-5.10542e-14
3.07009e-05
-6.71514e-14
3.07009e-05
-7.62417e-14
3.07009e-05
-7.83243e-14
3.07009e-05
-7.32824e-14
3.07009e-05
-6.05779e-14
3.07009e-05
-4.14706e-14
3.07009e-05
-1.8056e-14
3.07009e-05
7.04034e-15
3.07009e-05
3.05638e-14
3.07009e-05
5.01511e-14
3.07009e-05
6.45924e-14
3.07009e-05
7.47389e-14
7.77426e-14
3.29528e-05
8.29611e-14
3.29528e-05
7.12403e-14
3.29528e-05
5.25925e-14
3.29528e-05
2.86171e-14
3.29528e-05
1.37718e-15
3.29528e-05
-2.64092e-14
3.29528e-05
-5.13939e-14
3.29528e-05
-7.09543e-14
3.29528e-05
-8.30619e-14
3.29528e-05
-8.70764e-14
3.29528e-05
-8.36384e-14
3.29528e-05
-7.1624e-14
3.29528e-05
-5.20541e-14
3.29528e-05
-2.70423e-14
3.29528e-05
6.84411e-16
3.29528e-05
2.76218e-14
3.29528e-05
5.0803e-14
3.29528e-05
6.86657e-14
3.29528e-05
8.19312e-14
8.67605e-14
3.5361e-05
9.25818e-14
3.5361e-05
8.17744e-14
3.5361e-05
6.31044e-14
3.5361e-05
3.81202e-14
3.5361e-05
8.96271e-15
3.5361e-05
-2.16499e-14
3.5361e-05
-5.00288e-14
3.5361e-05
-7.31279e-14
3.5361e-05
-8.85287e-14
3.5361e-05
-9.4934e-14
3.5361e-05
-9.33051e-14
3.5361e-05
-8.25163e-14
3.5361e-05
-6.30598e-14
3.5361e-05
-3.69846e-14
3.5361e-05
-7.10992e-15
3.5361e-05
2.29959e-14
3.5361e-05
4.97278e-14
3.5361e-05
7.11569e-14
3.5361e-05
8.78496e-14
9.49715e-14
3.79344e-05
1.00947e-13
3.79344e-05
9.15496e-14
3.79344e-05
7.34218e-14
3.79344e-05
4.80124e-14
3.79344e-05
1.74902e-14
3.79344e-05
-1.54159e-14
3.79344e-05
-4.68741e-14
3.79344e-05
-7.33769e-14
3.79344e-05
-9.21453e-14
3.79344e-05
-1.01344e-13
3.79344e-05
-1.01627e-13
3.79344e-05
-9.25869e-14
3.79344e-05
-7.38692e-14
3.79344e-05
-4.73771e-14
3.79344e-05
-1.59728e-14
3.79344e-05
1.67942e-14
3.79344e-05
4.68228e-14
3.79344e-05
7.17603e-14
3.79344e-05
9.19877e-14
1.01803e-13
4.06821e-05
1.07363e-13
4.06821e-05
9.98218e-14
4.06821e-05
8.2836e-14
4.06821e-05
5.7667e-14
4.06821e-05
2.64728e-14
4.06821e-05
-7.9982e-15
4.06821e-05
-4.19686e-14
4.06821e-05
-7.14796e-14
4.06821e-05
-9.34466e-14
4.06821e-05
-1.05593e-13
4.06821e-05
-1.07925e-13
4.06821e-05
-1.0106e-13
4.06821e-05
-8.37433e-14
4.06821e-05
-5.75703e-14
4.06821e-05
-2.53861e-14
4.06821e-05
9.28468e-15
4.06821e-05
4.21033e-14
4.06821e-05
7.02308e-14
4.06821e-05
9.38423e-14
1.0655e-13
4.36128e-05
1.10935e-13
4.36128e-05
1.05883e-13
4.36128e-05
9.07428e-14
4.36128e-05
6.65083e-14
4.36128e-05
3.54302e-14
4.36128e-05
2.56959e-16
4.36128e-05
-3.54029e-14
4.36128e-05
-6.72518e-14
4.36128e-05
-9.19643e-14
4.36128e-05
-1.06925e-13
4.36128e-05
-1.11328e-13
4.36128e-05
-1.07138e-13
4.36128e-05
-9.20944e-14
4.36128e-05
-6.69698e-14
4.36128e-05
-3.48427e-14
4.36128e-05
8.05495e-16
4.36128e-05
3.56378e-14
4.36128e-05
6.63482e-14
4.36128e-05
9.2922e-14
1.08447e-13
4.67352e-05
1.11481e-13
4.67352e-05
1.08745e-13
4.67352e-05
9.60152e-14
4.67352e-05
7.342e-14
4.67352e-05
4.33589e-14
4.67352e-05
8.51135e-15
4.67352e-05
-2.77438e-14
4.67352e-05
-6.10028e-14
4.67352e-05
-8.77436e-14
4.67352e-05
-1.05147e-13
4.67352e-05
-1.11723e-13
4.67352e-05
-1.09862e-13
4.67352e-05
-9.76632e-14
4.67352e-05
-7.4358e-14
4.67352e-05
-4.3259e-14
4.67352e-05
-7.76797e-15
4.67352e-05
2.80077e-14
4.67352e-05
6.03889e-14
4.67352e-05
8.91796e-14
1.07162e-13
5.00575e-05
1.09004e-13
5.00575e-05
1.07714e-13
5.00575e-05
9.7237e-14
5.00575e-05
7.69452e-14
5.00575e-05
4.88959e-14
5.00575e-05
1.55708e-14
5.00575e-05
-1.99353e-14
5.00575e-05
-5.33935e-14
5.00575e-05
-8.11572e-14
5.00575e-05
-1.00332e-13
5.00575e-05
-1.09056e-13
5.00575e-05
-1.08782e-13
5.00575e-05
-9.89284e-14
5.00575e-05
-7.81823e-14
5.00575e-05
-4.91964e-14
5.00575e-05
-1.51648e-14
5.00575e-05
2.01624e-14
5.00575e-05
5.29902e-14
5.00575e-05
8.29065e-14
1.02702e-13
5.35876e-05
1.02428e-13
5.35876e-05
1.02498e-13
5.35876e-05
9.40748e-14
5.35876e-05
7.65719e-14
5.35876e-05
5.14245e-14
5.35876e-05
2.08192e-14
5.35876e-05
-1.24826e-14
5.35876e-05
-4.46655e-14
5.35876e-05
-7.21075e-14
5.35876e-05
-9.19764e-14
5.35876e-05
-1.02268e-13
5.35876e-05
-1.03489e-13
5.35876e-05
-9.56732e-14
5.35876e-05
-7.7934e-14
5.35876e-05
-5.20214e-14
5.35876e-05
-2.07345e-14
5.35876e-05
1.26033e-14
5.35876e-05
4.43965e-14
5.35876e-05
7.40032e-14
9.45337e-14
5.73325e-05
9.12117e-14
5.73325e-05
9.26457e-14
5.73325e-05
8.64859e-14
5.73325e-05
7.21253e-14
5.73325e-05
5.06345e-14
5.73325e-05
2.38622e-14
5.73325e-05
-5.80581e-15
5.73325e-05
-3.5133e-14
5.73325e-05
-6.0715e-14
5.73325e-05
-7.99363e-14
5.73325e-05
-9.08749e-14
5.73325e-05
-9.34149e-14
5.73325e-05
-8.79072e-14
5.73325e-05
-7.34756e-14
5.73325e-05
-5.1423e-14
5.73325e-05
-2.4065e-14
5.73325e-05
5.76748e-15
5.73325e-05
3.49294e-14
5.73325e-05
6.2594e-14
8.24948e-14
6.12987e-05
7.62152e-14
6.12987e-05
7.85804e-14
6.12987e-05
7.45587e-14
6.12987e-05
6.35181e-14
6.12987e-05
4.62447e-14
6.12987e-05
2.42183e-14
6.12987e-05
-5.99869e-16
6.12987e-05
-2.56348e-14
6.12987e-05
-4.79076e-14
6.12987e-05
-6.51606e-14
6.12987e-05
-7.56789e-14
6.12987e-05
-7.90686e-14
6.12987e-05
-7.57083e-14
6.12987e-05
-6.47433e-14
6.12987e-05
-4.71117e-14
6.12987e-05
-2.464e-14
6.12987e-05
3.7816e-16
6.12987e-05
2.54299e-14
6.12987e-05
4.95893e-14
6.7521e-14
7.11963e-05
5.74264e-14
7.11963e-05
6.01832e-14
7.11963e-05
5.80393e-14
7.11963e-05
5.04514e-14
7.11963e-05
3.79439e-14
7.11963e-05
2.15897e-14
7.11963e-05
2.85143e-15
7.11963e-05
-1.6412e-14
7.11963e-05
-3.38896e-14
7.11963e-05
-4.78094e-14
7.11963e-05
-5.68083e-14
7.11963e-05
-6.0386e-14
7.11963e-05
-5.88071e-14
7.11963e-05
-5.13936e-14
7.11963e-05
-3.87328e-14
7.11963e-05
-2.21167e-14
7.11963e-05
-3.21697e-15
7.11963e-05
1.61723e-14
7.11963e-05
3.51865e-14
4.97284e-14
7.24895e-05
3.94042e-14
7.24895e-05
4.19296e-14
7.24895e-05
4.09991e-14
7.24895e-05
3.62338e-14
7.24895e-05
2.79518e-14
7.24895e-05
1.68673e-14
7.24895e-05
3.97646e-15
7.24895e-05
-9.47288e-15
7.24895e-05
-2.18864e-14
7.24895e-05
-3.19947e-14
7.24895e-05
-3.88256e-14
7.24895e-05
-4.19331e-14
7.24895e-05
-4.14238e-14
7.24895e-05
-3.68549e-14
7.24895e-05
-2.85569e-14
7.24895e-05
-1.73632e-14
7.24895e-05
-4.3832e-15
7.24895e-05
9.21034e-15
7.24895e-05
2.27466e-14
3.33755e-14
7.3734e-05
2.42901e-14
7.3734e-05
2.62076e-14
7.3734e-05
2.59194e-14
7.3734e-05
2.32103e-14
7.3734e-05
1.82579e-14
7.3734e-05
1.14924e-14
7.3734e-05
3.52651e-15
7.3734e-05
-4.88275e-15
7.3734e-05
-1.2753e-14
7.3734e-05
-1.92759e-14
7.3734e-05
-2.38354e-14
7.3734e-05
-2.61107e-14
7.3734e-05
-2.60999e-14
7.3734e-05
-2.35581e-14
7.3734e-05
-1.86546e-14
7.3734e-05
-1.18752e-14
7.3734e-05
-3.87969e-15
7.3734e-05
4.64013e-15
7.3734e-05
1.32342e-14
2.01468e-14
7.49371e-05
1.31791e-14
7.49371e-05
1.4394e-14
7.49371e-05
1.4366e-14
7.49371e-05
1.29955e-14
7.49371e-05
1.03737e-14
7.49371e-05
6.73101e-15
7.49371e-05
2.39976e-15
7.49371e-05
-2.2127e-15
7.49371e-05
-6.57755e-15
7.49371e-05
-1.02465e-14
7.49371e-05
-1.28791e-14
7.49371e-05
-1.42816e-14
7.49371e-05
-1.44137e-14
7.49371e-05
-1.31569e-14
7.49371e-05
-1.05938e-14
7.49371e-05
-6.97495e-15
7.49371e-05
-2.6457e-15
7.49371e-05
2.03123e-15
7.49371e-05
6.79508e-15
1.07172e-14
7.6107e-05
6.09487e-15
7.6107e-05
6.72701e-15
7.6107e-05
6.76105e-15
7.6107e-05
6.16122e-15
7.6107e-05
4.97049e-15
7.6107e-05
3.29494e-15
7.6107e-05
1.28846e-15
7.6107e-05
-8.60888e-16
7.6107e-05
-2.91225e-15
7.6107e-05
-4.65621e-15
7.6107e-05
-5.93346e-15
7.6107e-05
-6.64655e-15
7.6107e-05
-6.75824e-15
7.6107e-05
-6.22053e-15
7.6107e-05
-5.07093e-15
7.6107e-05
-3.42015e-15
7.6107e-05
-1.42296e-15
7.6107e-05
7.55489e-16
7.6107e-05
2.98464e-15
4.86416e-15
7.72512e-05
2.37093e-15
7.72512e-05
2.63554e-15
7.72512e-05
2.65712e-15
7.72512e-05
2.42722e-15
7.72512e-05
1.96593e-15
7.72512e-05
1.3173e-15
7.72512e-05
5.42874e-16
7.72512e-05
-2.86758e-16
7.72512e-05
-1.0868e-15
7.72512e-05
-1.7782e-15
7.72512e-05
-2.29572e-15
7.72512e-05
-2.59681e-15
7.72512e-05
-2.65949e-15
7.72512e-05
-2.4657e-15
7.72512e-05
-2.0278e-15
7.72512e-05
-1.38566e-15
7.72512e-05
-5.97435e-16
7.72512e-05
2.66001e-16
7.72512e-05
1.13071e-15
1.86695e-15
7.83766e-05
8.16013e-16
7.83766e-05
9.10394e-16
7.83766e-05
9.18589e-16
7.83766e-05
8.40613e-16
7.83766e-05
6.8215e-16
7.83766e-05
4.60186e-16
7.83766e-05
1.97344e-16
7.83766e-05
-8.45614e-17
7.83766e-05
-3.61559e-16
7.83766e-05
-6.05777e-16
7.83766e-05
-7.92526e-16
7.83766e-05
-9.03777e-16
7.83766e-05
-9.31193e-16
7.83766e-05
-8.70128e-16
7.83766e-05
-7.20088e-16
7.83766e-05
-4.92846e-16
7.83766e-05
-2.08114e-16
7.83766e-05
1.03692e-16
7.83766e-05
3.99185e-16
6.42529e-16
7.94889e-05
7.45607e-16
7.94889e-05
8.44006e-16
7.94889e-05
8.66956e-16
7.94889e-05
8.09004e-16
7.94889e-05
6.70401e-16
7.94889e-05
4.63936e-16
7.94889e-05
2.09259e-16
7.94889e-05
-6.92126e-17
7.94889e-05
-3.41465e-16
7.94889e-05
-5.77723e-16
7.94889e-05
-7.55058e-16
7.94889e-05
-8.57421e-16
7.94889e-05
-8.80895e-16
7.94889e-05
-8.21791e-16
7.94889e-05
-6.79812e-16
7.94889e-05
-4.67323e-16
7.94889e-05
-2.04048e-16
7.94889e-05
8.54456e-17
7.94889e-05
3.69371e-16
5.90905e-16
8.05926e-05
1.5783e-15
8.05926e-05
1.77767e-15
8.05926e-05
1.8223e-15
8.05926e-05
1.6961e-15
8.05926e-05
1.40104e-15
8.05926e-05
9.64145e-16
8.05926e-05
4.27054e-16
8.05926e-05
-1.58563e-16
8.05926e-05
-7.27782e-16
8.05926e-05
-1.2194e-15
8.05926e-05
-1.58633e-15
8.05926e-05
-1.79669e-15
8.05926e-05
-1.84522e-15
8.05926e-05
-1.72003e-15
8.05926e-05
-1.4226e-15
8.05926e-05
-9.79698e-16
8.05926e-05
-4.31392e-16
8.05926e-05
1.75512e-16
8.05926e-05
7.85523e-16
1.2602e-15
8.16916e-05
2.56353e-15
8.16916e-05
2.86494e-15
8.16916e-05
2.91957e-15
8.16916e-05
2.70711e-15
8.16916e-05
2.22666e-15
8.16916e-05
1.52166e-15
8.16916e-05
6.58956e-16
8.16916e-05
-2.78774e-16
8.16916e-05
-1.18737e-15
8.16916e-05
-1.96968e-15
8.16916e-05
-2.55026e-15
8.16916e-05
-2.87658e-15
8.16916e-05
-2.94516e-15
8.16916e-05
-2.74429e-15
8.16916e-05
-2.27021e-15
8.16916e-05
-1.56481e-15
8.16916e-05
-6.90218e-16
8.16916e-05
2.83234e-16
8.16916e-05
1.27606e-15
2.05583e-15
8.27889e-05
3.52855e-15
8.27889e-05
3.91739e-15
8.27889e-05
3.96939e-15
8.27889e-05
3.66553e-15
8.27889e-05
3.00022e-15
8.27889e-05
2.0332e-15
8.27889e-05
8.5593e-16
8.27889e-05
-4.19055e-16
8.27889e-05
-1.65001e-15
8.27889e-05
-2.70639e-15
8.27889e-05
-3.48601e-15
8.27889e-05
-3.91618e-15
8.27889e-05
-3.99393e-15
8.27889e-05
-3.715e-15
8.27889e-05
-3.0679e-15
8.27889e-05
-2.10866e-15
8.27889e-05
-9.2009e-16
8.27889e-05
4.05785e-16
8.27889e-05
1.76632e-15
2.84109e-15
8.3887e-05
4.33706e-15
8.3887e-05
4.78726e-15
8.3887e-05
4.82539e-15
8.3887e-05
4.43698e-15
8.3887e-05
3.61225e-15
8.3887e-05
2.4251e-15
8.3887e-05
9.87717e-16
8.3887e-05
-5.62721e-16
8.3887e-05
-2.05358e-15
8.3887e-05
-3.32828e-15
8.3887e-05
-4.26349e-15
8.3887e-05
-4.77069e-15
8.3887e-05
-4.84647e-15
8.3887e-05
-4.49665e-15
8.3887e-05
-3.70255e-15
8.3887e-05
-2.53205e-15
8.3887e-05
-1.08464e-15
8.3887e-05
5.30557e-16
8.3887e-05
2.19183e-15
3.50719e-15
8.49879e-05
4.93553e-15
8.49879e-05
5.41865e-15
8.49879e-05
5.43809e-15
8.49879e-05
4.97811e-15
8.49879e-05
4.02982e-15
8.49879e-05
2.67818e-15
8.49879e-05
1.05086e-15
8.49879e-05
-6.96913e-16
8.49879e-05
-2.37006e-15
8.49879e-05
-3.79464e-15
8.49879e-05
-4.83306e-15
8.49879e-05
-5.38647e-15
8.49879e-05
-5.45345e-15
8.49879e-05
-5.04623e-15
8.49879e-05
-4.13997e-15
8.49879e-05
-2.81292e-15
8.49879e-05
-1.17682e-15
8.49879e-05
6.47348e-16
8.49879e-05
2.52417e-15
4.00995e-15
8.60934e-05
5.30619e-15
8.60934e-05
5.79527e-15
8.60934e-05
5.79357e-15
8.60934e-05
5.29679e-15
8.60934e-05
4.26366e-15
8.60934e-05
2.80522e-15
8.60934e-05
1.05981e-15
8.60934e-05
-8.06101e-16
8.60934e-05
-2.58366e-15
8.60934e-05
-4.0899e-15
8.60934e-05
-5.17956e-15
8.60934e-05
-5.74876e-15
8.60934e-05
-5.80053e-15
8.60934e-05
-5.37248e-15
8.60934e-05
-4.39043e-15
8.60934e-05
-2.9625e-15
8.60934e-05
-1.20906e-15
8.60934e-05
7.4228e-16
8.60934e-05
2.74794e-15
4.33245e-15
8.72051e-05
5.47324e-15
8.72051e-05
5.94645e-15
8.72051e-05
5.92589e-15
8.72051e-05
5.41109e-15
8.72051e-05
4.33018e-15
8.72051e-05
2.81842e-15
8.72051e-05
1.02032e-15
8.72051e-05
-8.92194e-16
8.72051e-05
-2.70494e-15
8.72051e-05
-4.23306e-15
8.72051e-05
-5.32957e-15
8.72051e-05
-5.89007e-15
8.72051e-05
-5.92512e-15
8.72051e-05
-5.49057e-15
8.72051e-05
-4.46748e-15
8.72051e-05
-2.99094e-15
8.72051e-05
-1.18587e-15
8.72051e-05
8.17909e-16
8.72051e-05
2.87379e-15
4.49271e-15
8.83243e-05
5.48906e-15
8.83243e-05
5.93101e-15
8.83243e-05
5.88467e-15
8.83243e-05
5.33652e-15
8.83243e-05
4.23737e-15
8.83243e-05
2.71823e-15
8.83243e-05
9.23069e-16
8.83243e-05
-9.7595e-16
8.83243e-05
-2.76647e-15
8.83243e-05
-4.26755e-15
8.83243e-05
-5.33521e-15
8.83243e-05
-5.86799e-15
8.83243e-05
-5.8847e-15
8.83243e-05
-5.41278e-15
8.83243e-05
-4.37717e-15
8.83243e-05
-2.89768e-15
8.83243e-05
-1.09765e-15
8.83243e-05
8.94755e-16
8.83243e-05
2.93437e-15
4.53433e-15
8.94522e-05
5.37427e-15
8.94522e-05
5.77375e-15
8.94522e-05
5.69739e-15
8.94522e-05
5.11506e-15
8.94522e-05
4.02437e-15
8.94522e-05
2.53591e-15
8.94522e-05
7.89184e-16
8.94522e-05
-1.04776e-15
8.94522e-05
-2.76971e-15
8.94522e-05
-4.20436e-15
8.94522e-05
-5.21458e-15
8.94522e-05
-5.70411e-15
8.94522e-05
-5.69794e-15
8.94522e-05
-5.18882e-15
8.94522e-05
-4.16354e-15
8.94522e-05
-2.71701e-15
8.94522e-05
-9.67167e-16
8.94522e-05
9.62606e-16
8.94522e-05
2.93221e-15
4.47049e-15
9.05901e-05
5.13235e-15
9.05901e-05
5.48178e-15
9.05901e-05
5.38478e-15
9.05901e-05
4.7935e-15
9.05901e-05
3.73776e-15
9.05901e-05
2.3126e-15
9.05901e-05
6.51743e-16
9.05901e-05
-1.08425e-15
9.05901e-05
-2.70153e-15
9.05901e-05
-4.03975e-15
9.05901e-05
-4.97138e-15
9.05901e-05
-5.4082e-15
9.05901e-05
-5.38049e-15
9.05901e-05
-4.86605e-15
9.05901e-05
-3.87442e-15
9.05901e-05
-2.49119e-15
9.05901e-05
-8.28344e-16
9.05901e-05
9.97809e-16
9.05901e-05
2.85495e-15
4.29853e-15
9.1739e-05
4.78956e-15
9.1739e-05
5.08696e-15
9.1739e-05
4.97367e-15
9.1739e-05
4.39916e-15
9.1739e-05
3.39951e-15
9.1739e-05
2.06459e-15
9.1739e-05
5.19477e-16
9.1739e-05
-1.08576e-15
9.1739e-05
-2.5719e-15
9.1739e-05
-3.79288e-15
9.1739e-05
-4.63263e-15
9.1739e-05
-5.01295e-15
9.1739e-05
-4.96648e-15
9.1739e-05
-4.46664e-15
9.1739e-05
-3.52926e-15
9.1739e-05
-2.23547e-15
9.1739e-05
-6.89799e-16
9.1739e-05
1.00042e-15
9.1739e-05
2.71285e-15
4.03778e-15
9.28999e-05
4.37497e-15
9.28999e-05
4.62141e-15
9.28999e-05
4.49613e-15
9.28999e-05
3.95174e-15
9.28999e-05
3.02585e-15
9.28999e-05
1.80201e-15
9.28999e-05
3.9488e-16
9.28999e-05
-1.05823e-15
9.28999e-05
-2.39508e-15
9.28999e-05
-3.4854e-15
9.28999e-05
-4.22579e-15
9.28999e-05
-4.54852e-15
9.28999e-05
-4.4873e-15
9.28999e-05
-4.01275e-15
9.28999e-05
-3.1457e-15
9.28999e-05
-1.96132e-15
9.28999e-05
-5.55139e-16
9.28999e-05
9.75781e-16
9.28999e-05
2.52108e-15
3.71155e-15
9.40739e-05
3.90887e-15
9.40739e-05
4.10793e-15
9.40739e-05
3.97559e-15
9.40739e-05
3.47222e-15
9.40739e-05
2.63391e-15
9.40739e-05
1.53659e-15
9.40739e-05
2.83137e-16
9.40739e-05
-1.00357e-15
9.40739e-05
-2.17984e-15
9.40739e-05
-3.13205e-15
9.40739e-05
-3.77015e-15
9.40739e-05
-4.03693e-15
9.40739e-05
-3.96591e-15
9.40739e-05
-3.52605e-15
9.40739e-05
-2.74191e-15
9.40739e-05
-1.68159e-15
9.40739e-05
-4.3056e-16
9.40739e-05
9.25346e-16
9.40739e-05
2.28919e-15
3.33598e-15
9.52619e-05
3.40791e-15
9.52619e-05
3.564e-15
9.52619e-05
3.43128e-15
9.52619e-05
2.97786e-15
9.52619e-05
2.23749e-15
9.52619e-05
1.27751e-15
9.52619e-05
1.87857e-16
9.52619e-05
-9.23899e-16
9.52619e-05
-1.93393e-15
9.52619e-05
-2.74534e-15
9.52619e-05
-3.28172e-15
9.52619e-05
-3.49632e-15
9.52619e-05
-3.42078e-15
9.52619e-05
-3.02375e-15
9.52619e-05
-2.33219e-15
9.52619e-05
-1.40626e-15
9.52619e-05
-3.20583e-16
9.52619e-05
8.50871e-16
9.52619e-05
2.02554e-15
2.92471e-15
9.6465e-05
2.88688e-15
9.6465e-05
3.0053e-15
9.6465e-05
2.87856e-15
9.6465e-05
2.48244e-15
9.6465e-05
1.84749e-15
9.6465e-05
1.03163e-15
9.6465e-05
1.11202e-16
9.6465e-05
-8.22011e-16
9.6465e-05
-1.6648e-15
9.6465e-05
-2.33665e-15
9.6465e-05
-2.77463e-15
9.6465e-05
-2.94235e-15
9.6465e-05
-2.86664e-15
9.6465e-05
-2.51988e-15
9.6465e-05
-1.92807e-15
9.6465e-05
-1.14304e-15
9.6465e-05
-2.28165e-16
9.6465e-05
7.54764e-16
9.6465e-05
1.73814e-15
2.49008e-15
9.7684e-05
2.3595e-15
9.7684e-05
2.4458e-15
9.7684e-05
2.33072e-15
9.7684e-05
1.99753e-15
9.7684e-05
1.47269e-15
9.7684e-05
8.04136e-16
9.7684e-05
5.42847e-17
9.7684e-05
-7.01268e-16
9.7684e-05
-1.3797e-15
9.7684e-05
-1.91641e-15
9.7684e-05
-2.26152e-15
9.7684e-05
-2.38882e-15
9.7684e-05
-2.31751e-15
9.7684e-05
-2.0266e-15
9.7684e-05
-1.53899e-15
9.7684e-05
-8.97798e-16
9.7684e-05
-1.54869e-16
9.7684e-05
6.40239e-16
9.7684e-05
1.43505e-15
2.04381e-15
9.89199e-05
1.8383e-15
9.89199e-05
1.89828e-15
9.89199e-05
1.79987e-15
9.89199e-05
1.53326e-15
9.89199e-05
1.12028e-15
9.89199e-05
5.98623e-16
9.89199e-05
1.68215e-17
9.89199e-05
-5.65901e-16
9.89199e-05
-1.08627e-15
9.89199e-05
-1.495e-15
9.89199e-05
-1.7545e-15
9.89199e-05
-1.84751e-15
9.89199e-05
-1.78563e-15
9.89199e-05
-1.55435e-15
9.89199e-05
-1.17273e-15
9.89199e-05
-6.74884e-16
9.89199e-05
-1.01046e-16
9.89199e-05
5.11272e-16
9.89199e-05
1.12442e-15
1.59697e-15
0.000100174
1.33537e-15
0.000100174
1.37458e-15
0.000100174
1.29692e-15
0.000100174
1.09855e-15
0.000100174
7.96246e-16
0.000100174
4.17545e-16
0.000100174
-2.4948e-18
0.000100174
-4.20836e-16
0.000100174
-7.9259e-16
0.000100174
-1.08284e-15
0.000100174
-1.26537e-15
0.000100174
-1.32996e-15
0.000100174
-1.28173e-15
0.000100174
-1.11207e-15
0.000100174
-8.35623e-16
0.000100174
-4.77312e-16
0.000100174
-6.59452e-17
0.000100174
3.72574e-16
0.000100174
8.14714e-16
1.16056e-15
0.000101446
8.62684e-16
0.000101446
8.85985e-16
0.000101446
8.31917e-16
0.000101446
7.01258e-16
0.000101446
5.05512e-16
0.000101446
2.62391e-16
0.000101446
-5.80983e-18
0.000101446
-2.71643e-16
0.000101446
-5.07095e-16
0.000101446
-6.90425e-16
0.000101446
-8.05642e-16
0.000101446
-8.47325e-16
0.000101446
-8.15999e-16
0.000101446
-7.07976e-16
0.000101446
-5.33062e-16
0.000101446
-3.07081e-16
0.000101446
-4.78255e-17
0.000101446
2.29796e-16
0.000101446
5.14845e-16
7.45799e-16
0.000102739
4.31274e-16
0.000102739
4.42839e-16
0.000102739
4.13897e-16
0.000102739
3.48197e-16
0.000102739
2.51942e-16
0.000102739
1.3366e-16
0.000102739
3.89006e-18
0.000102739
-1.24533e-16
0.000102739
-2.38668e-16
0.000102739
-3.28423e-16
0.000102739
-3.86419e-16
0.000102739
-4.09781e-16
0.000102739
-3.97544e-16
0.000102739
-3.49143e-16
0.000102739
-2.6925e-16
0.000102739
-1.64987e-16
0.000102739
-4.37823e-17
0.000102739
8.95821e-17
0.000102739
2.34155e-16
3.63403e-16
0.000104052
5.08569e-17
0.000104052
5.37144e-17
0.000104052
4.99629e-17
0.000104052
4.39886e-17
0.000104052
3.68745e-17
0.000104052
2.8888e-17
0.000104052
2.01926e-17
0.000104052
1.0911e-17
0.000104052
1.41876e-18
0.000104052
-7.95041e-18
0.000104052
-1.68495e-17
0.000104052
-2.5239e-17
0.000104052
-3.31146e-17
0.000104052
-4.00771e-17
0.000104052
-4.57318e-17
0.000104052
-4.93052e-17
0.000104052
-4.88989e-17
0.000104052
-3.98465e-17
0.000104052
-1.48113e-17
2.53209e-17
0.000105388
-2.64086e-16
0.000105388
-2.66406e-16
0.000105388
-2.46004e-16
0.000105388
-1.99741e-16
0.000105388
-1.31118e-16
0.000105388
-4.68506e-17
0.000105388
4.45696e-17
0.000105388
1.32499e-16
0.000105388
2.07223e-16
0.000105388
2.61188e-16
0.000105388
2.8925e-16
0.000105388
2.90507e-16
0.000105388
2.62811e-16
0.000105388
2.07233e-16
0.000105388
1.28765e-16
0.000105388
3.4968e-17
0.000105388
-6.45169e-17
0.000105388
-1.56631e-16
0.000105388
-2.27212e-16
-2.56168e-16
0.000106746
-5.0084e-16
0.000106746
-5.03582e-16
0.000106746
-4.61984e-16
0.000106746
-3.73731e-16
0.000106746
-2.46001e-16
0.000106746
-9.09167e-17
0.000106746
7.64098e-17
0.000106746
2.36579e-16
0.000106746
3.72178e-16
0.000106746
4.69617e-16
0.000106746
5.19596e-16
0.000106746
5.2331e-16
0.000106746
4.7789e-16
0.000106746
3.83236e-16
0.000106746
2.48062e-16
0.000106746
8.54245e-17
0.000106746
-8.90178e-17
0.000106746
-2.55891e-16
0.000106746
-3.96963e-16
-4.73135e-16
0.000108129
-6.54242e-16
0.000108129
-6.54452e-16
0.000108129
-5.97661e-16
0.000108129
-4.81001e-16
0.000108129
-3.14062e-16
0.000108129
-1.12667e-16
0.000108129
1.03662e-16
0.000108129
3.09623e-16
0.000108129
4.83054e-16
0.000108129
6.06565e-16
0.000108129
6.68008e-16
0.000108129
6.70605e-16
0.000108129
6.12705e-16
0.000108129
4.91429e-16
0.000108129
3.18479e-16
0.000108129
1.10991e-16
0.000108129
-1.11054e-16
0.000108129
-3.24142e-16
0.000108129
-5.0913e-16
-6.16514e-16
0.000109537
-7.22209e-16
0.000109537
-7.19136e-16
0.000109537
-6.54705e-16
0.000109537
-5.22566e-16
0.000109537
-3.36292e-16
0.000109537
-1.13423e-16
0.000109537
1.24486e-16
0.000109537
3.49312e-16
0.000109537
5.3709e-16
0.000109537
6.6892e-16
0.000109537
7.31722e-16
0.000109537
7.31776e-16
0.000109537
6.68797e-16
0.000109537
5.3321e-16
0.000109537
3.41625e-16
0.000109537
1.13593e-16
0.000109537
-1.28525e-16
0.000109537
-3.59452e-16
0.000109537
-5.618e-16
-6.82249e-16
0.000110972
-7.11572e-16
0.000110972
-7.03461e-16
0.000110972
-6.3428e-16
0.000110972
-4.9993e-16
0.000110972
-3.14244e-16
0.000110972
-9.43428e-17
0.000110972
1.38605e-16
0.000110972
3.56891e-16
0.000110972
5.37399e-16
0.000110972
6.61822e-16
0.000110972
7.1804e-16
0.000110972
7.1386e-16
0.000110972
6.466e-16
0.000110972
5.09355e-16
0.000110972
3.18851e-16
0.000110972
9.45725e-17
0.000110972
-1.40882e-16
0.000110972
-3.6303e-16
0.000110972
-5.58363e-16
-6.75726e-16
0.000112436
-6.31929e-16
0.000112436
-6.18823e-16
0.000112436
-5.50004e-16
0.000112436
-4.27351e-16
0.000112436
-2.6096e-16
0.000112436
-6.58217e-17
0.000112436
1.39267e-16
0.000112436
3.29756e-16
0.000112436
4.85598e-16
0.000112436
5.90923e-16
0.000112436
6.36079e-16
0.000112436
6.27895e-16
0.000112436
5.59958e-16
0.000112436
4.34307e-16
0.000112436
2.63401e-16
0.000112436
6.46971e-17
0.000112436
-1.40984e-16
0.000112436
-3.32187e-16
0.000112436
-5.00719e-16
-6.02945e-16
0.000113928
-5.00737e-16
0.000113928
-4.85365e-16
0.000113928
-4.25846e-16
0.000113928
-3.24946e-16
0.000113928
-1.90998e-16
0.000113928
-3.58025e-17
0.000113928
1.25601e-16
0.000113928
2.73739e-16
0.000113928
3.93124e-16
0.000113928
4.71558e-16
0.000113928
5.02952e-16
0.000113928
4.9232e-16
0.000113928
4.33187e-16
0.000113928
3.29168e-16
0.000113928
1.90914e-16
0.000113928
3.28835e-17
0.000113928
-1.27203e-16
0.000113928
-2.72893e-16
0.000113928
-4.01368e-16
-4.80181e-16
0.000115452
-3.488e-16
0.000115452
-3.33349e-16
0.000115452
-2.87027e-16
0.000115452
-2.13141e-16
0.000115452
-1.17821e-16
0.000115452
-9.18871e-18
0.000115452
1.02079e-16
0.000115452
2.02532e-16
0.000115452
2.81717e-16
0.000115452
3.3159e-16
0.000115452
3.49641e-16
0.000115452
3.37597e-16
0.000115452
2.91165e-16
0.000115452
2.14281e-16
0.000115452
1.15236e-16
0.000115452
4.81516e-18
0.000115452
-1.03339e-16
0.000115452
-1.98795e-16
0.000115452
-2.82982e-16
-3.36091e-16
0.000117009
-2.07092e-16
0.000117009
-1.93684e-16
0.000117009
-1.61775e-16
0.000117009
-1.14679e-16
0.000117009
-5.63108e-17
0.000117009
8.61969e-18
0.000117009
7.34956e-17
0.000117009
1.30644e-16
0.000117009
1.74101e-16
0.000117009
1.99643e-16
0.000117009
2.06895e-16
0.000117009
1.9491e-16
0.000117009
1.62445e-16
0.000117009
1.12842e-16
0.000117009
5.18092e-17
0.000117009
-1.3303e-17
0.000117009
-7.38242e-17
0.000117009
-1.24633e-16
0.000117009
-1.69593e-16
-2.00367e-16
0.0001186
-9.95368e-17
0.0001186
-8.99084e-17
0.0001186
-7.10992e-17
0.0001186
-4.59101e-17
0.0001186
-1.64245e-17
0.0001186
1.51136e-17
0.0001186
4.53296e-17
0.0001186
7.08457e-17
0.0001186
8.89787e-17
0.0001186
9.82529e-17
0.0001186
9.84291e-17
0.0001186
8.84023e-17
0.0001186
6.87298e-17
0.0001186
4.18078e-17
0.0001186
1.11837e-17
0.0001186
-1.87667e-17
0.0001186
-4.42578e-17
0.0001186
-6.37123e-17
0.0001186
-8.11664e-17
-9.61344e-17
0.000120228
-3.58367e-17
0.000120228
-3.07835e-17
0.000120228
-2.1851e-17
0.000120228
-1.10705e-17
0.000120228
5.9356e-19
0.000120228
1.2217e-17
0.000120228
2.25668e-17
0.000120228
3.05609e-17
0.000120228
3.53975e-17
0.000120228
3.66628e-17
0.000120228
3.39764e-17
0.000120228
2.72827e-17
0.000120228
1.7455e-17
0.000120228
6.0783e-18
0.000120228
-4.99389e-18
0.000120228
-1.40625e-17
0.000120228
-2.03935e-17
0.000120228
-2.37851e-17
0.000120228
-2.68274e-17
-3.30154e-17
0.000121893
-9.44179e-18
0.000121893
-7.77654e-18
0.000121893
-4.54464e-18
0.000121893
-9.25261e-19
0.000121893
2.59619e-18
0.000121893
5.70057e-18
0.000121893
8.11103e-18
0.000121893
9.59659e-18
0.000121893
9.99807e-18
0.000121893
9.10781e-18
0.000121893
6.90158e-18
0.000121893
3.70504e-18
0.000121893
1.4233e-19
0.000121893
-2.99973e-18
0.000121893
-5.19477e-18
0.000121893
-6.14117e-18
0.000121893
-5.83029e-18
0.000121893
-4.23352e-18
0.000121893
-2.86736e-18
-5.75073e-18
0.000123598
-2.20704e-18
0.000123598
-1.7793e-18
0.000123598
-9.06075e-19
0.000123598
3.45195e-20
0.000123598
8.49394e-19
0.000123598
1.48875e-18
0.000123598
1.90814e-18
0.000123598
2.08529e-18
0.000123598
1.96086e-18
0.000123598
1.50475e-18
0.000123598
7.62305e-19
0.000123598
-1.25634e-19
0.000123598
-9.16702e-19
0.000123598
-1.44802e-18
0.000123598
-1.67136e-18
0.000123598
-1.50998e-18
0.000123598
-8.98585e-19
0.000123598
1.63274e-19
0.000123598
9.67762e-19
-1.55008e-19
0.000125342
-2.87025e-19
0.000125342
-1.40731e-19
0.000125342
-7.42589e-21
0.000125342
1.16167e-19
0.000125342
2.28724e-19
0.000125342
3.23458e-19
0.000125342
3.92353e-19
0.000125342
4.38938e-19
0.000125342
4.62894e-19
0.000125342
4.64632e-19
0.000125342
4.27032e-19
0.000125342
3.39898e-19
0.000125342
2.00823e-19
0.000125342
1.83181e-20
0.000125342
-1.79299e-19
0.000125342
-3.52325e-19
0.000125342
-4.90135e-19
0.000125342
-6.07246e-19
0.000125342
-7.13637e-19
-6.1478e-19
0.000127129
-3.39321e-18
0.000127129
-1.67051e-18
0.000127129
-1.48168e-18
0.000127129
-1.5031e-18
0.000127129
-1.66114e-18
0.000127129
-1.76092e-18
0.000127129
-1.71672e-18
0.000127129
-1.26596e-18
0.000127129
3.04039e-19
0.000127129
2.97974e-18
0.000127129
5.88457e-18
0.000127129
7.81338e-18
0.000127129
8.47627e-18
0.000127129
8.29297e-18
0.000127129
6.74072e-18
0.000127129
3.06625e-18
0.000127129
-2.10869e-18
0.000127129
-6.20745e-18
0.000127129
-1.11918e-17
-9.6043e-18
0.00012896
-2.55611e-18
0.00012896
1.26423e-18
0.00012896
1.48971e-18
0.00012896
1.29883e-18
0.00012896
7.10172e-19
0.00012896
-9.27126e-20
0.00012896
-7.12354e-19
0.00012896
-5.85199e-19
0.00012896
9.52638e-19
0.00012896
3.86625e-18
0.00012896
7.26017e-18
0.00012896
9.6312e-18
0.00012896
1.04187e-17
0.00012896
9.83171e-18
0.00012896
7.0772e-18
0.00012896
1.76073e-18
0.00012896
-5.85809e-18
0.00012896
-1.09641e-17
0.00012896
-1.88689e-17
-1.59689e-17
0.000130846
1.19119e-18
0.000130846
3.27872e-18
0.000130846
3.19096e-18
0.000130846
2.89051e-18
0.000130846
2.39598e-18
0.000130846
1.66747e-18
0.000130846
1.00513e-18
0.000130846
7.02218e-19
0.000130846
6.85538e-19
0.000130846
9.33346e-19
0.000130846
1.42734e-18
0.000130846
1.85564e-18
0.000130846
1.93483e-18
0.000130846
1.4606e-18
0.000130846
2.01397e-19
0.000130846
-1.46503e-18
0.000130846
-3.93352e-18
0.000130846
-4.9582e-18
0.000130846
-7.96759e-18
-6.48244e-18
0.000132754
-6.1605e-20
0.000132754
-2.18965e-20
0.000132754
-1.89645e-21
0.000132754
-2.27654e-22
0.000132754
9.37391e-21
0.000132754
3.79629e-20
0.000132754
8.23463e-20
0.000132754
1.28386e-19
0.000132754
1.60492e-19
0.000132754
1.74907e-19
0.000132754
1.68688e-19
0.000132754
1.35508e-19
0.000132754
8.1588e-20
0.000132754
2.54285e-20
0.000132754
-1.71792e-20
0.000132754
-6.77112e-20
0.000132754
-1.33928e-19
0.000132754
-1.7304e-19
0.000132754
-2.45789e-19
-2.2117e-19
0.000134649
-8.69213e-20
0.000134649
-3.50595e-20
0.000134649
2.0498e-20
0.000134649
6.14493e-20
0.000134649
8.22864e-20
0.000134649
9.39324e-20
0.000134649
9.83788e-20
0.000134649
9.67274e-20
0.000134649
8.95314e-20
0.000134649
7.78739e-20
0.000134649
6.22008e-20
0.000134649
4.33111e-20
0.000134649
2.1751e-20
0.000134649
-4.49905e-21
0.000134649
-3.54303e-20
0.000134649
-6.96983e-20
0.000134649
-1.05044e-19
0.000134649
-1.20192e-19
0.000134649
-1.25446e-19
-1.17881e-19
0.000136567
5.04758e-21
0.000136567
6.34247e-21
0.000136567
7.79158e-21
0.000136567
8.38189e-21
0.000136567
8.38072e-21
0.000136567
7.7166e-21
0.000136567
6.97029e-21
0.000136567
6.15059e-21
0.000136567
5.66747e-21
0.000136567
4.85928e-21
0.000136567
4.04818e-21
0.000136567
2.30398e-21
0.000136567
1.27562e-21
0.000136567
3.30616e-22
0.000136567
-2.60364e-22
0.000136567
-6.94749e-22
0.000136567
-7.74947e-22
0.000136567
-9.10356e-23
0.000136567
1.44608e-21
2.88029e-21
0.000138513
0.000138513
0.000138513
0.000138513
0.000138513
0.000138513
0.000138513
0.000138513
0.000138513
0.000138513
0.000138513
0.000138513
0.000138513
0.000138513
0.000138513
0.000138513
0.000138513
0.000138513
0.000138513
)
;

boundaryField
{
    freeStream
    {
        type            symmetry;
        value           uniform 0;
    }
    bottomWall
    {
        type            calculated;
        value           uniform 0;
    }
    left
    {
        type            cyclic;
        value           nonuniform List<scalar> 
162
(
-1.01608e-09
-2.54956e-09
-3.82211e-09
-4.92791e-09
-5.91468e-09
-6.81064e-09
-7.63415e-09
-8.398e-09
-9.11153e-09
-9.78184e-09
-1.04145e-08
-1.10139e-08
-1.87776e-08
-2.14525e-08
-2.43734e-08
-2.75622e-08
-3.10421e-08
-3.48382e-08
-3.89772e-08
-4.34876e-08
-4.84004e-08
-5.37484e-08
-5.95674e-08
-6.58954e-08
-7.27736e-08
-8.02462e-08
-8.83606e-08
-9.71679e-08
-1.06723e-07
-1.17086e-07
-1.28319e-07
-1.40491e-07
-1.53675e-07
-1.67952e-07
-1.83405e-07
-2.00127e-07
-2.18215e-07
-2.37775e-07
-2.58922e-07
-2.81777e-07
-3.06472e-07
-3.33148e-07
-3.61957e-07
-3.93061e-07
-4.26637e-07
-4.62872e-07
-5.01968e-07
-5.44144e-07
-5.89633e-07
-6.38685e-07
-6.91571e-07
-7.48579e-07
-8.10021e-07
-8.7623e-07
-9.47566e-07
-1.02441e-06
-1.10719e-06
-1.19633e-06
-1.29232e-06
-1.39567e-06
-1.50693e-06
-1.62668e-06
-1.75558e-06
-1.89429e-06
-2.04354e-06
-2.20413e-06
-2.37689e-06
-2.56273e-06
-2.76262e-06
-2.9776e-06
-3.2088e-06
-3.45741e-06
-3.72473e-06
-4.01214e-06
-4.32113e-06
-4.65329e-06
-5.01033e-06
-5.39409e-06
-5.80655e-06
-6.24983e-06
-6.72618e-06
-7.23804e-06
-7.78803e-06
-8.37895e-06
-9.0138e-06
-9.69579e-06
-1.04284e-05
-1.12152e-05
-1.20603e-05
-1.29678e-05
-1.39423e-05
-1.49885e-05
-1.61117e-05
-1.73172e-05
-1.86109e-05
-1.9999e-05
-2.1488e-05
-2.30848e-05
-2.47966e-05
-2.66313e-05
-2.85966e-05
-3.07009e-05
-3.29528e-05
-3.5361e-05
-3.79344e-05
-4.06821e-05
-4.36128e-05
-4.67352e-05
-5.00575e-05
-5.35876e-05
-5.73325e-05
-6.12987e-05
-7.11963e-05
-7.24895e-05
-7.3734e-05
-7.49371e-05
-7.6107e-05
-7.72512e-05
-7.83766e-05
-7.94889e-05
-8.05926e-05
-8.16916e-05
-8.27889e-05
-8.3887e-05
-8.49879e-05
-8.60934e-05
-8.72051e-05
-8.83243e-05
-8.94522e-05
-9.05901e-05
-9.1739e-05
-9.28999e-05
-9.40739e-05
-9.52619e-05
-9.6465e-05
-9.7684e-05
-9.89199e-05
-0.000100174
-0.000101446
-0.000102739
-0.000104052
-0.000105388
-0.000106746
-0.000108129
-0.000109537
-0.000110972
-0.000112436
-0.000113928
-0.000115452
-0.000117009
-0.0001186
-0.000120228
-0.000121893
-0.000123598
-0.000125342
-0.000127129
-0.00012896
-0.000130846
-0.000132754
-0.000134649
-0.000136567
-0.000138513
)
;
    }
    right
    {
        type            cyclic;
        value           nonuniform List<scalar> 
162
(
1.01608e-09
2.54956e-09
3.82211e-09
4.92791e-09
5.91468e-09
6.81064e-09
7.63415e-09
8.398e-09
9.11153e-09
9.78184e-09
1.04145e-08
1.10139e-08
1.87776e-08
2.14525e-08
2.43734e-08
2.75622e-08
3.10421e-08
3.48382e-08
3.89772e-08
4.34876e-08
4.84004e-08
5.37484e-08
5.95674e-08
6.58954e-08
7.27736e-08
8.02462e-08
8.83606e-08
9.71679e-08
1.06723e-07
1.17086e-07
1.28319e-07
1.40491e-07
1.53675e-07
1.67952e-07
1.83405e-07
2.00127e-07
2.18215e-07
2.37775e-07
2.58922e-07
2.81777e-07
3.06472e-07
3.33148e-07
3.61957e-07
3.93061e-07
4.26637e-07
4.62872e-07
5.01968e-07
5.44144e-07
5.89633e-07
6.38685e-07
6.91571e-07
7.48579e-07
8.10021e-07
8.7623e-07
9.47566e-07
1.02441e-06
1.10719e-06
1.19633e-06
1.29232e-06
1.39567e-06
1.50693e-06
1.62668e-06
1.75558e-06
1.89429e-06
2.04354e-06
2.20413e-06
2.37689e-06
2.56273e-06
2.76262e-06
2.9776e-06
3.2088e-06
3.45741e-06
3.72473e-06
4.01214e-06
4.32113e-06
4.65329e-06
5.01033e-06
5.39409e-06
5.80655e-06
6.24983e-06
6.72618e-06
7.23804e-06
7.78803e-06
8.37895e-06
9.0138e-06
9.69579e-06
1.04284e-05
1.12152e-05
1.20603e-05
1.29678e-05
1.39423e-05
1.49885e-05
1.61117e-05
1.73172e-05
1.86109e-05
1.9999e-05
2.1488e-05
2.30848e-05
2.47966e-05
2.66313e-05
2.85966e-05
3.07009e-05
3.29528e-05
3.5361e-05
3.79344e-05
4.06821e-05
4.36128e-05
4.67352e-05
5.00575e-05
5.35876e-05
5.73325e-05
6.12987e-05
7.11963e-05
7.24895e-05
7.3734e-05
7.49371e-05
7.6107e-05
7.72512e-05
7.83766e-05
7.94889e-05
8.05926e-05
8.16916e-05
8.27889e-05
8.3887e-05
8.49879e-05
8.60934e-05
8.72051e-05
8.83243e-05
8.94522e-05
9.05901e-05
9.1739e-05
9.28999e-05
9.40739e-05
9.52619e-05
9.6465e-05
9.7684e-05
9.89199e-05
0.000100174
0.000101446
0.000102739
0.000104052
0.000105388
0.000106746
0.000108129
0.000109537
0.000110972
0.000112436
0.000113928
0.000115452
0.000117009
0.0001186
0.000120228
0.000121893
0.000123598
0.000125342
0.000127129
0.00012896
0.000130846
0.000132754
0.000134649
0.000136567
0.000138513
)
;
    }
    frontAndBack
    {
        type            empty;
        value           nonuniform 0();
    }
}


// ************************************************************************* //
