/*--------------------------------*- C++ -*----------------------------------*\
  =========                 |
  \\      /  F ield         | OpenFOAM: The Open Source CFD Toolbox
   \\    /   O peration     | Website:  https://openfoam.org
    \\  /    A nd           | Version:  6
     \\/     M anipulation  |
\*---------------------------------------------------------------------------*/
FoamFile
{
    version     2.0;
    format      ascii;
    class       surfaceScalarField;
    location    "19.44";
    object      phi_0;
}
// * * * * * * * * * * * * * * * * * * * * * * * * * * * * * * * * * * * * * //

dimensions      [0 3 -1 0 0 0 0];

internalField   nonuniform List<scalar> 
6298
(
1.01611e-09
3.28686e-17
1.01611e-09
3.57379e-19
1.01611e-09
-6.45263e-18
1.01611e-09
-3.62547e-18
1.01611e-09
9.19995e-21
1.01611e-09
3.03517e-18
1.01611e-09
3.87792e-18
1.01611e-09
1.90079e-18
1.01611e-09
-2.96367e-18
1.01611e-09
-9.57979e-18
1.01611e-09
-1.61014e-17
1.01611e-09
-2.06018e-17
1.01611e-09
-2.0019e-17
1.01611e-09
-1.35429e-17
1.01611e-09
-4.23079e-18
1.01611e-09
3.56002e-18
1.01611e-09
7.81803e-18
1.01611e-09
9.60337e-18
1.01611e-09
5.33157e-18
2.883e-17
2.54962e-09
9.43404e-17
2.54962e-09
4.88992e-18
2.54962e-09
-1.67242e-17
2.54962e-09
-9.82298e-18
2.54962e-09
-7.01738e-19
2.54962e-09
7.71289e-18
2.54962e-09
1.06588e-17
2.54962e-09
6.40113e-18
2.54962e-09
-6.13228e-18
2.54962e-09
-2.42936e-17
2.54962e-09
-4.34604e-17
2.54962e-09
-5.81533e-17
2.54962e-09
-5.87997e-17
2.54962e-09
-4.18878e-17
2.54962e-09
-1.55327e-17
2.54962e-09
7.27605e-18
2.54962e-09
2.05981e-17
2.54962e-09
2.7007e-17
2.54962e-09
1.59638e-17
8.07357e-17
3.82218e-09
1.71886e-16
3.82218e-09
1.43902e-17
3.82218e-09
-2.77361e-17
3.82218e-09
-1.69717e-17
3.82218e-09
-2.18681e-18
3.82218e-09
1.27405e-17
3.82218e-09
1.88844e-17
3.82218e-09
1.31102e-17
3.82218e-09
-7.77914e-18
3.82218e-09
-3.9878e-17
3.82218e-09
-7.56351e-17
3.82218e-09
-1.0507e-16
3.82218e-09
-1.09529e-16
3.82218e-09
-8.09142e-17
3.82218e-09
-3.3173e-17
3.82218e-09
9.27319e-18
3.82218e-09
3.52188e-17
3.82218e-09
4.87256e-17
3.82218e-09
3.03214e-17
1.44398e-16
4.92799e-09
2.59383e-16
4.92799e-09
2.90036e-17
4.92799e-09
-3.8006e-17
4.92799e-09
-2.42753e-17
4.92799e-09
-4.36991e-18
4.92799e-09
1.75994e-17
4.92799e-09
2.79491e-17
4.92799e-09
2.18552e-17
4.92799e-09
-7.16738e-18
4.92799e-09
-5.45204e-17
4.92799e-09
-1.09852e-16
4.92799e-09
-1.5802e-16
4.92799e-09
-1.69137e-16
4.92799e-09
-1.28674e-16
4.92799e-09
-5.66805e-17
4.92799e-09
8.89372e-18
4.92799e-09
5.04309e-17
4.92799e-09
7.3279e-17
4.92799e-09
4.77745e-17
2.14609e-16
5.91478e-09
3.5327e-16
5.91478e-09
4.8644e-17
5.91478e-09
-4.67063e-17
5.91478e-09
-3.12524e-17
5.91478e-09
-7.15084e-18
5.91478e-09
2.20529e-17
5.91478e-09
3.75444e-17
5.91478e-09
3.25248e-17
5.91478e-09
-3.94774e-18
5.91478e-09
-6.73136e-17
5.91478e-09
-1.44674e-16
5.91478e-09
-2.15208e-16
5.91478e-09
-2.35901e-16
5.91478e-09
-1.84018e-16
5.91478e-09
-8.57009e-17
5.91478e-09
5.88116e-18
5.91478e-09
6.5635e-17
5.91478e-09
9.98863e-17
5.91478e-09
6.80056e-17
2.88504e-16
6.81075e-09
4.51236e-16
6.81075e-09
7.31224e-17
6.81075e-09
-5.33297e-17
6.81075e-09
-3.75783e-17
6.81075e-09
-1.0423e-17
6.81075e-09
2.59912e-17
6.81075e-09
4.749e-17
6.81075e-09
4.50196e-17
6.81075e-09
2.0371e-18
6.81075e-09
-7.77701e-17
6.81075e-09
-1.79267e-16
6.81075e-09
-2.75519e-16
6.81075e-09
-3.08702e-16
6.81075e-09
-2.46158e-16
6.81075e-09
-1.19946e-16
6.81075e-09
1.38873e-19
6.81075e-09
8.05023e-17
6.81075e-09
1.28068e-16
6.81075e-09
9.08211e-17
3.64342e-16
7.63427e-09
5.51677e-16
7.63427e-09
1.022e-16
7.63427e-09
-5.75498e-17
7.63427e-09
-4.30187e-17
7.63427e-09
-1.40804e-17
7.63427e-09
2.93705e-17
7.63427e-09
5.76711e-17
7.63427e-09
5.92405e-17
7.63427e-09
1.08383e-17
7.63427e-09
-8.56251e-17
7.63427e-09
-2.13114e-16
7.63427e-09
-3.38192e-16
7.63427e-09
-3.86731e-16
7.63427e-09
-3.14498e-16
7.63427e-09
-1.59171e-16
7.63427e-09
-8.35636e-18
7.63427e-09
9.48351e-17
7.63427e-09
1.57496e-16
7.63427e-09
1.16084e-16
4.40999e-16
8.39812e-09
6.53421e-16
8.39812e-09
1.35614e-16
8.39812e-09
-5.91525e-17
8.39812e-09
-4.73982e-17
8.39812e-09
-1.80198e-17
8.39812e-09
3.21843e-17
8.39812e-09
6.80095e-17
8.39812e-09
7.50857e-17
8.39812e-09
2.24423e-17
8.39812e-09
-9.07432e-17
8.39812e-09
-2.45877e-16
8.39812e-09
-4.02669e-16
8.39812e-09
-4.69359e-16
8.39812e-09
-3.88552e-16
8.39812e-09
-2.03154e-16
8.39812e-09
-1.95922e-17
8.39812e-09
1.08504e-16
8.39812e-09
1.87929e-16
8.39812e-09
1.43683e-16
5.17719e-16
9.11166e-09
7.55584e-16
9.11166e-09
1.73095e-16
9.11166e-09
-5.79982e-17
9.11166e-09
-5.05815e-17
9.11166e-09
-2.21424e-17
9.11166e-09
3.44493e-17
9.11166e-09
7.84496e-17
9.11166e-09
9.24514e-17
9.11166e-09
3.67938e-17
9.11166e-09
-9.30715e-17
9.11166e-09
-2.77333e-16
9.11166e-09
-4.68516e-16
9.11166e-09
-5.56064e-16
9.11166e-09
-4.67902e-16
9.11166e-09
-2.51696e-16
9.11166e-09
-3.35389e-17
9.11166e-09
1.21418e-16
9.11166e-09
2.19174e-16
9.11166e-09
1.73522e-16
5.93982e-16
9.78197e-09
8.57487e-16
9.78197e-09
2.14376e-16
9.78197e-09
-5.39999e-17
9.78197e-09
-5.2464e-17
9.78197e-09
-2.63542e-17
9.78197e-09
3.61962e-17
9.78197e-09
8.89495e-17
9.78197e-09
1.11233e-16
9.78197e-09
5.38095e-17
9.78197e-09
-9.26103e-17
9.78197e-09
-3.07326e-16
9.78197e-09
-5.35379e-16
9.78197e-09
-6.46401e-16
9.78197e-09
-5.52178e-16
9.78197e-09
-3.04611e-16
9.78197e-09
-5.01586e-17
9.78197e-09
1.33506e-16
9.78197e-09
2.51071e-16
9.78197e-09
2.05507e-16
6.69424e-16
1.04146e-08
9.58594e-16
1.04146e-08
2.59194e-16
1.04146e-08
-4.71119e-17
1.04146e-08
-5.29636e-17
1.04146e-08
-3.05661e-17
1.04146e-08
3.74661e-17
1.04146e-08
9.94781e-17
1.04146e-08
1.31326e-16
1.04146e-08
7.33895e-17
1.04146e-08
-8.93964e-17
1.04146e-08
-3.35755e-16
1.04146e-08
-6.02966e-16
1.04146e-08
-7.39975e-16
1.04146e-08
-6.41044e-16
1.04146e-08
-3.61722e-16
1.04146e-08
-6.94075e-17
1.04146e-08
1.44714e-16
1.04146e-08
2.83485e-16
1.04146e-08
2.39552e-16
7.43783e-16
1.1014e-08
1.05848e-15
1.1014e-08
3.07296e-16
1.1014e-08
-3.73151e-17
1.1014e-08
-5.20272e-17
1.1014e-08
-3.46937e-17
1.1014e-08
3.83041e-17
1.1014e-08
1.10018e-16
1.1014e-08
1.52637e-16
1.1014e-08
9.54317e-17
1.1014e-08
-8.34925e-17
1.1014e-08
-3.62561e-16
1.1014e-08
-6.71042e-16
1.1014e-08
-8.36453e-16
1.1014e-08
-7.34195e-16
1.1014e-08
-4.22855e-16
1.1014e-08
-9.12243e-17
1.1014e-08
1.55009e-16
1.1014e-08
3.16313e-16
1.1014e-08
2.75574e-16
8.16874e-16
1.87778e-08
1.21475e-15
1.87778e-08
3.90407e-16
1.87778e-08
-1.55416e-17
1.87778e-08
-4.75085e-17
1.87778e-08
-4.08981e-17
1.87778e-08
3.88275e-17
1.87778e-08
1.26846e-16
1.87778e-08
1.88974e-16
1.87778e-08
1.35495e-16
1.87778e-08
-6.86545e-17
1.87778e-08
-4.01893e-16
1.87778e-08
-7.80323e-16
1.87778e-08
-9.9591e-16
1.87778e-08
-8.91279e-16
1.87778e-08
-5.28555e-16
1.87778e-08
-1.31311e-16
1.87778e-08
1.69418e-16
1.87778e-08
3.69408e-16
1.87778e-08
3.37024e-16
9.30798e-16
2.14527e-08
1.37551e-15
2.14527e-08
4.86167e-16
2.14527e-08
1.56028e-17
2.14527e-08
-3.8382e-17
2.14527e-08
-4.66848e-17
2.14527e-08
3.85572e-17
2.14527e-08
1.44646e-16
2.14527e-08
2.30273e-16
2.14527e-08
1.84048e-16
2.14527e-08
-4.59656e-17
2.14527e-08
-4.38893e-16
2.14527e-08
-8.96379e-16
2.14527e-08
-1.17133e-15
2.14527e-08
-1.06829e-15
2.14527e-08
-6.51116e-16
2.14527e-08
-1.80867e-16
2.14527e-08
1.81836e-16
2.14527e-08
4.26279e-16
2.14527e-08
4.07251e-16
1.04782e-15
2.43737e-08
1.53949e-15
2.43737e-08
5.94994e-16
2.43737e-08
5.74237e-17
2.43737e-08
-2.3648e-17
2.43737e-08
-5.15602e-17
2.43737e-08
3.76278e-17
2.43737e-08
1.6338e-16
2.43737e-08
2.76641e-16
2.43737e-08
2.41631e-16
2.43737e-08
-1.45518e-17
2.43737e-08
-4.72657e-16
2.43737e-08
-1.01864e-15
2.43737e-08
-1.36295e-15
2.43737e-08
-1.26639e-15
2.43737e-08
-7.92177e-16
2.43737e-08
-2.41277e-16
2.43737e-08
1.91485e-16
2.43737e-08
4.8668e-16
2.43737e-08
4.86938e-16
1.16763e-15
2.75625e-08
1.70542e-15
2.75625e-08
7.17044e-16
2.75625e-08
1.11221e-16
2.75625e-08
-2.24232e-18
2.75625e-08
-5.49062e-17
2.75625e-08
3.6246e-17
2.75625e-08
1.83022e-16
2.75625e-08
3.28113e-16
2.75625e-08
3.08676e-16
2.75625e-08
2.64294e-17
2.75625e-08
-5.02198e-16
2.75625e-08
-1.14636e-15
2.75625e-08
-1.5708e-15
2.75625e-08
-1.48665e-15
2.75625e-08
-9.53435e-16
2.75625e-08
-3.14059e-16
2.75625e-08
1.97436e-16
2.75625e-08
5.50273e-16
2.75625e-08
5.76729e-16
1.29012e-15
3.10425e-08
1.872e-15
3.10425e-08
8.52224e-16
3.10425e-08
1.78218e-16
3.10425e-08
2.69774e-17
3.10425e-08
-5.59781e-17
3.10425e-08
3.4704e-17
3.10425e-08
2.03555e-16
3.10425e-08
3.84632e-16
3.10425e-08
3.85476e-16
3.10425e-08
7.77618e-17
3.10425e-08
-5.26443e-16
3.10425e-08
-1.2786e-15
3.10425e-08
-1.79464e-15
3.10425e-08
-1.72997e-15
3.10425e-08
-1.13662e-15
3.10425e-08
-4.00907e-16
3.10425e-08
1.98573e-16
3.10425e-08
6.16578e-16
3.10425e-08
6.77193e-16
1.41534e-15
3.48387e-08
2.03801e-15
3.48387e-08
1.00019e-15
3.48387e-08
2.59514e-16
3.48387e-08
6.52206e-17
3.48387e-08
-5.38991e-17
3.48387e-08
3.33871e-17
3.48387e-08
2.24974e-16
3.48387e-08
4.46028e-16
3.48387e-08
4.72139e-16
3.48387e-08
1.4014e-16
3.48387e-08
-5.44218e-16
3.48387e-08
-1.41416e-15
3.48387e-08
-2.03388e-15
3.48387e-08
-1.99702e-15
3.48387e-08
-1.34346e-15
3.48387e-08
-5.03702e-16
3.48387e-08
1.93557e-16
3.48387e-08
6.84935e-16
3.48387e-08
7.88791e-16
1.54352e-15
3.89777e-08
2.20234e-15
3.89777e-08
1.16037e-15
3.89777e-08
3.56043e-16
3.89777e-08
1.13734e-16
3.89777e-08
-4.76651e-17
3.89777e-08
3.27906e-17
3.89777e-08
2.47298e-16
3.89777e-08
5.12015e-16
3.89777e-08
5.68564e-16
3.89777e-08
2.14142e-16
3.89777e-08
-5.54271e-16
3.89777e-08
-1.55153e-15
3.89777e-08
-2.28754e-15
3.89777e-08
-2.28817e-15
3.89777e-08
-1.57565e-15
3.89777e-08
-6.24531e-16
3.89777e-08
1.80797e-16
3.89777e-08
7.54471e-16
3.89777e-08
9.1183e-16
1.67504e-15
4.34881e-08
2.36404e-15
4.34881e-08
1.33191e-15
4.34881e-08
4.68522e-16
4.34881e-08
1.73762e-16
4.34881e-08
-3.6141e-17
4.34881e-08
3.35379e-17
4.34881e-08
2.70565e-16
4.34881e-08
5.8218e-16
4.34881e-08
6.74407e-16
4.34881e-08
3.00189e-16
4.34881e-08
-5.55281e-16
4.34881e-08
-1.68892e-15
4.34881e-08
-2.55414e-15
4.34881e-08
-2.60338e-15
4.34881e-08
-1.83476e-15
4.34881e-08
-7.6569e-16
4.34881e-08
1.58429e-16
4.34881e-08
8.24073e-16
4.34881e-08
1.04635e-15
1.81043e-15
4.84009e-08
2.52245e-15
4.84009e-08
1.51374e-15
4.84009e-08
5.97405e-16
4.84009e-08
2.46499e-16
4.84009e-08
-1.80683e-17
4.84009e-08
3.63906e-17
4.84009e-08
2.94843e-16
4.84009e-08
6.55985e-16
4.84009e-08
7.89054e-16
4.84009e-08
3.98513e-16
4.84009e-08
-5.45899e-16
4.84009e-08
-1.82424e-15
4.84009e-08
-2.83169e-15
4.84009e-08
-2.94211e-15
4.84009e-08
-2.1222e-15
4.84009e-08
-9.29672e-16
4.84009e-08
1.24296e-16
4.84009e-08
8.92353e-16
4.84009e-08
1.19206e-15
1.95037e-15
5.37491e-08
2.67722e-15
5.37491e-08
1.70463e-15
5.37491e-08
7.42841e-16
5.37491e-08
3.33044e-16
5.37491e-08
7.90937e-18
5.37491e-08
4.22447e-17
5.37491e-08
3.20244e-16
5.37491e-08
7.32772e-16
5.37491e-08
9.11597e-16
5.37491e-08
5.09115e-16
5.37491e-08
-5.24784e-16
5.37491e-08
-1.9551e-15
5.37491e-08
-3.11762e-15
5.37491e-08
-3.30324e-15
5.37491e-08
-2.43906e-15
5.37491e-08
-1.11914e-15
5.37491e-08
7.59183e-17
5.37491e-08
9.57604e-16
5.37491e-08
1.34828e-15
2.09561e-15
5.95681e-08
2.82837e-15
5.95681e-08
1.9032e-15
5.95681e-08
9.04656e-16
5.95681e-08
4.34357e-16
5.95681e-08
4.32171e-17
5.95681e-08
5.21215e-17
5.95681e-08
3.4695e-16
5.95681e-08
8.1178e-16
5.95681e-08
1.04081e-15
5.95681e-08
6.31709e-16
5.95681e-08
-4.90657e-16
5.95681e-08
-2.07882e-15
5.95681e-08
-3.40872e-15
5.95681e-08
-3.68492e-15
5.95681e-08
-2.78606e-15
5.95681e-08
-1.33688e-15
5.95681e-08
1.04641e-17
5.95681e-08
1.01774e-15
5.95681e-08
1.51384e-15
2.24691e-15
6.58962e-08
2.9763e-15
6.58962e-08
2.10804e-15
6.58962e-08
1.08233e-15
6.58962e-08
5.51211e-16
6.58962e-08
8.93063e-17
6.58962e-08
6.71604e-17
6.58962e-08
3.75229e-16
6.58962e-08
8.92161e-16
6.58962e-08
1.17513e-15
6.58962e-08
7.65639e-16
6.58962e-08
-4.42329e-16
6.58962e-08
-2.19243e-15
6.58962e-08
-3.70117e-15
6.58962e-08
-4.0845e-15
6.58962e-08
-3.16334e-15
6.58962e-08
-1.58568e-15
6.58962e-08
-7.52708e-17
6.58962e-08
1.07022e-15
6.58962e-08
1.68707e-15
2.405e-15
7.27745e-08
3.12183e-15
7.27745e-08
2.31778e-15
7.27745e-08
1.27502e-15
7.27745e-08
6.84151e-16
7.27745e-08
1.47611e-16
7.27745e-08
8.8605e-17
7.27745e-08
4.05442e-16
7.27745e-08
9.73e-16
7.27745e-08
1.31271e-15
7.27745e-08
9.09807e-16
7.27745e-08
-3.78778e-16
7.27745e-08
-2.29269e-15
7.27745e-08
-3.99053e-15
7.27745e-08
-4.4985e-15
7.27745e-08
-3.57042e-15
7.27745e-08
-1.86821e-15
7.27745e-08
-1.84876e-16
7.27745e-08
1.11202e-15
7.27745e-08
1.86568e-15
2.57042e-15
8.02471e-08
3.26614e-15
8.02471e-08
2.53112e-15
8.02471e-08
1.48156e-15
8.02471e-08
8.33455e-16
8.02471e-08
2.19504e-16
8.02471e-08
1.17773e-16
8.02471e-08
4.38047e-16
8.02471e-08
1.05335e-15
8.02471e-08
1.4514e-15
8.02471e-08
1.06264e-15
8.02471e-08
-2.99245e-16
8.02471e-08
-2.37613e-15
8.02471e-08
-4.27175e-15
8.02471e-08
-4.92247e-15
8.02471e-08
-4.00593e-15
8.02471e-08
-2.18685e-15
8.02471e-08
-3.22289e-16
8.02471e-08
1.13957e-15
8.02471e-08
2.04677e-15
2.74342e-15
8.83616e-08
3.41072e-15
8.83616e-08
2.74699e-15
8.83616e-08
1.70055e-15
8.83616e-08
9.99107e-16
8.83616e-08
3.06248e-16
8.83616e-08
1.56024e-16
8.83616e-08
4.73595e-16
8.83616e-08
1.13227e-15
8.83616e-08
1.58882e-15
8.83616e-08
1.22203e-15
8.83616e-08
-2.03351e-16
8.83616e-08
-2.43927e-15
8.83616e-08
-4.53923e-15
8.83616e-08
-5.35093e-15
8.83616e-08
-4.46749e-15
8.83616e-08
-2.54353e-15
8.83616e-08
-4.91728e-16
8.83616e-08
1.14877e-15
8.83616e-08
2.22667e-15
2.92382e-15
9.71691e-08
3.55724e-15
9.71691e-08
2.96453e-15
9.71691e-08
1.93041e-15
9.71691e-08
1.18077e-15
9.71691e-08
4.08936e-16
9.71691e-08
2.04721e-16
9.71691e-08
5.12733e-16
9.71691e-08
1.20888e-15
9.71691e-08
1.72244e-15
9.71691e-08
1.38538e-15
9.71691e-08
-9.12335e-17
9.71691e-08
-2.4787e-15
9.71691e-08
-4.78692e-15
9.71691e-08
-5.77733e-15
9.71691e-08
-4.95149e-15
9.71691e-08
-2.93948e-15
9.71691e-08
-6.97604e-16
9.71691e-08
1.135e-15
9.71691e-08
2.40095e-15
3.11083e-15
1.06724e-07
3.70737e-15
1.06724e-07
3.1832e-15
1.06724e-07
2.16953e-15
1.06724e-07
1.37777e-15
1.06724e-07
5.28423e-16
1.06724e-07
2.65192e-16
1.06724e-07
5.56196e-16
1.06724e-07
1.28239e-15
1.06724e-07
1.8497e-15
1.06724e-07
1.54951e-15
1.06724e-07
3.63249e-17
1.06724e-07
-2.49127e-15
1.06724e-07
-5.00843e-15
1.06724e-07
-6.19411e-15
1.06724e-07
-5.4529e-15
1.06724e-07
-3.37492e-15
1.06724e-07
-9.44408e-16
1.06724e-07
1.09319e-15
1.06724e-07
2.56446e-15
3.30284e-15
1.17087e-07
3.86254e-15
1.17087e-07
3.40273e-15
1.17087e-07
2.41632e-15
1.17087e-07
1.58918e-15
1.17087e-07
6.65258e-16
1.17087e-07
3.38673e-16
1.17087e-07
6.04797e-16
1.17087e-07
1.35214e-15
1.17087e-07
1.96803e-15
1.17087e-07
1.71087e-15
1.17087e-07
1.7784e-16
1.17087e-07
-2.47428e-15
1.17087e-07
-5.19724e-15
1.17087e-07
-6.59281e-15
1.17087e-07
-5.96508e-15
1.17087e-07
-3.84876e-15
1.17087e-07
-1.23651e-15
1.17087e-07
1.0178e-15
1.17087e-07
2.71125e-15
3.49733e-15
1.2832e-07
4.0237e-15
1.2832e-07
3.62303e-15
1.2832e-07
2.66939e-15
1.2832e-07
1.81381e-15
1.2832e-07
8.19648e-16
1.2832e-07
4.26269e-16
1.2832e-07
6.59398e-16
1.2832e-07
1.41767e-15
1.2832e-07
2.07496e-15
1.2832e-07
1.86557e-15
1.2832e-07
3.31044e-16
1.2832e-07
-2.42578e-15
1.2832e-07
-5.34693e-15
1.2832e-07
-6.96416e-15
1.2832e-07
-6.47976e-15
1.2832e-07
-4.35823e-15
1.2832e-07
-1.57769e-15
1.2832e-07
9.02843e-16
1.2832e-07
2.83451e-15
3.69079e-15
1.40492e-07
4.19104e-15
1.40492e-07
3.84413e-15
1.40492e-07
2.92752e-15
1.40492e-07
2.05038e-15
1.40492e-07
9.91453e-16
1.40492e-07
5.28893e-16
1.40492e-07
7.20861e-16
1.40492e-07
1.47867e-15
1.40492e-07
2.16828e-15
1.40492e-07
2.00958e-15
1.40492e-07
4.92765e-16
1.40492e-07
-2.34472e-15
1.40492e-07
-5.4514e-15
1.40492e-07
-7.29834e-15
1.40492e-07
-6.98703e-15
1.40492e-07
-4.89864e-15
1.40492e-07
-1.97065e-15
1.40492e-07
7.42009e-16
1.40492e-07
2.92662e-15
3.87865e-15
1.53677e-07
4.36361e-15
1.53677e-07
4.06598e-15
1.53677e-07
3.18974e-15
1.53677e-07
2.29755e-15
1.53677e-07
1.1802e-15
1.53677e-07
6.47202e-16
1.53677e-07
7.89999e-16
1.53677e-07
1.53508e-15
1.53677e-07
2.24614e-15
1.53677e-07
2.13893e-15
1.53677e-07
6.58856e-16
1.53677e-07
-2.23117e-15
1.53677e-07
-5.50503e-15
1.53677e-07
-7.58541e-15
1.53677e-07
-7.47556e-15
1.53677e-07
-5.46289e-15
1.53677e-07
-2.41652e-15
1.53677e-07
5.28863e-16
1.53677e-07
2.97927e-15
4.05521e-15
1.67954e-07
4.53897e-15
1.67954e-07
4.28825e-15
1.67954e-07
3.45527e-15
1.67954e-07
2.55401e-15
1.67954e-07
1.38513e-15
1.67954e-07
7.81525e-16
1.67954e-07
8.67555e-16
1.67954e-07
1.58703e-15
1.67954e-07
2.30713e-15
1.67954e-07
2.24986e-15
1.67954e-07
8.24387e-16
1.67954e-07
-2.08639e-15
1.67954e-07
-5.50301e-15
1.67954e-07
-7.81557e-15
1.67954e-07
-7.93296e-15
1.67954e-07
-6.04133e-15
1.67954e-07
-2.91422e-15
1.67954e-07
2.57076e-16
1.67954e-07
2.98377e-15
4.21358e-15
1.83407e-07
4.71275e-15
1.83407e-07
4.51008e-15
1.83407e-07
3.72343e-15
1.83407e-07
2.81852e-15
1.83407e-07
1.60522e-15
1.83407e-07
9.31824e-16
1.83407e-07
9.54108e-16
1.83407e-07
1.63498e-15
1.83407e-07
2.35045e-15
1.83407e-07
2.33893e-15
1.83407e-07
9.83853e-16
1.83407e-07
-1.91301e-15
1.83407e-07
-5.44158e-15
1.83407e-07
-7.97955e-15
1.83407e-07
-8.34621e-15
1.83407e-07
-6.62174e-15
1.83407e-07
-3.46004e-15
1.83407e-07
-7.91179e-17
1.83407e-07
2.93136e-15
4.34583e-15
2.00129e-07
4.87841e-15
2.00129e-07
4.72975e-15
2.00129e-07
3.99344e-15
2.00129e-07
3.08993e-15
2.00129e-07
1.83928e-15
2.00129e-07
1.0977e-15
2.00129e-07
1.05006e-15
2.00129e-07
1.67966e-15
2.00129e-07
2.37594e-15
2.00129e-07
2.40328e-15
2.00129e-07
1.1315e-15
2.00129e-07
-1.71542e-15
2.00129e-07
-5.3184e-15
2.00129e-07
-8.06878e-15
2.00129e-07
-8.70206e-15
2.00129e-07
-7.18955e-15
2.00129e-07
-4.0472e-15
2.00129e-07
-4.84209e-16
2.00129e-07
2.81356e-15
4.44318e-15
2.18218e-07
5.02818e-15
2.18218e-07
4.94417e-15
2.18218e-07
4.26411e-15
2.18218e-07
3.36711e-15
2.18218e-07
2.086e-15
2.18218e-07
1.27846e-15
2.18218e-07
1.15561e-15
2.18218e-07
1.72198e-15
2.18218e-07
2.38414e-15
2.18218e-07
2.44085e-15
2.18218e-07
1.26167e-15
2.18218e-07
-1.49986e-15
2.18218e-07
-5.13305e-15
2.18218e-07
-8.07561e-15
2.18218e-07
-8.98751e-15
2.18218e-07
-7.72807e-15
2.18218e-07
-4.66546e-15
2.18218e-07
-9.59993e-16
2.18218e-07
2.62175e-15
4.49561e-15
2.37778e-07
5.1531e-15
2.37778e-07
5.14843e-15
2.37778e-07
4.53351e-15
2.37778e-07
3.64882e-15
2.37778e-07
2.34405e-15
2.37778e-07
1.47326e-15
2.37778e-07
1.27074e-15
2.37778e-07
1.76287e-15
2.37778e-07
2.37625e-15
2.37778e-07
2.45057e-15
2.37778e-07
1.36902e-15
2.37778e-07
-1.27408e-15
2.37778e-07
-4.88738e-15
2.37778e-07
-7.99427e-15
2.37778e-07
-9.19034e-15
2.37778e-07
-8.21879e-15
2.37778e-07
-5.30086e-15
2.37778e-07
-1.50461e-15
2.37778e-07
2.34771e-15
4.49207e-15
2.58926e-07
5.2433e-15
2.58926e-07
5.33552e-15
2.58926e-07
4.79857e-15
2.58926e-07
3.9335e-15
2.58926e-07
2.61205e-15
2.58926e-07
1.68105e-15
2.58926e-07
1.39518e-15
2.58926e-07
1.80338e-15
2.58926e-07
2.35402e-15
2.58926e-07
2.43248e-15
2.58926e-07
1.44903e-15
2.58926e-07
-1.04681e-15
2.58926e-07
-4.58656e-15
2.58926e-07
-7.82095e-15
2.58926e-07
-9.29878e-15
2.58926e-07
-8.64305e-15
2.58926e-07
-5.93565e-15
2.58926e-07
-2.11162e-15
2.58926e-07
1.98424e-15
4.42116e-15
2.81781e-07
5.28783e-15
2.81781e-07
5.49674e-15
2.81781e-07
5.05459e-15
2.81781e-07
4.21892e-15
2.81781e-07
2.88846e-15
2.81781e-07
1.90058e-15
2.81781e-07
1.52849e-15
2.81781e-07
1.84457e-15
2.81781e-07
2.31989e-15
2.81781e-07
2.38764e-15
2.81781e-07
1.49812e-15
2.81781e-07
-8.26817e-16
2.81781e-07
-4.23938e-15
2.81781e-07
-7.55391e-15
2.81781e-07
-9.30186e-15
2.81781e-07
-8.98364e-15
2.81781e-07
-6.54862e-15
2.81781e-07
-2.76953e-15
2.81781e-07
1.52684e-15
4.27117e-15
3.06476e-07
5.27417e-15
3.06476e-07
5.62242e-15
3.06476e-07
5.29498e-15
3.06476e-07
4.50178e-15
3.06476e-07
3.17126e-15
3.06476e-07
2.13043e-15
3.06476e-07
1.6702e-15
3.06476e-07
1.8875e-15
3.06476e-07
2.27678e-15
3.06476e-07
2.31822e-15
3.06476e-07
1.51402e-15
3.06476e-07
-6.22239e-16
3.06476e-07
-3.85747e-15
3.06476e-07
-7.19413e-15
3.06476e-07
-9.19134e-15
3.06476e-07
-9.22566e-15
3.06476e-07
-7.11554e-15
3.06476e-07
-3.46155e-15
3.06476e-07
9.75828e-16
4.0304e-15
3.33153e-07
5.18923e-15
3.33153e-07
5.70211e-15
3.33153e-07
5.51076e-15
3.33153e-07
4.77727e-15
3.33153e-07
3.45784e-15
3.33153e-07
2.36894e-15
3.33153e-07
1.81972e-15
3.33153e-07
1.93314e-15
3.33153e-07
2.22785e-15
3.33153e-07
2.22748e-15
3.33153e-07
1.49623e-15
3.33153e-07
-4.40419e-16
3.33153e-07
-3.45427e-15
3.33153e-07
-6.74708e-15
3.33153e-07
-8.96193e-15
3.33153e-07
-9.35557e-15
3.33153e-07
-7.6116e-15
3.33153e-07
-4.16534e-15
3.33153e-07
3.37638e-16
3.68808e-15
3.61961e-07
5.01952e-15
3.61961e-07
5.724e-15
3.61961e-07
5.69135e-15
3.61961e-07
5.03871e-15
3.61961e-07
3.74466e-15
3.61961e-07
2.61412e-15
3.61961e-07
1.97616e-15
3.61961e-07
1.98237e-15
3.61961e-07
2.17621e-15
3.61961e-07
2.11972e-15
3.61961e-07
1.44625e-15
3.61961e-07
-2.87331e-16
3.61961e-07
-3.04421e-15
3.61961e-07
-6.22433e-15
3.61961e-07
-8.61055e-15
3.61961e-07
-9.36057e-15
3.61961e-07
-8.01409e-15
3.61961e-07
-4.8541e-15
3.61961e-07
-3.74893e-16
3.23708e-15
3.93066e-07
4.75147e-15
3.93066e-07
5.67482e-15
3.93066e-07
5.82594e-15
3.93066e-07
5.27711e-15
3.93066e-07
4.02681e-15
3.93066e-07
2.86339e-15
3.93066e-07
2.13848e-15
3.93066e-07
2.03576e-15
3.93066e-07
2.12477e-15
3.93066e-07
2e-15
3.93066e-07
1.36749e-15
3.93066e-07
-1.66913e-16
3.93066e-07
-2.64141e-15
3.93066e-07
-5.64224e-15
3.93066e-07
-8.13787e-15
3.93066e-07
-9.23077e-15
3.93066e-07
-8.30351e-15
3.93066e-07
-5.49737e-15
3.93066e-07
-1.14203e-15
2.67617e-15
4.26642e-07
4.37318e-15
4.26642e-07
5.54126e-15
4.26642e-07
5.90333e-15
4.26642e-07
5.48103e-15
4.26642e-07
4.29744e-15
4.26642e-07
3.11344e-15
4.26642e-07
2.30547e-15
4.26642e-07
2.0934e-15
4.26642e-07
2.07594e-15
4.26642e-07
1.87366e-15
4.26642e-07
1.26533e-15
4.26642e-07
-8.06146e-17
4.26642e-07
-2.25827e-15
4.26642e-07
-5.02132e-15
4.26642e-07
-7.55051e-15
4.26642e-07
-8.95877e-15
4.26642e-07
-8.46381e-15
4.26642e-07
-6.0641e-15
4.26642e-07
-1.9371e-15
2.01109e-15
4.62878e-07
3.87818e-15
4.62878e-07
5.30945e-15
4.62878e-07
5.90975e-15
4.62878e-07
5.63873e-15
4.62878e-07
4.54771e-15
4.62878e-07
3.35971e-15
4.62878e-07
2.47539e-15
4.62878e-07
2.15506e-15
4.62878e-07
2.03157e-15
4.62878e-07
1.74592e-15
4.62878e-07
1.14661e-15
4.62878e-07
-2.73664e-17
4.62878e-07
-1.90491e-15
4.62878e-07
-4.38343e-15
4.62878e-07
-6.86436e-15
4.62878e-07
-8.54038e-15
4.62878e-07
-8.48002e-15
4.62878e-07
-6.52686e-15
4.62878e-07
-2.72699e-15
1.25628e-15
5.01975e-07
3.26695e-15
5.01975e-07
4.96646e-15
5.01975e-07
5.83066e-15
5.01975e-07
5.73878e-15
5.01975e-07
4.76619e-15
5.01975e-07
3.59558e-15
5.01975e-07
2.64555e-15
5.01975e-07
2.22054e-15
5.01975e-07
1.9932e-15
5.01975e-07
1.62169e-15
5.01975e-07
1.01873e-15
5.01975e-07
-3.63019e-18
5.01975e-07
-1.58855e-15
5.01975e-07
-3.74983e-15
5.01975e-07
-6.10182e-15
5.01975e-07
-7.97909e-15
5.01975e-07
-8.34262e-15
5.01975e-07
-6.86043e-15
5.01975e-07
-3.47357e-15
4.35267e-16
5.44151e-07
2.54859e-15
5.44151e-07
4.50335e-15
5.44151e-07
5.65236e-15
5.44151e-07
5.76935e-15
5.44151e-07
4.93944e-15
5.44151e-07
3.81224e-15
5.44151e-07
2.81206e-15
5.44151e-07
2.28899e-15
5.44151e-07
1.96169e-15
5.44151e-07
1.50525e-15
5.44151e-07
8.89187e-16
5.44151e-07
-3.62191e-18
5.44151e-07
-1.31296e-15
5.44151e-07
-3.13947e-15
5.44151e-07
-5.29008e-15
5.44151e-07
-7.28604e-15
5.44151e-07
-8.04707e-15
5.44151e-07
-7.04454e-15
5.44151e-07
-4.13849e-15
-4.20158e-16
5.89641e-07
1.74267e-15
5.89641e-07
3.91865e-15
5.89641e-07
5.36171e-15
5.89641e-07
5.71716e-15
5.89641e-07
5.0544e-15
5.89641e-07
3.99871e-15
5.89641e-07
2.96957e-15
5.89641e-07
2.35845e-15
5.89641e-07
1.93685e-15
5.89641e-07
1.39979e-15
5.89641e-07
7.65182e-16
5.89641e-07
-1.98138e-17
5.89641e-07
-1.07826e-15
5.89641e-07
-2.56733e-15
5.89641e-07
-4.45911e-15
5.89641e-07
-6.48214e-15
5.89641e-07
-7.5917e-15
5.89641e-07
-7.06447e-15
5.89641e-07
-4.6893e-15
-1.27094e-15
6.38693e-07
8.79963e-16
6.38693e-07
3.21852e-15
6.38693e-07
4.94839e-15
6.38693e-07
5.56992e-15
6.38693e-07
5.09917e-15
6.38693e-07
4.14196e-15
6.38693e-07
3.11072e-15
6.38693e-07
2.42581e-15
6.38693e-07
1.91736e-15
6.38693e-07
1.30717e-15
6.38693e-07
6.5301e-16
6.38693e-07
-4.36872e-17
6.38693e-07
-8.811e-16
6.38693e-07
-2.04419e-15
6.38693e-07
-3.63831e-15
6.38693e-07
-5.59646e-15
6.38693e-07
-6.98329e-15
6.38693e-07
-6.91338e-15
6.38693e-07
-5.09875e-15
-2.07274e-15
6.9158e-07
4.15944e-19
6.9158e-07
2.41999e-15
6.9158e-07
4.40971e-15
6.9158e-07
5.31483e-15
6.9158e-07
5.06146e-15
6.9158e-07
4.22979e-15
6.9158e-07
3.22614e-15
6.9158e-07
2.48633e-15
6.9158e-07
1.90067e-15
6.9158e-07
1.22771e-15
6.9158e-07
5.5748e-16
6.9158e-07
-6.66771e-17
6.9158e-07
-7.15215e-16
6.9158e-07
-1.57596e-15
6.9158e-07
-2.85384e-15
6.9158e-07
-4.66425e-15
6.9158e-07
-6.23703e-15
6.9158e-07
-6.59504e-15
6.9158e-07
-5.34726e-15
-2.77918e-15
7.48589e-07
-8.49591e-16
7.48589e-07
1.55211e-15
7.48589e-07
3.75235e-15
7.48589e-07
4.94208e-15
7.48589e-07
4.93029e-15
7.48589e-07
4.25048e-15
7.48589e-07
3.30432e-15
7.48589e-07
2.53317e-15
7.48589e-07
1.88292e-15
7.48589e-07
1.16011e-15
7.48589e-07
4.8143e-16
7.48589e-07
-8.12323e-17
7.48589e-07
-5.72312e-16
7.48589e-07
-1.16348e-15
7.48589e-07
-2.12601e-15
7.48589e-07
-3.72332e-15
7.48589e-07
-5.38187e-15
7.48589e-07
-6.11623e-15
7.48589e-07
-5.4212e-15
-3.35394e-15
8.10031e-07
-1.62058e-15
8.10031e-07
6.55613e-16
8.10031e-07
2.99302e-15
8.10031e-07
4.44913e-15
8.10031e-07
4.69666e-15
8.10031e-07
4.1927e-15
8.10031e-07
3.33325e-15
8.10031e-07
2.55737e-15
8.10031e-07
1.85884e-15
8.10031e-07
1.10158e-15
8.10031e-07
4.25381e-16
8.10031e-07
-8.18552e-17
8.10031e-07
-4.43235e-16
8.10031e-07
-8.0295e-16
8.10031e-07
-1.46777e-15
8.10031e-07
-2.81054e-15
8.10031e-07
-4.45539e-15
8.10031e-07
-5.49127e-15
8.10031e-07
-5.31986e-15
-3.77002e-15
8.76242e-07
-2.26492e-15
8.76242e-07
-2.19793e-16
8.76242e-07
2.16106e-15
8.76242e-07
3.84277e-15
8.76242e-07
4.35418e-15
8.76242e-07
4.04713e-15
8.76242e-07
3.30212e-15
8.76242e-07
2.54815e-15
8.76242e-07
1.82161e-15
8.76242e-07
1.04785e-15
8.76242e-07
3.87258e-16
8.76242e-07
-6.58116e-17
8.76242e-07
-3.19254e-16
8.76242e-07
-4.87021e-16
8.76242e-07
-8.8523e-16
8.76242e-07
-1.95704e-15
8.76242e-07
-3.50197e-15
8.76242e-07
-4.74464e-15
8.76242e-07
-5.05554e-15
-4.01082e-15
9.47578e-07
-2.74808e-15
9.47578e-07
-1.02094e-15
9.47578e-07
1.29814e-15
9.47578e-07
3.1404e-15
9.47578e-07
3.90308e-15
9.47578e-07
3.80734e-15
9.47578e-07
3.20102e-15
9.47578e-07
2.49461e-15
9.47578e-07
1.76315e-15
9.47578e-07
9.93129e-16
9.47578e-07
3.62353e-16
9.47578e-07
-3.34106e-17
9.47578e-07
-1.9353e-16
9.47578e-07
-2.06249e-16
9.47578e-07
-3.77942e-16
9.47578e-07
-1.18494e-15
9.47578e-07
-2.56696e-15
9.47578e-07
-3.91498e-15
9.47578e-07
-4.64682e-15
-4.06929e-15
1.02443e-06
-3.04863e-15
1.02443e-06
-1.69806e-15
1.02443e-06
4.54618e-16
1.02443e-06
2.3723e-15
1.02443e-06
3.35323e-15
1.02443e-06
3.4709e-15
1.02443e-06
3.02189e-15
1.02443e-06
2.38686e-15
1.02443e-06
1.67485e-15
1.02443e-06
9.30254e-16
1.02443e-06
3.44032e-16
1.02443e-06
1.1998e-17
1.02443e-06
-6.27777e-17
1.02443e-06
4.90826e-17
1.02443e-06
6.01123e-17
1.02443e-06
-5.06376e-16
1.02443e-06
-1.6914e-15
1.02443e-06
-3.04811e-15
1.02443e-06
-4.11936e-15
-3.95533e-15
1.1072e-06
-3.16117e-15
1.1072e-06
-2.20976e-15
1.1072e-06
-3.14491e-16
1.1072e-06
1.58161e-15
1.1072e-06
2.72467e-15
1.1072e-06
3.04236e-15
1.1072e-06
2.76005e-15
1.1072e-06
2.2168e-15
1.1072e-06
1.54852e-15
1.1072e-06
8.51018e-16
1.1072e-06
3.23966e-16
1.1072e-06
6.39878e-17
1.1072e-06
7.24729e-17
1.1072e-06
2.87144e-16
1.1072e-06
4.38722e-16
1.1072e-06
7.53395e-17
1.1072e-06
-9.06619e-16
1.1072e-06
-2.19379e-15
1.1072e-06
-3.50737e-15
-3.6934e-15
1.19635e-06
-3.09137e-15
1.19635e-06
-2.53318e-15
1.19635e-06
-9.58714e-16
1.19635e-06
8.19996e-16
1.19635e-06
2.04937e-15
1.19635e-06
2.53564e-15
1.19635e-06
2.41654e-15
1.19635e-06
1.97951e-15
1.19635e-06
1.37705e-15
1.19635e-06
7.46549e-16
1.19635e-06
2.9283e-16
1.19635e-06
1.13449e-16
1.19635e-06
2.08005e-16
1.19635e-06
5.12954e-16
1.19635e-06
7.69198e-16
1.19635e-06
5.64803e-16
1.19635e-06
-2.31673e-16
1.19635e-06
-1.39766e-15
1.19635e-06
-2.85865e-15
-3.31458e-15
1.29234e-06
-2.8629e-15
1.29234e-06
-2.66386e-15
1.29234e-06
-1.43844e-15
1.29234e-06
1.42071e-16
1.29234e-06
1.37085e-15
1.29234e-06
1.9751e-15
1.29234e-06
2.0004e-15
1.29234e-06
1.67495e-15
1.29234e-06
1.15548e-15
1.29234e-06
6.08654e-16
1.29234e-06
2.41552e-16
1.29234e-06
1.49181e-16
1.29234e-06
3.35344e-16
1.29234e-06
7.27279e-16
1.29234e-06
1.06196e-15
1.29234e-06
9.72476e-16
1.29234e-06
3.27906e-16
1.29234e-06
-6.96165e-16
1.29234e-06
-2.22621e-15
-2.85555e-15
1.39569e-06
-2.51094e-15
1.39569e-06
-2.61346e-15
1.39569e-06
-1.731e-15
1.39569e-06
-4.01902e-16
1.39569e-06
7.41174e-16
1.39569e-06
1.39519e-15
1.39569e-06
1.53033e-15
1.39569e-06
1.30972e-15
1.39569e-06
8.82663e-16
1.39569e-06
4.30831e-16
1.39569e-06
1.59836e-16
1.39569e-06
1.59069e-16
1.39569e-06
4.44423e-16
1.39569e-06
9.26492e-16
1.39569e-06
1.3243e-15
1.39569e-06
1.31175e-15
1.39569e-06
7.78289e-16
1.39569e-06
-1.11899e-16
1.39569e-06
-1.6607e-15
-2.36407e-15
1.50695e-06
-2.07778e-15
1.50695e-06
-2.41291e-15
1.50695e-06
-1.83479e-15
1.50695e-06
-7.74128e-16
1.50695e-06
2.13109e-16
1.50695e-06
8.40767e-16
1.50695e-06
1.03527e-15
1.50695e-06
8.98635e-16
1.50695e-06
5.6286e-16
1.50695e-06
2.09856e-16
1.50695e-06
3.72435e-17
1.50695e-06
1.31521e-16
1.50695e-06
5.24379e-16
1.50695e-06
1.10288e-15
1.50695e-06
1.55871e-15
1.50695e-06
1.59572e-15
1.50695e-06
1.13348e-15
1.50695e-06
3.48819e-16
1.50695e-06
-1.20092e-15
-1.89265e-15
1.62671e-06
-1.61701e-15
1.62671e-06
-2.10065e-15
1.62671e-06
-1.76665e-15
1.62671e-06
-9.61549e-16
1.62671e-06
-1.69448e-16
1.62671e-06
3.62777e-16
1.62671e-06
5.53841e-16
1.62671e-06
4.65553e-16
1.62671e-06
2.06967e-16
1.62671e-06
-5.27245e-17
1.62671e-06
-1.31932e-16
1.62671e-06
5.71972e-17
1.62671e-06
5.61865e-16
1.62671e-06
1.24528e-15
1.62671e-06
1.76214e-15
1.62671e-06
1.83406e-15
1.62671e-06
1.4121e-15
1.62671e-06
6.93783e-16
1.62671e-06
-8.68537e-16
-1.48699e-15
1.7556e-06
-1.18687e-15
1.7556e-06
-1.72651e-15
1.7556e-06
-1.56219e-15
1.7556e-06
-9.70633e-16
1.7556e-06
-3.79797e-16
1.7556e-06
8.51564e-18
1.7556e-06
1.33715e-16
1.7556e-06
4.34493e-17
1.7556e-06
-1.66753e-16
1.7556e-06
-3.49741e-16
1.7556e-06
-3.47757e-16
1.7556e-06
-6.98257e-17
1.7556e-06
5.44536e-16
1.7556e-06
1.34081e-15
1.7556e-06
1.92632e-15
1.7556e-06
2.03045e-15
1.7556e-06
1.63341e-15
1.7556e-06
9.40848e-16
1.7556e-06
-6.64119e-16
-1.17779e-15
1.89431e-06
-8.36215e-16
1.89431e-06
-1.35128e-15
1.89431e-06
-1.26775e-15
1.89431e-06
-8.26668e-16
1.89431e-06
-4.12514e-16
1.89431e-06
-1.8847e-16
1.89431e-06
-1.78055e-16
1.89431e-06
-3.25624e-16
1.89431e-06
-5.31452e-16
1.89431e-06
-6.66932e-16
1.89431e-06
-6.0386e-16
1.89431e-06
-2.51051e-16
1.89431e-06
4.63189e-16
1.89431e-06
1.37502e-15
1.89431e-06
2.04044e-15
1.89431e-06
2.18339e-15
1.89431e-06
1.81268e-15
1.89431e-06
1.11403e-15
1.89431e-06
-5.69772e-16
-9.79019e-16
2.04357e-06
-5.93969e-16
2.04357e-06
-1.03616e-15
2.04357e-06
-9.42895e-16
2.04357e-06
-5.67055e-16
2.04357e-06
-2.8294e-16
2.04357e-06
-2.14999e-16
2.04357e-06
-3.43702e-16
2.04357e-06
-5.9813e-16
2.04357e-06
-8.5176e-16
2.04357e-06
-9.81629e-16
2.04357e-06
-8.85918e-16
2.04357e-06
-4.81552e-16
2.04357e-06
3.11908e-16
2.04357e-06
1.33434e-15
2.04357e-06
2.09319e-15
2.04357e-06
2.28723e-15
2.04357e-06
1.95836e-15
2.04357e-06
1.23866e-15
2.04357e-06
-5.54716e-16
-8.88182e-16
2.20415e-06
-4.67637e-16
2.20415e-06
-8.24213e-16
2.20415e-06
-6.52549e-16
2.20415e-06
-2.50183e-16
2.20415e-06
-1.8461e-17
2.20415e-06
-7.13851e-17
2.20415e-06
-3.47185e-16
2.20415e-06
-7.38285e-16
2.20415e-06
-1.08941e-15
2.20415e-06
-1.26206e-15
2.20415e-06
-1.1711e-15
2.20415e-06
-7.48296e-16
2.20415e-06
9.07007e-17
2.20415e-06
1.20732e-15
2.20415e-06
2.07334e-15
2.20415e-06
2.33688e-15
2.20415e-06
2.06978e-15
2.20415e-06
1.33485e-15
2.20415e-06
-5.85115e-16
-8.86916e-16
2.37692e-06
-4.47969e-16
2.37692e-06
-7.27813e-16
2.37692e-06
-4.48115e-16
2.37692e-06
5.57966e-17
2.37692e-06
3.2624e-16
2.37692e-06
2.20787e-16
2.37692e-06
-1.82861e-16
2.37692e-06
-7.25451e-16
2.37692e-06
-1.21071e-15
2.37692e-06
-1.47256e-15
2.37692e-06
-1.4287e-15
2.37692e-06
-1.03079e-15
2.37692e-06
-1.90677e-16
2.37692e-06
9.87769e-16
2.37692e-06
1.97081e-15
2.37692e-06
2.32913e-15
2.37692e-06
2.13857e-15
2.37692e-06
1.41507e-15
2.37692e-06
-6.30812e-16
-9.47618e-16
2.56276e-06
-5.10226e-16
2.56276e-06
-7.38332e-16
2.56276e-06
-3.617e-16
2.56276e-06
2.89856e-16
2.56276e-06
6.78791e-16
2.56276e-06
6.08412e-16
2.56276e-06
1.3761e-16
2.56276e-06
-5.48662e-16
2.56276e-06
-1.19298e-15
2.56276e-06
-1.58188e-15
2.56276e-06
-1.6241e-15
2.56276e-06
-1.30096e-15
2.56276e-06
-5.11779e-16
2.56276e-06
6.81762e-16
2.56276e-06
1.77666e-15
2.56276e-06
2.25704e-15
2.56276e-06
2.15771e-15
2.56276e-06
1.4813e-15
2.56276e-06
-6.64969e-16
-1.03348e-15
2.76265e-06
-6.10775e-16
2.76265e-06
-8.39646e-16
2.76265e-06
-4.05549e-16
2.76265e-06
4.0527e-16
2.76265e-06
9.7041e-16
2.76265e-06
1.01734e-15
2.76265e-06
5.68266e-16
2.76265e-06
-2.08275e-16
2.76265e-06
-1.01871e-15
2.76265e-06
-1.56967e-15
2.76265e-06
-1.73083e-15
2.76265e-06
-1.52479e-15
2.76265e-06
-8.4317e-16
2.76265e-06
3.08573e-16
2.76265e-06
1.48978e-15
2.76265e-06
2.11166e-15
2.76265e-06
2.12096e-15
2.76265e-06
1.52612e-15
2.76265e-06
-6.6554e-16
-1.10134e-15
2.97764e-06
-6.93913e-16
2.97764e-06
-9.94708e-16
2.97764e-06
-5.70181e-16
2.97764e-06
3.70043e-16
2.97764e-06
1.14613e-15
2.97764e-06
1.37381e-15
2.97764e-06
1.03735e-15
2.97764e-06
2.5845e-16
2.97764e-06
-6.78296e-16
2.97764e-06
-1.41801e-15
2.97764e-06
-1.73944e-15
2.97764e-06
-1.66789e-15
2.97764e-06
-1.1481e-15
2.97764e-06
-9.95353e-17
2.97764e-06
1.11964e-15
2.97764e-06
1.88815e-15
2.97764e-06
2.02377e-15
2.97764e-06
1.53582e-15
2.97764e-06
-6.21613e-16
-1.12143e-15
3.20884e-06
-7.14376e-16
3.20884e-06
-1.15048e-15
3.20884e-06
-8.18492e-16
3.20884e-06
1.7475e-16
3.20884e-06
1.16775e-15
3.20884e-06
1.61646e-15
3.20884e-06
1.46384e-15
3.20884e-06
7.83585e-16
3.20884e-06
-1.99308e-16
3.20884e-06
-1.11362e-15
3.20884e-06
-1.63384e-15
3.20884e-06
-1.71755e-15
3.20884e-06
-1.38522e-15
3.20884e-06
-5.01739e-16
3.20884e-06
6.88955e-16
3.20884e-06
1.58867e-15
3.20884e-06
1.86323e-15
3.20884e-06
1.49943e-15
3.20884e-06
-5.34757e-16
-1.07721e-15
3.45746e-06
-6.48428e-16
3.45746e-06
-1.2516e-15
3.45746e-06
-1.08647e-15
3.45746e-06
-1.59803e-16
3.45746e-06
1.00747e-15
3.45746e-06
1.70752e-15
3.45746e-06
1.77154e-15
3.45746e-06
1.28174e-15
3.45746e-06
3.59114e-16
3.45746e-06
-6.68245e-16
3.45746e-06
-1.40011e-15
3.45746e-06
-1.66988e-15
3.45746e-06
-1.52146e-15
3.45746e-06
-8.56002e-16
3.45746e-06
2.33205e-16
3.45746e-06
1.22293e-15
3.45746e-06
1.63982e-15
3.45746e-06
1.41482e-15
3.45746e-06
-4.16066e-16
-9.60009e-16
3.72478e-06
-4.74774e-16
3.72478e-06
-1.25753e-15
3.72478e-06
-1.31042e-15
3.72478e-06
-5.72888e-16
3.72478e-06
6.55802e-16
3.72478e-06
1.61151e-15
3.72478e-06
1.91797e-15
3.72478e-06
1.66851e-15
3.72478e-06
9.1379e-16
3.72478e-06
-1.28475e-16
3.72478e-06
-1.03677e-15
3.72478e-06
-1.51689e-15
3.72478e-06
-1.54979e-15
3.72478e-06
-1.12132e-15
3.72478e-06
-2.02635e-16
3.72478e-06
8.11384e-16
3.72478e-06
1.36293e-15
3.72478e-06
1.28479e-15
3.72478e-06
-2.91735e-16
-7.63372e-16
4.01219e-06
-1.74743e-16
4.01219e-06
-1.1319e-15
4.01219e-06
-1.45433e-15
4.01219e-06
-9.81233e-16
4.01219e-06
1.50917e-16
4.01219e-06
1.30241e-15
4.01219e-06
1.88273e-15
4.01219e-06
1.87664e-15
4.01219e-06
1.37188e-15
4.01219e-06
4.29614e-16
4.01219e-06
-5.72311e-16
4.01219e-06
-1.25473e-15
4.01219e-06
-1.47578e-15
4.01219e-06
-1.26762e-15
4.01219e-06
-5.73257e-16
4.01219e-06
3.86934e-16
4.01219e-06
1.05063e-15
4.01219e-06
1.11912e-15
4.01219e-06
-1.8855e-16
-4.96331e-16
4.32118e-06
2.4563e-16
4.32118e-06
-8.48038e-16
4.32118e-06
-1.48891e-15
4.32118e-06
-1.30502e-15
4.32118e-06
-4.19455e-16
4.32118e-06
7.84059e-16
4.32118e-06
1.63411e-15
4.32118e-06
1.88679e-15
4.32118e-06
1.64629e-15
4.32118e-06
9.13139e-16
4.32118e-06
-6.62693e-17
4.32118e-06
-8.95674e-16
4.32118e-06
-1.30679e-15
4.32118e-06
-1.29157e-15
4.32118e-06
-8.40768e-16
4.32118e-06
-8.61296e-18
4.32118e-06
7.26765e-16
4.32118e-06
9.33436e-16
4.32118e-06
-1.16931e-16
-1.82079e-16
4.65335e-06
7.53698e-16
4.65335e-06
-3.97271e-16
4.65335e-06
-1.37545e-15
4.65335e-06
-1.50276e-15
4.65335e-06
-9.55106e-16
4.65335e-06
1.25469e-16
4.65335e-06
1.15226e-15
4.65335e-06
1.682e-15
4.65335e-06
1.69505e-15
4.65335e-06
1.23047e-15
4.65335e-06
3.95583e-16
4.65335e-06
-4.78768e-16
4.65335e-06
-1.05347e-15
4.65335e-06
-1.21197e-15
4.65335e-06
-9.79102e-16
4.65335e-06
-3.31466e-16
4.65335e-06
4.1799e-16
4.65335e-06
7.48375e-16
4.65335e-06
-6.3942e-17
1.48493e-16
5.01039e-06
1.32005e-15
5.01039e-06
2.10971e-16
5.01039e-06
-1.07727e-15
5.01039e-06
-1.56907e-15
5.01039e-06
-1.3723e-15
5.01039e-06
-5.68515e-16
5.01039e-06
4.7026e-16
5.01039e-06
1.23766e-15
5.01039e-06
1.50776e-15
5.01039e-06
1.31824e-15
5.01039e-06
7.2239e-16
5.01039e-06
-7.40128e-17
5.01039e-06
-7.39559e-16
5.01039e-06
-1.04721e-15
5.01039e-06
-9.89413e-16
5.01039e-06
-5.46078e-16
5.01039e-06
1.54705e-16
5.01039e-06
5.85434e-16
5.01039e-06
-1.36895e-17
4.69735e-16
5.39416e-06
1.91538e-15
5.39416e-06
9.30556e-16
5.39416e-06
-5.70107e-16
5.39416e-06
-1.47477e-15
5.39416e-06
-1.63797e-15
5.39416e-06
-1.20147e-15
5.39416e-06
-3.29277e-16
5.39416e-06
5.57293e-16
5.39416e-06
1.08361e-15
5.39416e-06
1.16032e-15
5.39416e-06
8.39143e-16
5.39416e-06
2.33943e-16
5.39416e-06
-4.10545e-16
5.39416e-06
-8.20222e-16
5.39416e-06
-8.99471e-16
5.39416e-06
-6.32533e-16
5.39416e-06
-3.47375e-17
5.39416e-06
4.583e-16
5.39416e-06
4.72191e-17
7.8541e-16
5.80663e-06
2.52302e-15
5.80663e-06
1.70354e-15
5.80663e-06
1.2366e-16
5.80663e-06
-1.17698e-15
5.80663e-06
-1.74985e-15
5.80663e-06
-1.70097e-15
5.80663e-06
-1.13877e-15
5.80663e-06
-3.0105e-16
5.80663e-06
4.16823e-16
5.80663e-06
7.62387e-16
5.80663e-06
7.19414e-16
5.80663e-06
3.68881e-16
5.80663e-06
-1.37375e-16
5.80663e-06
-5.64715e-16
5.80663e-06
-7.34922e-16
5.80663e-06
-5.98477e-16
5.80663e-06
-1.31363e-16
5.80663e-06
3.89641e-16
5.80663e-06
1.28978e-16
1.0982e-15
6.24991e-06
3.12971e-15
6.24991e-06
2.47774e-15
6.24991e-06
9.40577e-16
6.24991e-06
-6.60587e-16
6.24991e-06
-1.6827e-15
6.24991e-06
-2.0402e-15
6.24991e-06
-1.86514e-15
6.24991e-06
-1.23515e-15
6.24991e-06
-4.59223e-16
6.24991e-06
1.27818e-16
6.24991e-06
3.69713e-16
6.24991e-06
2.94168e-16
6.24991e-06
8.02282e-18
6.24991e-06
-3.28757e-16
6.24991e-06
-5.24577e-16
6.24991e-06
-4.72885e-16
6.24991e-06
-1.21517e-16
6.24991e-06
3.90013e-16
6.24991e-06
2.41098e-16
1.41195e-15
6.72626e-06
3.71753e-15
6.72626e-06
3.21112e-15
6.72626e-06
1.79827e-15
6.72626e-06
3.46329e-17
6.72626e-06
-1.4092e-15
6.72626e-06
-2.2157e-15
6.72626e-06
-2.44506e-15
6.72626e-06
-2.13489e-15
6.72626e-06
-1.45558e-15
6.72626e-06
-7.21115e-16
6.72626e-06
-2.00674e-16
6.72626e-06
1.66673e-17
6.72626e-06
-1.58961e-17
6.72626e-06
-1.73221e-16
6.72626e-06
-3.05996e-16
6.72626e-06
-2.81211e-16
6.72626e-06
-1.03677e-17
6.72626e-06
4.61108e-16
6.72626e-06
3.96371e-16
1.7333e-15
7.23814e-06
4.26365e-15
7.23814e-06
3.88171e-15
7.23814e-06
2.62127e-15
7.23814e-06
8.21474e-16
7.23814e-06
-9.55906e-16
7.23814e-06
-2.21474e-15
7.23814e-06
-2.85227e-15
7.23814e-06
-2.91588e-15
7.23814e-06
-2.45982e-15
7.23814e-06
-1.71121e-15
7.23814e-06
-9.72287e-16
7.23814e-06
-4.53522e-16
7.23814e-06
-1.98363e-16
7.23814e-06
-1.32284e-16
7.23814e-06
-1.26138e-16
7.23814e-06
-5.30664e-17
7.23814e-06
1.85402e-16
7.23814e-06
6.03522e-16
7.23814e-06
6.01505e-16
2.06702e-15
7.78814e-06
4.75009e-15
7.78814e-06
4.46897e-15
7.78814e-06
3.35208e-15
7.78814e-06
1.59979e-15
7.78814e-06
-3.8805e-16
7.78814e-06
-2.05077e-15
7.78814e-06
-3.10292e-15
7.78814e-06
-3.5311e-15
7.78814e-06
-3.37087e-15
7.78814e-06
-2.73325e-15
7.78814e-06
-1.87925e-15
7.78814e-06
-1.09254e-15
7.78814e-06
-5.32017e-16
7.78814e-06
-2.05189e-16
7.78814e-06
-5.54799e-18
7.78814e-06
1.817e-16
7.78814e-06
4.41571e-16
7.78814e-06
8.17596e-16
7.78814e-06
8.62366e-16
2.41741e-15
8.37906e-06
5.16712e-15
8.37906e-06
4.94717e-15
8.37906e-06
3.94912e-15
8.37906e-06
2.2725e-15
8.37906e-06
1.9403e-16
8.37906e-06
-1.78012e-15
8.37906e-06
-3.21709e-15
8.37906e-06
-3.98576e-15
8.37906e-06
-4.12867e-15
8.37906e-06
-3.68021e-15
8.37906e-06
-2.82228e-15
8.37906e-06
-1.83807e-15
8.37906e-06
-9.87913e-16
8.37906e-06
-3.70361e-16
8.37906e-06
6.39263e-17
8.37906e-06
4.11264e-16
8.37906e-06
7.41021e-16
8.37906e-06
1.09976e-15
8.37906e-06
1.17687e-15
2.78777e-15
9.01392e-06
5.51108e-15
9.01392e-06
5.30415e-15
9.01392e-06
4.37537e-15
9.01392e-06
2.76363e-15
9.01392e-06
6.73945e-16
9.01392e-06
-1.49914e-15
9.01392e-06
-3.2462e-15
9.01392e-06
-4.32125e-15
9.01392e-06
-4.71626e-15
9.01392e-06
-4.48377e-15
9.01392e-06
-3.69583e-15
9.01392e-06
-2.59886e-15
9.01392e-06
-1.49434e-15
9.01392e-06
-5.83043e-16
9.01392e-06
1.12366e-16
9.01392e-06
6.48198e-16
9.01392e-06
1.08237e-15
9.01392e-06
1.44547e-15
9.01392e-06
1.54392e-15
3.17829e-15
9.69591e-06
5.78224e-15
9.69591e-06
5.54037e-15
9.69591e-06
4.60088e-15
9.69591e-06
3.01567e-15
9.69591e-06
9.39377e-16
9.69591e-06
-1.33025e-15
9.69591e-06
-3.28252e-15
9.69591e-06
-4.59396e-15
9.69591e-06
-5.17783e-15
9.69591e-06
-5.12118e-15
9.69591e-06
-4.4196e-15
9.69591e-06
-3.26897e-15
9.69591e-06
-1.95837e-15
9.69591e-06
-7.67772e-16
9.69591e-06
1.95358e-16
9.69591e-06
9.34006e-16
9.69591e-06
1.48417e-15
9.69591e-06
1.86236e-15
9.69591e-06
1.97441e-15
3.59171e-15
1.04285e-05
5.98302e-15
1.04285e-05
5.65445e-15
1.04285e-05
4.61321e-15
1.04285e-05
2.98487e-15
1.04285e-05
8.96866e-16
1.04285e-05
-1.40595e-15
1.04285e-05
-3.45255e-15
1.04285e-05
-4.89271e-15
1.04285e-05
-5.58424e-15
1.04285e-05
-5.61707e-15
1.04285e-05
-4.96356e-15
1.04285e-05
-3.76004e-15
1.04285e-05
-2.2774e-15
1.04285e-05
-8.27516e-16
1.04285e-05
3.93769e-16
1.04285e-05
1.33341e-15
1.04285e-05
1.99407e-15
1.04285e-05
2.38743e-15
1.04285e-05
2.50357e-15
4.03649e-15
1.12154e-05
6.14041e-15
1.12154e-05
5.65408e-15
1.12154e-05
4.40774e-15
1.12154e-05
2.63126e-15
1.12154e-05
4.68607e-16
1.12154e-05
-1.84842e-15
1.12154e-05
-3.89452e-15
1.12154e-05
-5.34077e-15
1.12154e-05
-6.03287e-15
1.12154e-05
-6.04739e-15
1.12154e-05
-5.34452e-15
1.12154e-05
-4.02911e-15
1.12154e-05
-2.36127e-15
1.12154e-05
-6.60341e-16
1.12154e-05
8.06491e-16
1.12154e-05
1.93424e-15
1.12154e-05
2.69135e-15
1.12154e-05
3.0882e-15
1.12154e-05
3.18545e-15
4.55148e-15
1.20604e-05
6.32949e-15
1.20604e-05
5.5575e-15
1.20604e-05
3.97496e-15
1.20604e-05
1.9218e-15
1.20604e-05
-4.08612e-16
1.20604e-05
-2.75627e-15
1.20604e-05
-4.74141e-15
1.20604e-05
-6.08409e-15
1.20604e-05
-6.66499e-15
1.20604e-05
-6.529e-15
1.20604e-05
-5.6286e-15
1.20604e-05
-4.08371e-15
1.20604e-05
-2.15753e-15
1.20604e-05
-1.79761e-16
1.20604e-05
1.53627e-15
1.20604e-05
2.84367e-15
1.20604e-05
3.68267e-15
1.20604e-05
4.06063e-15
1.20604e-05
4.09687e-15
5.23021e-15
1.2968e-05
6.66409e-15
1.2968e-05
5.42396e-15
1.2968e-05
3.34645e-15
1.2968e-05
8.59349e-16
1.2968e-05
-1.76658e-15
1.2968e-05
-4.20177e-15
1.2968e-05
-6.11737e-15
1.2968e-05
-7.2906e-15
1.2968e-05
-7.65893e-15
1.2968e-05
-7.20966e-15
1.2968e-05
-5.92936e-15
1.2968e-05
-3.98622e-15
1.2968e-05
-1.66863e-15
1.2968e-05
6.65308e-16
1.2968e-05
2.67153e-15
1.2968e-05
4.17386e-15
1.2968e-05
5.09196e-15
1.2968e-05
5.42894e-15
1.2968e-05
5.34991e-15
6.15385e-15
1.39425e-05
7.2907e-15
1.39425e-05
5.36204e-15
1.39425e-05
2.59017e-15
1.39425e-05
-5.22188e-16
1.39425e-05
-3.59516e-15
1.39425e-05
-6.23016e-15
1.39425e-05
-8.13421e-15
1.39425e-05
-9.13623e-15
1.39425e-05
-9.19745e-15
1.39425e-05
-8.26483e-15
1.39425e-05
-6.40477e-15
1.39425e-05
-3.85513e-15
1.39425e-05
-9.55704e-16
1.39425e-05
1.87408e-15
1.39425e-05
4.26584e-15
1.39425e-05
6.01895e-15
1.39425e-05
7.03949e-15
1.39425e-05
7.32892e-15
1.39425e-05
7.07793e-15
7.44781e-15
1.49887e-05
8.3469e-15
1.49887e-05
5.51514e-15
1.49887e-05
1.82582e-15
1.49887e-05
-2.13225e-15
1.49887e-05
-5.8419e-15
1.49887e-05
-8.85499e-15
1.49887e-05
-1.08735e-14
1.49887e-05
-1.17591e-14
1.49887e-05
-1.1445e-14
1.49887e-05
-9.88796e-15
1.49887e-05
-7.25059e-15
1.49887e-05
-3.86019e-15
1.49887e-05
-1.41371e-16
1.49887e-05
3.38537e-15
1.49887e-05
6.32074e-15
1.49887e-05
8.43148e-15
1.49887e-05
9.61367e-15
1.49887e-05
9.87069e-15
1.49887e-05
9.43171e-15
9.30536e-15
1.61119e-05
9.95278e-15
1.61119e-05
6.05692e-15
1.61119e-05
1.23951e-15
1.61119e-05
-3.81486e-15
1.61119e-05
-8.4138e-15
1.61119e-05
-1.20422e-14
1.61119e-05
-1.43588e-14
1.61119e-05
-1.52321e-14
1.61119e-05
-1.45416e-14
1.61119e-05
-1.22731e-14
1.61119e-05
-8.68518e-15
1.61119e-05
-4.21384e-15
1.61119e-05
5.94001e-16
1.61119e-05
5.0793e-15
1.61119e-05
8.78117e-15
1.61119e-05
1.14169e-14
1.61119e-05
1.28704e-14
1.61119e-05
1.31569e-14
1.61119e-05
1.25633e-14
1.18643e-14
1.73174e-05
1.23048e-14
1.73174e-05
7.17907e-15
1.73174e-05
1.00944e-15
1.73174e-05
-5.40433e-15
1.73174e-05
-1.11859e-14
1.73174e-05
-1.57096e-14
1.73174e-05
-1.85531e-14
1.73174e-05
-1.95713e-14
1.73174e-05
-1.85883e-14
1.73174e-05
-1.55928e-14
1.73174e-05
-1.09291e-14
1.73174e-05
-5.15634e-15
1.73174e-05
1.02671e-15
1.73174e-05
6.78122e-15
1.73174e-05
1.15342e-14
1.73174e-05
1.49264e-14
1.73174e-05
1.68175e-14
1.73174e-05
1.72522e-14
1.73174e-05
1.65775e-14
1.52821e-14
1.86111e-05
1.55825e-14
1.86111e-05
9.08569e-15
1.86111e-05
1.35032e-15
1.86111e-05
-6.69712e-15
1.86111e-05
-1.39838e-14
1.86111e-05
-1.9724e-14
1.86111e-05
-2.33703e-14
1.86111e-05
-2.47442e-14
1.86111e-05
-2.36369e-14
1.86111e-05
-1.99793e-14
1.86111e-05
-1.41822e-14
1.86111e-05
-6.93308e-15
1.86111e-05
9.05368e-16
1.86111e-05
8.26983e-15
1.86111e-05
1.44113e-14
1.86111e-05
1.88555e-14
1.86111e-05
2.14102e-14
1.86111e-05
2.21693e-14
1.86111e-05
2.15289e-14
1.96822e-14
1.99992e-05
1.99293e-14
1.99992e-05
1.19689e-14
1.99992e-05
2.4886e-15
1.99992e-05
-7.46138e-15
1.99992e-05
-1.65906e-14
1.99992e-05
-2.3905e-14
1.99992e-05
-2.86827e-14
1.99992e-05
-3.06674e-14
1.99992e-05
-2.96797e-14
1.99992e-05
-2.55112e-14
1.99992e-05
-1.86046e-14
1.99992e-05
-9.76875e-15
1.99992e-05
-3.49432e-17
1.99992e-05
9.28716e-15
1.99992e-05
1.71923e-14
1.99992e-05
2.3043e-14
1.99992e-05
2.65493e-14
1.99992e-05
2.78577e-14
1.99992e-05
2.7441e-14
2.51494e-14
2.14882e-05
2.54499e-14
2.14882e-05
1.5993e-14
2.14882e-05
4.6363e-15
2.14882e-05
-7.45206e-15
2.14882e-05
-1.8759e-14
2.14882e-05
-2.80287e-14
2.14882e-05
-3.43185e-14
2.14882e-05
-3.72171e-14
2.14882e-05
-3.66451e-14
2.14882e-05
-3.21999e-14
2.14882e-05
-2.42988e-14
2.14882e-05
-1.38485e-14
2.14882e-05
-2.04914e-15
2.14882e-05
9.55581e-15
2.14882e-05
1.96143e-14
2.14882e-05
2.72717e-14
2.14882e-05
3.20845e-14
2.14882e-05
3.42113e-14
2.14882e-05
3.42788e-14
3.17213e-14
2.3085e-05
3.21957e-14
2.3085e-05
2.12813e-14
2.3085e-05
7.9771e-15
2.3085e-05
-6.4301e-15
2.3085e-05
-2.02266e-14
2.3085e-05
-3.18379e-14
2.3085e-05
-4.00603e-14
2.3085e-05
-4.42288e-14
2.3085e-05
-4.43841e-14
2.3085e-05
-3.99842e-14
2.3085e-05
-3.12978e-14
2.3085e-05
-1.93004e-14
2.3085e-05
-5.35591e-15
2.3085e-05
8.80043e-15
2.3085e-05
2.13886e-14
2.3085e-05
3.12784e-14
2.3085e-05
3.7811e-14
2.3085e-05
4.10753e-14
2.3085e-05
4.19294e-14
3.93689e-14
2.47969e-05
4.01425e-14
2.47969e-05
2.78936e-14
2.47969e-05
1.26479e-14
2.47969e-05
-4.18454e-15
2.47969e-05
-2.07326e-14
2.47969e-05
-3.50486e-14
2.47969e-05
-4.56354e-14
2.47969e-05
-5.15083e-14
2.47969e-05
-5.2693e-14
2.47969e-05
-4.87188e-14
2.47969e-05
-3.95502e-14
2.47969e-05
-2.61757e-14
2.47969e-05
-1.01056e-14
2.47969e-05
6.7657e-15
2.47969e-05
2.22202e-14
2.47969e-05
3.47628e-14
2.47969e-05
4.34658e-14
2.47969e-05
4.82589e-14
2.47969e-05
5.02136e-14
4.79818e-14
2.66316e-05
4.91778e-14
2.66316e-05
3.58077e-14
2.66316e-05
1.87174e-14
2.66316e-05
-5.56576e-16
2.66316e-05
-2.004e-14
2.66316e-05
-3.73744e-14
2.66316e-05
-5.07388e-14
2.66316e-05
-5.87891e-14
2.66316e-05
-6.13106e-14
2.66316e-05
-5.81822e-14
2.66316e-05
-4.89171e-14
2.66316e-05
-3.44383e-14
2.66316e-05
-1.63652e-14
2.66316e-05
3.25265e-15
2.66316e-05
2.18351e-14
2.66316e-05
3.74116e-14
2.66316e-05
4.87378e-14
2.66316e-05
5.55073e-14
2.66316e-05
5.88977e-14
5.73672e-14
2.85969e-05
5.90874e-14
2.85969e-05
4.49034e-14
2.85969e-05
2.61659e-14
2.85969e-05
4.53155e-15
2.85969e-05
-1.79466e-14
2.85969e-05
-3.85367e-14
2.85969e-05
-5.50401e-14
2.85969e-05
-6.57397e-14
2.85969e-05
-6.99722e-14
2.85969e-05
-6.80757e-14
2.85969e-05
-5.91523e-14
2.85969e-05
-4.39402e-14
2.85969e-05
-2.41059e-14
2.85969e-05
-1.84719e-15
2.85969e-05
2.00087e-14
2.85969e-05
3.89207e-14
2.85969e-05
5.32837e-14
2.85969e-05
6.24995e-14
2.85969e-05
6.77295e-14
6.72262e-14
3.07012e-05
6.95448e-14
3.07012e-05
5.49454e-14
3.07012e-05
3.48657e-14
3.07012e-05
1.10611e-14
3.07012e-05
-1.43261e-14
3.07012e-05
-3.82979e-14
3.07012e-05
-5.82108e-14
3.07012e-05
-7.19736e-14
3.07012e-05
-7.83824e-14
3.07012e-05
-7.79902e-14
3.07012e-05
-6.99087e-14
3.07012e-05
-5.44224e-14
3.07012e-05
-3.31855e-14
3.07012e-05
-8.53072e-15
3.07012e-05
1.65859e-14
3.07012e-05
3.90203e-14
3.07012e-05
5.67537e-14
3.07012e-05
6.88585e-14
3.07012e-05
7.64089e-14
7.7184e-14
3.29531e-05
8.01194e-14
3.29531e-05
6.55762e-14
3.29531e-05
4.45628e-14
3.29531e-05
1.89056e-14
3.29531e-05
-9.1563e-15
3.29531e-05
-3.64845e-14
3.29531e-05
-5.99425e-14
3.29531e-05
-7.70705e-14
3.29531e-05
-8.61697e-14
3.29531e-05
-8.74797e-14
3.29531e-05
-8.07271e-14
3.29531e-05
-6.54963e-14
3.29531e-05
-4.33287e-14
3.29531e-05
-1.6651e-14
3.29531e-05
1.15123e-14
3.29531e-05
3.75094e-14
3.29531e-05
5.88232e-14
3.29531e-05
7.41724e-14
3.29531e-05
8.45115e-14
8.68136e-14
3.53614e-05
9.02874e-14
3.53614e-05
7.62937e-14
3.53614e-05
5.48498e-14
3.53614e-05
2.779e-14
3.53613e-05
-2.54737e-15
3.53613e-05
-3.30185e-14
3.53613e-05
-5.99851e-14
3.53613e-05
-8.06277e-14
3.53614e-05
-9.27963e-14
3.53614e-05
-9.60695e-14
3.53614e-05
-9.10629e-14
3.53614e-05
-7.66469e-14
3.53614e-05
-5.41153e-14
3.53614e-05
-2.59134e-14
3.53614e-05
4.86624e-15
3.53614e-05
3.42753e-14
3.53614e-05
5.92041e-14
3.53614e-05
7.8014e-14
3.53614e-05
9.15331e-14
9.56696e-14
3.79348e-05
9.94124e-14
3.79348e-05
8.64542e-14
3.79348e-05
6.51554e-14
3.79348e-05
3.72746e-14
3.79348e-05
5.21227e-15
3.79348e-05
-2.79401e-14
3.79348e-05
-5.81639e-14
3.79348e-05
-8.22592e-14
3.79348e-05
-9.76784e-14
3.79348e-05
-1.0328e-13
3.79348e-05
-1.00263e-13
3.79348e-05
-8.7202e-14
3.79348e-05
-6.49476e-14
3.79348e-05
-3.5858e-14
3.79348e-05
-3.08388e-15
3.79348e-05
2.93508e-14
3.79348e-05
5.77092e-14
3.79348e-05
8.00016e-14
3.79348e-05
9.6882e-14
1.03224e-13
4.06825e-05
1.06678e-13
4.06825e-05
9.53467e-14
4.06825e-05
7.48122e-14
4.06825e-05
4.67943e-14
4.06825e-05
1.3701e-14
4.06825e-05
-2.14287e-14
4.06825e-05
-5.44097e-14
4.06825e-05
-8.16411e-14
4.06825e-05
-1.00243e-13
4.06825e-05
-1.08449e-13
4.06825e-05
-1.07472e-13
4.06825e-05
-9.64125e-14
4.06825e-05
-7.51313e-14
4.06825e-05
-4.59037e-14
4.06825e-05
-1.19092e-14
4.06825e-05
2.28932e-14
4.06825e-05
5.42413e-14
4.06825e-05
7.97819e-14
4.06825e-05
9.99554e-14
1.08796e-13
4.36132e-05
1.11134e-13
4.36132e-05
1.02323e-13
4.36132e-05
8.32172e-14
4.36132e-05
5.57975e-14
4.36132e-05
2.24816e-14
4.36132e-05
-1.37382e-14
4.36132e-05
-4.87113e-14
4.36132e-05
-7.84767e-14
4.36132e-05
-9.99057e-14
4.36132e-05
-1.10784e-13
4.36132e-05
-1.11734e-13
4.36132e-05
-1.03633e-13
4.36132e-05
-8.40454e-14
4.36132e-05
-5.54702e-14
4.36132e-05
-2.11332e-14
4.36132e-05
1.51278e-14
4.36132e-05
4.87573e-14
4.36132e-05
7.70246e-14
4.36132e-05
1.00171e-13
1.11599e-13
4.67356e-05
1.12409e-13
4.67356e-05
1.06267e-13
4.67356e-05
8.9198e-14
4.67356e-05
6.31839e-14
4.67356e-05
3.06062e-14
4.67356e-05
-5.61114e-15
4.67356e-05
-4.15478e-14
4.67356e-05
-7.29794e-14
4.67356e-05
-9.66282e-14
4.67356e-05
-1.09999e-13
4.67356e-05
-1.12841e-13
4.67356e-05
-1.07626e-13
4.67356e-05
-9.04292e-14
4.67356e-05
-6.33735e-14
4.67356e-05
-2.97304e-14
4.67356e-05
6.81788e-15
4.67356e-05
4.17226e-14
4.67356e-05
7.18957e-14
4.67356e-05
9.73982e-14
1.11267e-13
5.0058e-05
1.10523e-13
5.0058e-05
1.06032e-13
5.0058e-05
9.13111e-14
5.0058e-05
6.75169e-14
5.0058e-05
3.67804e-14
5.0058e-05
1.84703e-15
5.0058e-05
-3.3736e-14
5.0058e-05
-6.56788e-14
5.0058e-05
-9.06508e-14
5.0058e-05
-1.0603e-13
5.0058e-05
-1.10826e-13
5.0058e-05
-1.07311e-13
5.0058e-05
-9.27541e-14
5.0058e-05
-6.80965e-14
5.0058e-05
-3.63345e-14
5.0058e-05
-8.95192e-16
5.0058e-05
3.39665e-14
5.0058e-05
6.48922e-14
5.0058e-05
9.17787e-14
1.07665e-13
5.3588e-05
1.04488e-13
5.3588e-05
1.01422e-13
5.3588e-05
8.91672e-14
5.3588e-05
6.82369e-14
5.3588e-05
4.03747e-14
5.3588e-05
8.0337e-15
5.3588e-05
-2.56785e-14
5.3588e-05
-5.66881e-14
5.3588e-05
-8.17231e-14
5.3588e-05
-9.81774e-14
5.3588e-05
-1.04655e-13
5.3588e-05
-1.02584e-13
5.3588e-05
-9.06144e-14
5.3588e-05
-6.90597e-14
5.3588e-05
-4.02984e-14
5.3588e-05
-7.3951e-15
5.3588e-05
2.58907e-14
5.3588e-05
5.61294e-14
5.3588e-05
8.30716e-14
1.00059e-13
5.73329e-05
9.36485e-14
5.73329e-05
9.22527e-14
5.73329e-05
8.26583e-14
5.73329e-05
6.51151e-14
5.73329e-05
4.10406e-14
5.73329e-05
1.25348e-14
5.73329e-05
-1.77646e-14
5.73329e-05
-4.62538e-14
5.73329e-05
-6.9861e-14
5.73329e-05
-8.6157e-14
5.73329e-05
-9.36645e-14
5.73329e-05
-9.32046e-14
5.73329e-05
-8.39705e-14
5.73329e-05
-6.60485e-14
5.73329e-05
-4.12611e-14
5.73329e-05
-1.22302e-14
5.73329e-05
1.78756e-14
5.73329e-05
4.58554e-14
5.73329e-05
7.12949e-14
8.814e-14
6.12991e-05
7.87981e-14
6.12991e-05
7.87354e-14
6.12991e-05
7.17974e-14
6.12991e-05
5.79904e-14
6.12991e-05
3.84194e-14
6.12991e-05
1.479e-14
6.12991e-05
-1.0752e-14
6.12991e-05
-3.52527e-14
6.12991e-05
-5.60079e-14
6.12991e-05
-7.09114e-14
6.12991e-05
-7.85758e-14
6.12991e-05
-7.93997e-14
6.12991e-05
-7.28988e-14
6.12991e-05
-5.89172e-14
6.12991e-05
-3.88465e-14
6.12991e-05
-1.47951e-14
6.12991e-05
1.07028e-14
6.12991e-05
3.494e-14
6.12991e-05
5.73634e-14
7.28204e-14
7.11967e-05
5.98278e-14
7.11967e-05
6.06965e-14
7.11967e-05
5.63067e-14
7.11967e-05
4.65467e-14
7.11967e-05
3.21972e-14
7.11967e-05
1.45129e-14
7.11967e-05
-4.90932e-15
7.11967e-05
-2.39117e-14
7.11967e-05
-4.03479e-14
7.11967e-05
-5.25737e-14
7.11967e-05
-5.94531e-14
7.11967e-05
-6.10399e-14
7.11967e-05
-5.70705e-14
7.11967e-05
-4.73068e-14
7.11967e-05
-3.26911e-14
7.11967e-05
-1.47447e-14
7.11967e-05
4.70099e-15
7.11967e-05
2.36337e-14
7.11967e-05
4.14422e-14
5.41841e-14
7.24899e-05
4.13506e-14
7.24899e-05
4.25364e-14
7.24899e-05
4.00316e-14
7.24899e-05
3.37191e-14
7.24899e-05
2.41035e-14
7.24899e-05
1.2031e-14
7.24899e-05
-1.40679e-15
7.24899e-05
-1.47729e-14
7.24899e-05
-2.65334e-14
7.24899e-05
-3.55286e-14
7.24899e-05
-4.09311e-14
7.24899e-05
-4.26283e-14
7.24899e-05
-4.04699e-14
7.24899e-05
-3.4244e-14
7.24899e-05
-2.45366e-14
7.24899e-05
-1.23448e-14
7.24899e-05
1.11026e-15
7.24899e-05
1.45072e-14
7.24899e-05
2.72833e-14
3.67234e-14
7.37343e-05
2.56571e-14
7.37343e-05
2.67198e-14
7.37343e-05
2.54438e-14
7.37343e-05
2.17506e-14
7.37343e-05
1.59389e-14
7.37343e-05
8.52424e-15
7.37343e-05
1.81723e-16
7.37343e-05
-8.22675e-15
7.37343e-05
-1.57287e-14
7.37343e-05
-2.15939e-14
7.37343e-05
-2.52898e-14
7.37343e-05
-2.66725e-14
7.37343e-05
-2.56396e-14
7.37343e-05
-2.20542e-14
7.37343e-05
-1.62486e-14
7.37343e-05
-8.81075e-15
7.37343e-05
-4.71949e-16
7.37343e-05
7.9931e-15
7.37343e-05
1.61593e-14
2.23683e-14
7.49374e-05
1.3999e-14
7.49374e-05
1.47362e-14
7.49374e-05
1.4163e-14
7.49374e-05
1.22448e-14
7.49374e-05
9.14067e-15
7.49374e-05
5.12827e-15
7.49374e-05
5.76065e-16
7.49374e-05
-4.05799e-15
7.49374e-05
-8.23944e-15
7.49374e-05
-1.15657e-14
7.49374e-05
-1.37397e-14
7.49374e-05
-1.46479e-14
7.49374e-05
-1.42199e-14
7.49374e-05
-1.23887e-14
7.49374e-05
-9.32326e-15
7.49374e-05
-5.32929e-15
7.49374e-05
-7.92652e-16
7.49374e-05
3.88417e-15
7.49374e-05
8.43837e-15
1.19941e-14
7.61072e-05
6.50307e-15
7.61072e-05
6.90844e-15
7.61072e-05
6.68585e-15
7.61072e-05
5.82819e-15
7.61072e-05
4.40918e-15
7.61072e-05
2.55718e-15
7.61072e-05
4.43135e-16
7.61072e-05
-1.72328e-15
7.61072e-05
-3.69632e-15
7.61072e-05
-5.28769e-15
7.61072e-05
-6.3572e-15
7.61072e-05
-6.83776e-15
7.61072e-05
-6.68727e-15
7.61072e-05
-5.88192e-15
7.61072e-05
-4.49632e-15
7.61072e-05
-2.66654e-15
7.61072e-05
-5.66618e-16
7.61072e-05
1.6218e-15
7.61072e-05
3.76381e-15
5.4804e-15
7.72514e-05
2.5352e-15
7.72514e-05
2.70833e-15
7.72514e-05
2.62802e-15
7.72514e-05
2.29738e-15
7.72514e-05
1.74782e-15
7.72514e-05
1.03214e-15
7.72514e-05
2.17187e-16
7.72514e-05
-6.21019e-16
7.72514e-05
-1.39509e-15
7.72514e-05
-2.03048e-15
7.72514e-05
-2.46934e-15
7.72514e-05
-2.67897e-15
7.72514e-05
-2.63844e-15
7.72514e-05
-2.33911e-15
7.72514e-05
-1.8067e-15
7.72514e-05
-1.09092e-15
7.72514e-05
-2.58636e-16
7.72514e-05
6.09851e-16
7.72514e-05
1.44002e-15
2.11288e-15
7.83768e-05
8.74232e-16
7.83768e-05
9.34952e-16
7.83768e-05
9.08513e-16
7.83768e-05
7.95587e-16
7.83768e-05
6.06876e-16
7.83768e-05
3.62907e-16
7.83768e-05
8.66334e-17
7.83768e-05
-2.00204e-16
7.83768e-05
-4.70473e-16
7.83768e-05
-6.97023e-16
7.83768e-05
-8.57049e-16
7.83768e-05
-9.35875e-16
7.83768e-05
-9.28553e-16
7.83768e-05
-8.29819e-16
7.83768e-05
-6.44762e-16
7.83768e-05
-3.88913e-16
7.83768e-05
-8.58869e-17
7.83768e-05
2.281e-16
7.83768e-05
5.10253e-16
7.30622e-16
7.9489e-05
8.10464e-16
7.9489e-05
8.77968e-16
7.9489e-05
8.68804e-16
7.9489e-05
7.75631e-16
7.9489e-05
6.04643e-16
7.9489e-05
3.71951e-16
7.9489e-05
9.98843e-17
7.9489e-05
-1.85317e-16
7.9489e-05
-4.50787e-16
7.9489e-05
-6.69658e-16
7.9489e-05
-8.20879e-16
7.9489e-05
-8.92449e-16
7.9489e-05
-8.83672e-16
7.9489e-05
-7.88699e-16
7.9489e-05
-6.13482e-16
7.9489e-05
-3.74087e-16
7.9489e-05
-9.31086e-17
7.9489e-05
2.02445e-16
7.9489e-05
4.78616e-16
6.81844e-16
8.05927e-05
1.71444e-15
8.05927e-05
1.85079e-15
8.05927e-05
1.82737e-15
8.05927e-05
1.62658e-15
8.05927e-05
1.2631e-15
8.05927e-05
7.70768e-16
8.05927e-05
1.96683e-16
8.05927e-05
-4.02154e-16
8.05927e-05
-9.5675e-16
8.05927e-05
-1.41148e-15
8.05927e-05
-1.72365e-15
8.05927e-05
-1.87058e-15
8.05927e-05
-1.85107e-15
8.05927e-05
-1.6503e-15
8.05927e-05
-1.28343e-15
8.05927e-05
-7.8465e-16
8.05927e-05
-1.99808e-16
8.05927e-05
4.1992e-16
8.05927e-05
1.01386e-15
1.45046e-15
8.16917e-05
2.77736e-15
8.16917e-05
2.97716e-15
8.16917e-05
2.92703e-15
8.16917e-05
2.5956e-15
8.16917e-05
2.00606e-15
8.16917e-05
1.21279e-15
8.16917e-05
2.91315e-16
8.16917e-05
-6.66941e-16
8.16917e-05
-1.55171e-15
8.16917e-05
-2.27445e-15
8.16917e-05
-2.76638e-15
8.16917e-05
-2.98918e-15
8.16917e-05
-2.95356e-15
8.16917e-05
-2.63251e-15
8.16917e-05
-2.0479e-15
8.16917e-05
-1.25372e-15
8.16917e-05
-3.21314e-16
8.16917e-05
6.72658e-16
8.16917e-05
1.63975e-15
2.35803e-15
8.2789e-05
3.81438e-15
8.2789e-05
4.0626e-15
8.2789e-05
3.97707e-15
8.2789e-05
3.51196e-15
8.2789e-05
2.69914e-15
8.2789e-05
1.61315e-15
8.2789e-05
3.57078e-16
8.2789e-05
-9.44483e-16
8.2789e-05
-2.14224e-15
8.2789e-05
-3.11697e-15
8.2789e-05
-3.7752e-15
8.2789e-05
-4.06134e-15
8.2789e-05
-4.00238e-15
8.2789e-05
-3.56122e-15
8.2789e-05
-2.76489e-15
8.2789e-05
-1.68613e-15
8.2789e-05
-4.20153e-16
8.2789e-05
9.32802e-16
8.2789e-05
2.2582e-15
3.24875e-15
8.3887e-05
4.6792e-15
8.3887e-05
4.95575e-15
8.3887e-05
4.83077e-15
8.3887e-05
4.24679e-15
8.3887e-05
3.24376e-15
8.3887e-05
1.91337e-15
8.3887e-05
3.81744e-16
8.3887e-05
-1.19904e-15
8.3887e-05
-2.64832e-15
8.3887e-05
-3.82281e-15
8.3887e-05
-4.60951e-15
8.3887e-05
-4.93872e-15
8.3887e-05
-4.85234e-15
8.3887e-05
-4.30634e-15
8.3887e-05
-3.33211e-15
8.3887e-05
-2.01787e-15
8.3887e-05
-4.77991e-16
8.3887e-05
1.16864e-15
8.3887e-05
2.7865e-15
3.99864e-15
8.49879e-05
5.315e-15
8.49879e-05
5.60197e-15
8.49879e-05
5.43819e-15
8.49879e-05
4.75885e-15
8.49879e-05
3.61096e-15
8.49879e-05
2.0996e-15
8.49879e-05
3.68064e-16
8.49879e-05
-1.41136e-15
8.49879e-05
-3.03595e-15
8.49879e-05
-4.34633e-15
8.49879e-05
-5.2165e-15
8.49879e-05
-5.56812e-15
8.49879e-05
-5.45478e-15
8.49879e-05
-4.82739e-15
8.49879e-05
-3.71909e-15
8.49879e-05
-2.23192e-15
8.49879e-05
-4.93736e-16
8.49879e-05
1.36383e-15
8.49879e-05
3.19026e-15
4.55856e-15
8.60935e-05
5.70363e-15
8.60935e-05
5.98335e-15
8.60935e-05
5.79667e-15
8.60935e-05
5.0553e-15
8.60935e-05
3.81145e-15
8.60935e-05
2.18493e-15
8.60935e-05
3.30757e-16
8.60935e-05
-1.56581e-15
8.60935e-05
-3.28939e-15
8.60935e-05
-4.67205e-15
8.60935e-05
-5.58101e-15
8.60935e-05
-5.93458e-15
8.60935e-05
-5.80645e-15
8.60935e-05
-5.13157e-15
8.60935e-05
-3.93578e-15
8.60935e-05
-2.33962e-15
8.60935e-05
-4.79876e-16
8.60935e-05
1.50445e-15
8.60935e-05
3.4541e-15
4.91161e-15
8.72051e-05
5.87144e-15
8.72051e-05
6.12975e-15
8.72051e-05
5.93373e-15
8.72051e-05
5.15634e-15
8.72051e-05
3.86092e-15
8.72051e-05
2.17946e-15
8.72051e-05
2.72696e-16
8.72051e-05
-1.66759e-15
8.72051e-05
-3.42256e-15
8.72051e-05
-4.82209e-15
8.72051e-05
-5.7321e-15
8.72051e-05
-6.0712e-15
8.72051e-05
-5.93581e-15
8.72051e-05
-5.2362e-15
8.72051e-05
-3.99572e-15
8.72051e-05
-2.34949e-15
8.72051e-05
-4.3838e-16
8.72051e-05
1.59612e-15
8.72051e-05
3.59194e-15
5.07884e-15
8.83243e-05
5.87512e-15
8.83243e-05
6.10774e-15
8.83243e-05
5.87776e-15
8.83243e-05
5.0737e-15
8.83243e-05
3.76445e-15
8.83243e-05
2.07963e-15
8.83243e-05
1.79622e-16
8.83243e-05
-1.74294e-15
8.83243e-05
-3.47346e-15
8.83243e-05
-4.84473e-15
8.83243e-05
-5.72605e-15
8.83243e-05
-6.04114e-15
8.83243e-05
-5.87753e-15
8.83243e-05
-5.15162e-15
8.83243e-05
-3.90285e-15
8.83243e-05
-2.25739e-15
8.83243e-05
-3.55009e-16
8.83243e-05
1.66461e-15
8.83243e-05
3.64165e-15
5.10853e-15
8.94522e-05
5.73806e-15
8.94522e-05
5.94059e-15
8.94522e-05
5.66548e-15
8.94522e-05
4.85002e-15
8.94522e-05
3.55896e-15
8.94522e-05
1.91315e-15
8.94522e-05
6.8258e-17
8.94522e-05
-1.78706e-15
8.94522e-05
-3.44801e-15
8.94522e-05
-4.75466e-15
8.94522e-05
-5.58336e-15
8.94522e-05
-5.86543e-15
8.94522e-05
-5.66625e-15
8.94522e-05
-4.92533e-15
8.94522e-05
-3.69721e-15
8.94522e-05
-2.09301e-15
8.94522e-05
-2.47476e-16
8.94522e-05
1.70483e-15
8.94522e-05
3.61063e-15
5.01792e-15
9.05901e-05
5.46586e-15
9.05901e-05
5.63231e-15
9.05901e-05
5.33641e-15
9.05901e-05
4.53439e-15
9.05901e-05
3.29026e-15
9.05901e-05
1.71904e-15
9.05901e-05
-3.13079e-17
9.05901e-05
-1.7802e-15
9.05901e-05
-3.33668e-15
9.05901e-05
-4.55129e-15
9.05901e-05
-5.30953e-15
9.05901e-05
-5.55245e-15
9.05901e-05
-5.33555e-15
9.05901e-05
-4.60739e-15
9.05901e-05
-3.4257e-15
9.05901e-05
-1.89633e-15
9.05901e-05
-1.46538e-16
9.05901e-05
1.69685e-15
9.05901e-05
3.49034e-15
4.8076e-15
9.1739e-05
5.08804e-15
9.1739e-05
5.21855e-15
9.1739e-05
4.9175e-15
9.1739e-05
4.14975e-15
9.1739e-05
2.97806e-15
9.1739e-05
1.51086e-15
9.1739e-05
-1.13798e-16
9.1739e-05
-1.72674e-15
9.1739e-05
-3.15365e-15
9.1739e-05
-4.25777e-15
9.1739e-05
-4.93524e-15
9.1739e-05
-5.13862e-15
9.1739e-05
-4.91394e-15
9.1739e-05
-4.21768e-15
9.1739e-05
-3.10663e-15
9.1739e-05
-1.68055e-15
9.1739e-05
-5.77621e-17
9.1739e-05
1.64445e-15
9.1739e-05
3.29485e-15
4.50044e-15
9.28999e-05
4.63569e-15
9.28999e-05
4.73289e-15
9.28999e-05
4.43558e-15
9.28999e-05
3.71703e-15
9.28999e-05
2.63723e-15
9.28999e-05
1.29619e-15
9.28999e-05
-1.79941e-16
9.28999e-05
-1.6361e-15
9.28999e-05
-2.9165e-15
9.28999e-05
-3.89868e-15
9.28999e-05
-4.49042e-15
9.28999e-05
-4.65493e-15
9.28999e-05
-4.42936e-15
9.28999e-05
-3.7783e-15
9.28999e-05
-2.756e-15
9.28999e-05
-1.45449e-15
9.28999e-05
1.84245e-17
9.28999e-05
1.5565e-15
9.28999e-05
3.04264e-15
4.12262e-15
9.40739e-05
4.131e-15
9.40739e-05
4.19879e-15
9.40739e-05
3.91353e-15
9.40739e-05
3.25645e-15
9.40739e-05
2.2834e-15
9.40739e-05
1.08461e-15
9.40739e-05
-2.27223e-16
9.40739e-05
-1.51306e-15
9.40739e-05
-2.63677e-15
9.40739e-05
-3.49109e-15
9.40739e-05
-3.99605e-15
9.40739e-05
-4.12448e-15
9.40739e-05
-3.90504e-15
9.40739e-05
-3.31011e-15
9.40739e-05
-2.39032e-15
9.40739e-05
-1.2287e-15
9.40739e-05
7.86284e-17
9.40739e-05
1.43748e-15
9.40739e-05
2.74616e-15
3.69287e-15
9.52619e-05
3.59205e-15
9.52619e-05
3.63572e-15
9.52619e-05
3.37016e-15
9.52619e-05
2.78435e-15
9.52619e-05
1.92898e-15
9.52619e-05
8.8338e-16
9.52619e-05
-2.54221e-16
9.52619e-05
-1.36221e-15
9.52619e-05
-2.32447e-15
9.52619e-05
-3.04941e-15
9.52619e-05
-3.46953e-15
9.52619e-05
-3.56604e-15
9.52619e-05
-3.35959e-15
9.52619e-05
-2.82978e-15
9.52619e-05
-2.02266e-15
9.52619e-05
-1.01134e-15
9.52619e-05
1.205e-16
9.52619e-05
1.29148e-15
9.52619e-05
2.41602e-15
3.22671e-15
9.64649e-05
3.03486e-15
9.64649e-05
3.05968e-15
9.64649e-05
2.82083e-15
9.64649e-05
2.31401e-15
9.64649e-05
1.58377e-15
9.64649e-05
6.97816e-16
9.64649e-05
-2.60636e-16
9.64649e-05
-1.18829e-15
9.64649e-05
-1.98891e-15
9.64649e-05
-2.58652e-15
9.64649e-05
-2.92589e-15
9.64649e-05
-2.99566e-15
9.64649e-05
-2.8085e-15
9.64649e-05
-2.35085e-15
9.64649e-05
-1.66333e-15
9.64649e-05
-8.08461e-16
9.64649e-05
1.42989e-16
9.64649e-05
1.12293e-15
9.64649e-05
2.06212e-15
2.73812e-15
9.76839e-05
2.47412e-15
9.76839e-05
2.4848e-15
9.76839e-05
2.27865e-15
9.76839e-05
1.85637e-15
9.76839e-05
1.25544e-15
9.76839e-05
5.31614e-16
9.76839e-05
-2.47173e-16
9.76839e-05
-9.96314e-16
9.76839e-05
-1.63892e-15
9.76839e-05
-2.11421e-15
9.76839e-05
-2.37868e-15
9.76839e-05
-2.42743e-15
9.76839e-05
-2.26522e-15
9.76839e-05
-1.8848e-15
9.76839e-05
-1.32074e-15
9.76839e-05
-6.2452e-16
9.76839e-05
1.46187e-16
9.76839e-05
9.36753e-16
9.76839e-05
1.69409e-15
2.24007e-15
9.89198e-05
1.92284e-15
9.89198e-05
1.92439e-15
9.89198e-05
1.75556e-15
9.89198e-05
1.42078e-15
9.89198e-05
9.50036e-16
9.89198e-05
3.86935e-16
9.89198e-05
-2.15731e-16
9.89198e-05
-7.92036e-16
9.89198e-05
-1.28351e-15
9.89198e-05
-1.64394e-15
9.89198e-05
-1.84089e-15
9.89198e-05
-1.87372e-15
9.89198e-05
-1.74128e-15
9.89198e-05
-1.44125e-15
9.89198e-05
-1.00155e-15
9.89198e-05
-4.62494e-16
9.89198e-05
1.31306e-16
9.89198e-05
7.38514e-16
9.89198e-05
1.32147e-15
1.74467e-15
0.000100174
1.39341e-15
0.000100174
1.39049e-15
0.000100174
1.26223e-15
0.000100174
1.01541e-15
0.000100174
6.72384e-16
0.000100174
2.64839e-16
0.000100174
-1.69092e-16
0.000100174
-5.81807e-16
0.000100174
-9.31983e-16
0.000100174
-1.18705e-15
0.000100174
-1.32481e-15
0.000100174
-1.34615e-15
0.000100174
-1.24703e-15
0.000100174
-1.02839e-15
0.000100174
-7.10987e-16
0.000100174
-3.24038e-16
0.000100174
1.00576e-16
0.000100174
5.3436e-16
0.000100174
9.53968e-16
1.26378e-15
0.000101446
8.98018e-16
0.000101446
8.94321e-16
0.000101446
8.08264e-16
0.000101446
6.47291e-16
0.000101446
4.26261e-16
0.000101446
1.65451e-16
0.000101446
-1.10857e-16
0.000101446
-3.72563e-16
0.000101446
-5.93934e-16
0.000101446
-7.54816e-16
0.000101446
-8.42071e-16
0.000101446
-8.55926e-16
0.000101446
-7.92306e-16
0.000101446
-6.53599e-16
0.000101446
-4.53257e-16
0.000101446
-2.09768e-16
0.000101446
5.71718e-17
0.000101446
3.31193e-16
0.000101446
6.01749e-16
8.09507e-16
0.000102739
4.47701e-16
0.000102739
4.46156e-16
0.000102739
4.02158e-16
0.000102739
3.22316e-16
0.000102739
2.14345e-16
0.000102739
8.79511e-17
0.000102739
-4.54077e-17
0.000102739
-1.71786e-16
0.000102739
-2.79264e-16
0.000102739
-3.58515e-16
0.000102739
-4.03511e-16
0.000102739
-4.13224e-16
0.000102739
-3.85755e-16
0.000102739
-3.23041e-16
0.000102739
-2.31375e-16
0.000102739
-1.19108e-16
0.000102739
5.46068e-18
0.000102739
1.36996e-16
0.000102739
2.74894e-16
3.9315e-16
0.000104052
5.15789e-17
0.000104052
5.4402e-17
0.000104052
5.03576e-17
0.000104052
4.40464e-17
0.000104052
3.65922e-17
0.000104052
2.82967e-17
0.000104052
1.93088e-17
0.000104052
9.86651e-18
0.000104052
3.42991e-19
0.000104052
-8.91675e-18
0.000104052
-1.76214e-17
0.000104052
-2.58909e-17
0.000104052
-3.35257e-17
0.000104052
-4.01956e-17
0.000104052
-4.55475e-17
0.000104052
-4.88567e-17
0.000104052
-4.80554e-17
0.000104052
-3.8675e-17
0.000104052
-1.35965e-17
2.62091e-17
0.000105388
-2.7518e-16
0.000105388
-2.65964e-16
0.000105388
-2.33798e-16
0.000105388
-1.76836e-16
0.000105388
-9.96474e-17
0.000105388
-9.80103e-18
0.000105388
8.33459e-17
0.000105388
1.68689e-16
0.000105388
2.37345e-16
0.000105388
2.82438e-16
0.000105388
3.0028e-16
0.000105388
2.90333e-16
0.000105388
2.50563e-16
0.000105388
1.8401e-16
0.000105388
9.68254e-17
0.000105388
-2.54994e-18
0.000105388
-1.03399e-16
0.000105388
-1.92574e-16
0.000105388
-2.5685e-16
-2.77082e-16
0.000106746
-5.18383e-16
0.000106746
-5.01485e-16
0.000106746
-4.39257e-16
0.000106746
-3.323e-16
0.000106746
-1.897e-16
0.000106746
-2.50594e-17
0.000106746
1.44844e-16
0.000106746
2.99822e-16
0.000106746
4.24004e-16
0.000106746
5.05019e-16
0.000106746
5.36473e-16
0.000106746
5.21818e-16
0.000106746
4.55107e-16
0.000106746
3.41217e-16
0.000106746
1.90924e-16
0.000106746
1.88227e-17
0.000106746
-1.57687e-16
0.000106746
-3.18771e-16
0.000106746
-4.47837e-16
-5.07429e-16
0.000108129
-6.73622e-16
0.000108129
-6.5018e-16
0.000108129
-5.67302e-16
0.000108129
-4.2697e-16
0.000108129
-2.41373e-16
0.000108129
-2.81996e-17
0.000108129
1.90753e-16
0.000108129
3.89411e-16
0.000108129
5.47616e-16
0.000108129
6.49525e-16
0.000108129
6.86619e-16
0.000108129
6.67149e-16
0.000108129
5.82077e-16
0.000108129
4.36287e-16
0.000108129
2.44419e-16
0.000108129
2.54282e-17
0.000108129
-1.98414e-16
0.000108129
-4.03318e-16
0.000108129
-5.72274e-16
-6.57478e-16
0.000109537
-7.40233e-16
0.000109537
-7.13643e-16
0.000109537
-6.19023e-16
0.000109537
-4.61658e-16
0.000109537
-2.55672e-16
0.000109537
-2.06335e-17
0.000109537
2.19161e-16
0.000109537
4.35144e-16
0.000109537
6.05506e-16
0.000109537
7.13065e-16
0.000109537
7.48971e-16
0.000109537
7.27305e-16
0.000109537
6.32857e-16
0.000109537
4.70636e-16
0.000109537
2.59036e-16
0.000109537
1.93054e-17
0.000109537
-2.23473e-16
0.000109537
-4.44407e-16
0.000109537
-6.28341e-16
-7.23772e-16
0.000110972
-7.26192e-16
0.000110972
-6.94618e-16
0.000110972
-5.96405e-16
0.000110972
-4.38228e-16
0.000110972
-2.34216e-16
0.000110972
-3.34233e-18
0.000110972
2.30321e-16
0.000110972
4.3907e-16
0.000110972
6.01754e-16
0.000110972
7.01845e-16
0.000110972
7.32281e-16
0.000110972
7.05993e-16
0.000110972
6.08177e-16
0.000110972
4.45581e-16
0.000110972
2.36398e-16
0.000110972
1.77322e-18
0.000110972
-2.32763e-16
0.000110972
-4.44022e-16
0.000110972
-6.20483e-16
-7.12788e-16
0.000112435
-6.41972e-16
0.000112435
-6.06244e-16
0.000112435
-5.14274e-16
0.000112435
-3.71298e-16
0.000112435
-1.8959e-16
0.000112435
1.43772e-17
0.000112435
2.19051e-16
0.000112435
4.00342e-16
0.000112435
5.39807e-16
0.000112435
6.23288e-16
0.000112435
6.46642e-16
0.000112435
6.15815e-16
0.000112435
5.22968e-16
0.000112435
3.75769e-16
0.000112435
1.89273e-16
0.000112435
-1.7411e-17
0.000112435
-2.2066e-16
0.000112435
-4.01188e-16
0.000112435
-5.52367e-16
-6.32221e-16
0.000113928
-5.05745e-16
0.000113928
-4.72622e-16
0.000113928
-3.9534e-16
0.000113928
-2.79151e-16
0.000113928
-1.3394e-16
0.000113928
2.74081e-17
0.000113928
1.87458e-16
0.000113928
3.27569e-16
0.000113928
4.33386e-16
0.000113928
4.94278e-16
0.000113928
5.09087e-16
0.000113928
4.79579e-16
0.000113928
4.01028e-16
0.000113928
2.80577e-16
0.000113928
1.30931e-16
0.000113928
-3.20754e-17
0.000113928
-1.88659e-16
0.000113928
-3.24832e-16
0.000113928
-4.38927e-16
-4.99937e-16
0.000115452
-3.49578e-16
0.000115452
-3.21935e-16
0.000115452
-2.63818e-16
0.000115452
-1.80065e-16
0.000115452
-7.77102e-17
0.000115452
3.44112e-17
0.000115452
1.43842e-16
0.000115452
2.38052e-16
0.000115452
3.07276e-16
0.000115452
3.44895e-16
0.000115452
3.51677e-16
0.000115452
3.25872e-16
0.000115452
2.66091e-16
0.000115452
1.78373e-16
0.000115452
7.2333e-17
0.000115452
-4.00454e-17
0.000115452
-1.44429e-16
0.000115452
-2.32325e-16
0.000115452
-3.06021e-16
-3.46796e-16
0.000117009
-2.05091e-16
0.000117009
-1.84709e-16
0.000117009
-1.46393e-16
0.000117009
-9.41588e-17
0.000117009
-3.23098e-17
0.000117009
3.39667e-17
0.000117009
9.70778e-17
0.000117009
1.4999e-16
0.000117009
1.87164e-16
0.000117009
2.05558e-16
0.000117009
2.05767e-16
0.000117009
1.85381e-16
0.000117009
1.45226e-16
0.000117009
8.97975e-17
0.000117009
2.55428e-17
0.000117009
-3.92521e-17
0.000117009
-9.64855e-17
0.000117009
-1.42149e-16
0.000117009
-1.80646e-16
-2.04186e-16
0.0001186
-9.6534e-17
0.0001186
-8.39191e-17
0.0001186
-6.25849e-17
0.0001186
-3.55079e-17
0.0001186
-4.8679e-18
0.0001186
2.67351e-17
0.0001186
5.56582e-17
0.0001186
7.87578e-17
0.0001186
9.36649e-17
0.0001186
9.95059e-17
0.0001186
9.58087e-17
0.0001186
8.16862e-17
0.0001186
5.85988e-17
0.0001186
2.94631e-17
0.0001186
-1.70551e-18
0.0001186
-3.04302e-17
0.0001186
-5.36193e-17
0.0001186
-7.0257e-17
0.0001186
-8.44576e-17
-9.59049e-17
0.000120228
-3.34062e-17
0.000120228
-2.76289e-17
0.000120228
-1.81848e-17
0.000120228
-7.09024e-18
0.000120228
4.66203e-18
0.000120228
1.59631e-17
0.000120228
2.55768e-17
0.000120228
3.2481e-17
0.000120228
3.6003e-17
0.000120228
3.5814e-17
0.000120228
3.1489e-17
0.000120228
2.33567e-17
0.000120228
1.26081e-17
0.000120228
1.00723e-18
0.000120228
-9.49884e-18
0.000120228
-1.75843e-17
0.000120228
-2.27018e-17
0.000120228
-2.47967e-17
0.000120228
-2.65174e-17
-3.14483e-17
0.000121893
-8.23243e-18
0.000121893
-6.57537e-18
0.000121893
-3.41167e-18
0.000121893
1.10465e-19
0.000121893
3.48688e-18
0.000121893
6.36308e-18
0.000121893
8.45627e-18
0.000121893
9.55774e-18
0.000121893
9.49827e-18
0.000121893
8.08241e-18
0.000121893
5.41917e-18
0.000121893
1.96637e-18
0.000121893
-1.56174e-18
0.000121893
-4.40231e-18
0.000121893
-6.15355e-18
0.000121893
-6.585e-18
0.000121893
-5.77103e-18
0.000121893
-3.63235e-18
0.000121893
-1.91486e-18
-4.5912e-18
0.000123598
-1.86053e-18
0.000123598
-1.46189e-18
0.000123598
-6.451e-19
0.000123598
2.29283e-19
0.000123598
9.74508e-19
0.000123598
1.53475e-18
0.000123598
1.86675e-18
0.000123598
1.94118e-18
0.000123598
1.69286e-18
0.000123598
1.1174e-18
0.000123598
2.90696e-19
0.000123598
-5.93504e-19
0.000123598
-1.30469e-18
0.000123598
-1.72085e-18
0.000123598
-1.81465e-18
0.000123598
-1.4723e-18
0.000123598
-6.90739e-19
0.000123598
5.05773e-19
0.000123598
1.33742e-18
2.26408e-19
0.000125342
-2.51763e-19
0.000125342
-9.27517e-20
0.000125342
4.49379e-20
0.000125342
1.72528e-19
0.000125342
2.81033e-19
0.000125342
3.67686e-19
0.000125342
4.27777e-19
0.000125342
4.65474e-19
0.000125342
4.82711e-19
0.000125342
4.72271e-19
0.000125342
4.17105e-19
0.000125342
3.09827e-19
0.000125342
1.51084e-19
0.000125342
-4.29486e-20
0.000125342
-2.37817e-19
0.000125342
-3.96431e-19
0.000125342
-5.32398e-19
0.000125342
-6.39408e-19
0.000125342
-7.32572e-19
-6.08297e-19
0.000127129
-3.44057e-18
0.000127129
-1.457e-18
0.000127129
-1.19939e-18
0.000127129
-1.22606e-18
0.000127129
-1.40275e-18
0.000127129
-1.46551e-18
0.000127129
-1.34823e-18
0.000127129
-5.70157e-19
0.000127129
1.44635e-18
0.000127129
4.36827e-18
0.000127129
6.99409e-18
0.000127129
8.44606e-18
0.000127129
8.72515e-18
0.000127129
8.20288e-18
0.000127129
5.75568e-18
0.000127129
1.48153e-18
0.000127129
-3.79703e-18
0.000127129
-7.54477e-18
0.000127129
-1.19026e-17
-1.00912e-17
0.00012896
-2.52846e-18
0.00012896
1.57766e-18
0.00012896
1.8698e-18
0.00012896
1.64742e-18
0.00012896
9.65089e-19
0.00012896
1.54019e-19
0.00012896
-2.94002e-19
0.00012896
2.78452e-19
0.00012896
2.34964e-18
0.00012896
5.6237e-18
0.00012896
8.76685e-18
0.00012896
1.05712e-17
0.00012896
1.08034e-17
0.00012896
9.61796e-18
0.00012896
5.69127e-18
0.00012896
-3.34429e-19
0.00012896
-7.98699e-18
0.00012896
-1.26089e-17
0.00012896
-1.96845e-17
-1.65014e-17
0.000130846
1.24005e-18
0.000130846
3.36162e-18
0.000130846
3.28567e-18
0.000130846
2.97493e-18
0.000130846
2.42395e-18
0.000130846
1.66154e-18
0.000130846
1.10731e-18
0.000130846
9.21792e-19
0.000130846
9.86683e-19
0.000130846
1.34316e-18
0.000130846
1.85453e-18
0.000130846
2.17339e-18
0.000130846
2.06123e-18
0.000130846
1.31806e-18
0.000130846
-2.20892e-19
0.000130846
-1.99704e-18
0.000130846
-4.42054e-18
0.000130846
-5.32803e-18
0.000130846
-8.13425e-18
-6.57964e-18
0.000132754
-8.68122e-20
0.000132754
-4.07952e-20
0.000132754
-8.76218e-21
0.000132754
3.90547e-21
0.000132754
2.99721e-20
0.000132754
7.02581e-20
0.000132754
1.21765e-19
0.000132754
1.6701e-19
0.000132754
1.94281e-19
0.000132754
2.02239e-19
0.000132754
1.8493e-19
0.000132754
1.39821e-19
0.000132754
7.8947e-20
0.000132754
2.18784e-20
0.000132754
-2.85612e-20
0.000132754
-9.08638e-20
0.000132754
-1.66914e-19
0.000132754
-2.14107e-19
0.000132754
-2.87316e-19
-2.60357e-19
0.000134649
-8.73542e-20
0.000134649
-3.43551e-20
0.000134649
2.26479e-20
0.000134649
6.59601e-20
0.000134649
8.75048e-20
0.000134649
9.93587e-20
0.000134649
1.03841e-19
0.000134649
1.02719e-19
0.000134649
9.62454e-20
0.000134649
8.40941e-20
0.000134649
6.77235e-20
0.000134649
4.73074e-20
0.000134649
2.32393e-20
0.000134649
-5.72988e-21
0.000134649
-4.03762e-20
0.000134649
-7.68668e-20
0.000134649
-1.11293e-19
0.000134649
-1.25138e-19
0.000134649
-1.28864e-19
-1.20188e-19
0.000136567
5.19892e-21
0.000136567
6.86727e-21
0.000136567
8.44056e-21
0.000136567
8.8294e-21
0.000136567
8.77967e-21
0.000136567
8.33302e-21
0.000136567
7.94812e-21
0.000136567
7.11827e-21
0.000136567
6.20397e-21
0.000136567
5.30277e-21
0.000136567
4.06993e-21
0.000136567
2.44665e-21
0.000136567
1.20193e-21
0.000136567
1.07718e-22
0.000136567
-4.18138e-22
0.000136567
-7.91058e-22
0.000136567
-5.93601e-22
0.000136567
1.09054e-24
0.000136567
1.49721e-21
3.05129e-21
0.000138512
0.000138512
0.000138512
0.000138512
0.000138512
0.000138512
0.000138512
0.000138512
0.000138512
0.000138512
0.000138512
0.000138512
0.000138512
0.000138512
0.000138512
0.000138512
0.000138512
0.000138512
0.000138512
)
;

boundaryField
{
    freeStream
    {
        type            symmetry;
        value           uniform 0;
    }
    bottomWall
    {
        type            calculated;
        value           uniform 0;
    }
    left
    {
        type            cyclic;
        value           nonuniform List<scalar> 
162
(
-1.01611e-09
-2.54962e-09
-3.82218e-09
-4.92799e-09
-5.91478e-09
-6.81075e-09
-7.63427e-09
-8.39812e-09
-9.11166e-09
-9.78197e-09
-1.04146e-08
-1.1014e-08
-1.87778e-08
-2.14527e-08
-2.43737e-08
-2.75625e-08
-3.10425e-08
-3.48387e-08
-3.89777e-08
-4.34881e-08
-4.84009e-08
-5.37491e-08
-5.95681e-08
-6.58962e-08
-7.27745e-08
-8.02471e-08
-8.83616e-08
-9.71691e-08
-1.06724e-07
-1.17087e-07
-1.2832e-07
-1.40492e-07
-1.53677e-07
-1.67954e-07
-1.83407e-07
-2.00129e-07
-2.18218e-07
-2.37778e-07
-2.58926e-07
-2.81781e-07
-3.06476e-07
-3.33153e-07
-3.61961e-07
-3.93066e-07
-4.26642e-07
-4.62878e-07
-5.01975e-07
-5.44151e-07
-5.89641e-07
-6.38693e-07
-6.9158e-07
-7.48589e-07
-8.10031e-07
-8.76242e-07
-9.47578e-07
-1.02443e-06
-1.1072e-06
-1.19635e-06
-1.29234e-06
-1.39569e-06
-1.50695e-06
-1.62671e-06
-1.7556e-06
-1.89431e-06
-2.04357e-06
-2.20415e-06
-2.37692e-06
-2.56276e-06
-2.76265e-06
-2.97764e-06
-3.20884e-06
-3.45746e-06
-3.72478e-06
-4.01219e-06
-4.32118e-06
-4.65335e-06
-5.01039e-06
-5.39416e-06
-5.80663e-06
-6.24991e-06
-6.72626e-06
-7.23814e-06
-7.78814e-06
-8.37906e-06
-9.01392e-06
-9.69591e-06
-1.04285e-05
-1.12154e-05
-1.20604e-05
-1.2968e-05
-1.39425e-05
-1.49887e-05
-1.61119e-05
-1.73174e-05
-1.86111e-05
-1.99992e-05
-2.14882e-05
-2.3085e-05
-2.47969e-05
-2.66316e-05
-2.85969e-05
-3.07012e-05
-3.29531e-05
-3.53614e-05
-3.79348e-05
-4.06825e-05
-4.36132e-05
-4.67356e-05
-5.0058e-05
-5.3588e-05
-5.73329e-05
-6.12991e-05
-7.11967e-05
-7.24899e-05
-7.37343e-05
-7.49374e-05
-7.61072e-05
-7.72514e-05
-7.83768e-05
-7.9489e-05
-8.05927e-05
-8.16917e-05
-8.2789e-05
-8.3887e-05
-8.49879e-05
-8.60935e-05
-8.72051e-05
-8.83243e-05
-8.94522e-05
-9.05901e-05
-9.1739e-05
-9.28999e-05
-9.40739e-05
-9.52619e-05
-9.64649e-05
-9.76839e-05
-9.89198e-05
-0.000100174
-0.000101446
-0.000102739
-0.000104052
-0.000105388
-0.000106746
-0.000108129
-0.000109537
-0.000110972
-0.000112435
-0.000113928
-0.000115452
-0.000117009
-0.0001186
-0.000120228
-0.000121893
-0.000123598
-0.000125342
-0.000127129
-0.00012896
-0.000130846
-0.000132754
-0.000134649
-0.000136567
-0.000138512
)
;
    }
    right
    {
        type            cyclic;
        value           nonuniform List<scalar> 
162
(
1.01611e-09
2.54962e-09
3.82218e-09
4.92799e-09
5.91478e-09
6.81075e-09
7.63427e-09
8.39812e-09
9.11166e-09
9.78197e-09
1.04146e-08
1.1014e-08
1.87778e-08
2.14527e-08
2.43737e-08
2.75625e-08
3.10425e-08
3.48387e-08
3.89777e-08
4.34881e-08
4.84009e-08
5.37491e-08
5.95681e-08
6.58962e-08
7.27745e-08
8.02471e-08
8.83616e-08
9.71691e-08
1.06724e-07
1.17087e-07
1.2832e-07
1.40492e-07
1.53677e-07
1.67954e-07
1.83407e-07
2.00129e-07
2.18218e-07
2.37778e-07
2.58926e-07
2.81781e-07
3.06476e-07
3.33153e-07
3.61961e-07
3.93066e-07
4.26642e-07
4.62878e-07
5.01975e-07
5.44151e-07
5.89641e-07
6.38693e-07
6.9158e-07
7.48589e-07
8.10031e-07
8.76242e-07
9.47578e-07
1.02443e-06
1.1072e-06
1.19635e-06
1.29234e-06
1.39569e-06
1.50695e-06
1.62671e-06
1.7556e-06
1.89431e-06
2.04357e-06
2.20415e-06
2.37692e-06
2.56276e-06
2.76265e-06
2.97764e-06
3.20884e-06
3.45746e-06
3.72478e-06
4.01219e-06
4.32118e-06
4.65335e-06
5.01039e-06
5.39416e-06
5.80663e-06
6.24991e-06
6.72626e-06
7.23814e-06
7.78814e-06
8.37906e-06
9.01392e-06
9.69591e-06
1.04285e-05
1.12154e-05
1.20604e-05
1.2968e-05
1.39425e-05
1.49887e-05
1.61119e-05
1.73174e-05
1.86111e-05
1.99992e-05
2.14882e-05
2.3085e-05
2.47969e-05
2.66316e-05
2.85969e-05
3.07012e-05
3.29531e-05
3.53614e-05
3.79348e-05
4.06825e-05
4.36132e-05
4.67356e-05
5.0058e-05
5.3588e-05
5.73329e-05
6.12991e-05
7.11967e-05
7.24899e-05
7.37343e-05
7.49374e-05
7.61072e-05
7.72514e-05
7.83768e-05
7.9489e-05
8.05927e-05
8.16917e-05
8.2789e-05
8.3887e-05
8.49879e-05
8.60935e-05
8.72051e-05
8.83243e-05
8.94522e-05
9.05901e-05
9.1739e-05
9.28999e-05
9.40739e-05
9.52619e-05
9.64649e-05
9.76839e-05
9.89198e-05
0.000100174
0.000101446
0.000102739
0.000104052
0.000105388
0.000106746
0.000108129
0.000109537
0.000110972
0.000112435
0.000113928
0.000115452
0.000117009
0.0001186
0.000120228
0.000121893
0.000123598
0.000125342
0.000127129
0.00012896
0.000130846
0.000132754
0.000134649
0.000136567
0.000138512
)
;
    }
    frontAndBack
    {
        type            empty;
        value           nonuniform 0();
    }
}


// ************************************************************************* //
