/*--------------------------------*- C++ -*----------------------------------*\
  =========                 |
  \\      /  F ield         | OpenFOAM: The Open Source CFD Toolbox
   \\    /   O peration     | Website:  https://openfoam.org
    \\  /    A nd           | Version:  6
     \\/     M anipulation  |
\*---------------------------------------------------------------------------*/
FoamFile
{
    version     2.0;
    format      ascii;
    class       vectorField;
    location    "constant/polyMesh";
    object      points;
}
// * * * * * * * * * * * * * * * * * * * * * * * * * * * * * * * * * * * * * //


804
(
(0 0 0)
(0.17 0 0)
(0 2.962527797e-05 0)
(0.17 2.962527797e-05 0)
(0 6.017414867e-05 0)
(0.17 6.017414867e-05 0)
(0 9.167540585e-05 0)
(0.17 9.167540585e-05 0)
(0 0.000124158741 0)
(0.17 0.000124158741 0)
(0 0.0001576547711 0)
(0.17 0.0001576547711 0)
(0 0.0001921950679 0)
(0.17 0.0001921950679 0)
(0 0.0002278121872 0)
(0.17 0.0002278121872 0)
(0 0.0002645396999 0)
(0.17 0.0002645396999 0)
(0 0.0003024122234 0)
(0.17 0.0003024122234 0)
(0 0.0003414654544 0)
(0.17 0.0003414654544 0)
(0 0.0003817362023 0)
(0.17 0.0003817362023 0)
(0 0.0004232624244 0)
(0.17 0.0004232624244 0)
(0 0.0004660832611 0)
(0.17 0.0004660832611 0)
(0 0.000510239073 0)
(0.17 0.000510239073 0)
(0 0.0005557714791 0)
(0.17 0.0005557714791 0)
(0 0.0006027233959 0)
(0.17 0.0006027233959 0)
(0 0.0006511390778 0)
(0.17 0.0006511390778 0)
(0 0.000701064159 0)
(0.17 0.000701064159 0)
(0 0.0007525456961 0)
(0.17 0.0007525456961 0)
(0 0.0008056322131 0)
(0.17 0.0008056322131 0)
(0 0.0008603737464 0)
(0.17 0.0008603737464 0)
(0 0.0009168218926 0)
(0.17 0.0009168218926 0)
(0 0.0009750298569 0)
(0.17 0.0009750298569 0)
(0 0.001035052503 0)
(0.17 0.001035052503 0)
(0 0.001096946405 0)
(0.17 0.001096946405 0)
(0 0.001160769901 0)
(0.17 0.001160769901 0)
(0 0.001226583147 0)
(0.17 0.001226583147 0)
(0 0.001294448177 0)
(0.17 0.001294448177 0)
(0 0.001364428955 0)
(0.17 0.001364428955 0)
(0 0.001436591442 0)
(0.17 0.001436591442 0)
(0 0.001511003655 0)
(0.17 0.001511003655 0)
(0 0.001587735731 0)
(0.17 0.001587735731 0)
(0 0.001666859993 0)
(0.17 0.001666859993 0)
(0 0.00174845102 0)
(0.17 0.00174845102 0)
(0 0.001832585715 0)
(0.17 0.001832585715 0)
(0 0.001919343379 0)
(0.17 0.001919343379 0)
(0 0.002008805786 0)
(0.17 0.002008805786 0)
(0 0.002101057257 0)
(0.17 0.002101057257 0)
(0 0.002196184745 0)
(0.17 0.002196184745 0)
(0 0.002294277912 0)
(0.17 0.002294277912 0)
(0 0.002395429215 0)
(0.17 0.002395429215 0)
(0 0.002499733995 0)
(0.17 0.002499733995 0)
(0 0.002607290562 0)
(0.17 0.002607290562 0)
(0 0.002718200296 0)
(0.17 0.002718200296 0)
(0 0.002832567732 0)
(0.17 0.002832567732 0)
(0 0.002950500669 0)
(0.17 0.002950500669 0)
(0 0.003072110263 0)
(0.17 0.003072110263 0)
(0 0.003197511137 0)
(0.17 0.003197511137 0)
(0 0.003326821489 0)
(0.17 0.003326821489 0)
(0 0.003460163198 0)
(0.17 0.003460163198 0)
(0 0.003597661946 0)
(0.17 0.003597661946 0)
(0 0.003739447332 0)
(0.17 0.003739447332 0)
(0 0.003885652996 0)
(0.17 0.003885652996 0)
(0 0.004036416743 0)
(0.17 0.004036416743 0)
(0 0.004191880675 0)
(0.17 0.004191880675 0)
(0 0.004352191325 0)
(0.17 0.004352191325 0)
(0 0.004517499793 0)
(0.17 0.004517499793 0)
(0 0.004687961891 0)
(0.17 0.004687961891 0)
(0 0.004863738286 0)
(0.17 0.004863738286 0)
(0 0.005044994656 0)
(0.17 0.005044994656 0)
(0 0.005231901845 0)
(0.17 0.005231901845 0)
(0 0.005424636022 0)
(0.17 0.005424636022 0)
(0 0.005623378847 0)
(0.17 0.005623378847 0)
(0 0.005828317645 0)
(0.17 0.005828317645 0)
(0 0.00603964558 0)
(0.17 0.00603964558 0)
(0 0.006257561841 0)
(0.17 0.006257561841 0)
(0 0.006482271822 0)
(0.17 0.006482271822 0)
(0 0.006713987324 0)
(0.17 0.006713987324 0)
(0 0.006952926749 0)
(0.17 0.006952926749 0)
(0 0.007199315311 0)
(0.17 0.007199315311 0)
(0 0.007453385241 0)
(0.17 0.007453385241 0)
(0 0.007715376013 0)
(0.17 0.007715376013 0)
(0 0.007985534565 0)
(0.17 0.007985534565 0)
(0 0.008264115535 0)
(0.17 0.008264115535 0)
(0 0.008551381499 0)
(0.17 0.008551381499 0)
(0 0.008847603219 0)
(0.17 0.008847603219 0)
(0 0.009153059898 0)
(0.17 0.009153059898 0)
(0 0.009468039443 0)
(0.17 0.009468039443 0)
(0 0.009792838738 0)
(0.17 0.009792838738 0)
(0 0.01012776392 0)
(0.17 0.01012776392 0)
(0 0.01047313068 0)
(0.17 0.01047313068 0)
(0 0.01082926453 0)
(0.17 0.01082926453 0)
(0 0.01119650115 0)
(0.17 0.01119650115 0)
(0 0.01157518668 0)
(0.17 0.01157518668 0)
(0 0.01196567804 0)
(0.17 0.01196567804 0)
(0 0.0123683433 0)
(0.17 0.0123683433 0)
(0 0.01278356198 0)
(0.17 0.01278356198 0)
(0 0.01321172546 0)
(0.17 0.01321172546 0)
(0 0.01365323728 0)
(0.17 0.01365323728 0)
(0 0.0141085136 0)
(0.17 0.0141085136 0)
(0 0.01457798355 0)
(0.17 0.01457798355 0)
(0 0.01506208961 0)
(0.17 0.01506208961 0)
(0 0.01556128807 0)
(0.17 0.01556128807 0)
(0 0.01607604947 0)
(0.17 0.01607604947 0)
(0 0.01660685898 0)
(0.17 0.01660685898 0)
(0 0.01715421692 0)
(0.17 0.01715421692 0)
(0 0.0177186392 0)
(0.17 0.0177186392 0)
(0 0.01830065782 0)
(0.17 0.01830065782 0)
(0 0.01890082135 0)
(0.17 0.01890082135 0)
(0 0.01951969548 0)
(0.17 0.01951969548 0)
(0 0.02015786352 0)
(0.17 0.02015786352 0)
(0 0.02081592699 0)
(0.17 0.02081592699 0)
(0 0.02149450613 0)
(0.17 0.02149450613 0)
(0 0.02219424054 0)
(0.17 0.02219424054 0)
(0 0.02291578976 0)
(0.17 0.02291578976 0)
(0 0.02365983387 0)
(0.17 0.02365983387 0)
(0 0.02442707418 0)
(0.17 0.02442707418 0)
(0 0.02521823385 0)
(0.17 0.02521823385 0)
(0 0.02603405857 0)
(0.17 0.02603405857 0)
(0 0.02687531731 0)
(0.17 0.02687531731 0)
(0 0.027742803 0)
(0.17 0.027742803 0)
(0 0.02863733327 0)
(0.17 0.02863733327 0)
(0 0.02955975127 0)
(0.17 0.02955975127 0)
(0 0.03051092641 0)
(0.17 0.03051092641 0)
(0 0.03149175524 0)
(0.17 0.03149175524 0)
(0 0.03250316222 0)
(0.17 0.03250316222 0)
(0 0.03354610066 0)
(0.17 0.03354610066 0)
(0 0.03462155357 0)
(0.17 0.03462155357 0)
(0 0.03573053462 0)
(0.17 0.03573053462 0)
(0 0.03687408908 0)
(0.17 0.03687408908 0)
(0 0.0380532948 0)
(0.17 0.0380532948 0)
(0 0.03926926324 0)
(0.17 0.03926926324 0)
(0 0.04052314052 0)
(0.17 0.04052314052 0)
(0 0.04181610846 0)
(0.17 0.04181610846 0)
(0 0.04314938575 0)
(0.17 0.04314938575 0)
(0 0.04452422907 0)
(0.17 0.04452422907 0)
(0 0.04594193428 0)
(0.17 0.04594193428 0)
(0 0.04740383763 0)
(0.17 0.04740383763 0)
(0 0.04891131704 0)
(0.17 0.04891131704 0)
(0 0.05046579337 0)
(0.17 0.05046579337 0)
(0 0.0520687318 0)
(0.17 0.0520687318 0)
(0 0.05372164316 0)
(0.17 0.05372164316 0)
(0 0.05542608542 0)
(0.17 0.05542608542 0)
(0 0.05718366508 0)
(0.17 0.05718366508 0)
(0 0.05899603875 0)
(0.17 0.05899603875 0)
(0 0.06086491468 0)
(0.17 0.06086491468 0)
(0 0.06279205438 0)
(0.17 0.06279205438 0)
(0 0.06477927426 0)
(0.17 0.06477927426 0)
(0 0.06682844738 0)
(0.17 0.06682844738 0)
(0 0.06894150517 0)
(0.17 0.06894150517 0)
(0 0.07112043931 0)
(0.17 0.07112043931 0)
(0 0.07336730352 0)
(0.17 0.07336730352 0)
(0 0.07568421561 0)
(0.17 0.07568421561 0)
(0 0.07807335935 0)
(0.17 0.07807335935 0)
(0 0.08053698665 0)
(0.17 0.08053698665 0)
(0 0.08307741957 0)
(0.17 0.08307741957 0)
(0 0.08569705261 0)
(0.17 0.08569705261 0)
(0 0.0883983549 0)
(0.17 0.0883983549 0)
(0 0.09118387253 0)
(0.17 0.09118387253 0)
(0 0.09405623099 0)
(0.17 0.09405623099 0)
(0 0.09701813762 0)
(0.17 0.09701813762 0)
(0 0.1000723842 0)
(0.17 0.1000723842 0)
(0 0.1032218494 0)
(0.17 0.1032218494 0)
(0 0.1064695018 0)
(0.17 0.1064695018 0)
(0 0.1098184025 0)
(0.17 0.1098184025 0)
(0 0.1132717079 0)
(0.17 0.1132717079 0)
(0 0.1168326731 0)
(0.17 0.1168326731 0)
(0 0.1205046543 0)
(0.17 0.1205046543 0)
(0 0.1242911125 0)
(0.17 0.1242911125 0)
(0 0.1281956168 0)
(0.17 0.1281956168 0)
(0 0.1322218472 0)
(0.17 0.1322218472 0)
(0 0.1363735987 0)
(0.17 0.1363735987 0)
(0 0.1406547845 0)
(0.17 0.1406547845 0)
(0 0.1450694399 0)
(0.17 0.1450694399 0)
(0 0.1496217258 0)
(0.17 0.1496217258 0)
(0 0.154315933 0)
(0.17 0.154315933 0)
(0 0.159156486 0)
(0.17 0.159156486 0)
(0 0.1641479474 0)
(0.17 0.1641479474 0)
(0 0.1692950216 0)
(0.17 0.1692950216 0)
(0 0.1746025602 0)
(0.17 0.1746025602 0)
(0 0.1800755658 0)
(0.17 0.1800755658 0)
(0 0.1857191968 0)
(0.17 0.1857191968 0)
(0 0.1915387728 0)
(0.17 0.1915387728 0)
(0 0.1975397789 0)
(0.17 0.1975397789 0)
(0 0.2037278713 0)
(0.17 0.2037278713 0)
(0 0.2101088827 0)
(0.17 0.2101088827 0)
(0 0.2166888274 0)
(0.17 0.2166888274 0)
(0 0.2234739074 0)
(0.17 0.2234739074 0)
(0 0.2304705179 0)
(0.17 0.2304705179 0)
(0 0.2376852536 0)
(0.17 0.2376852536 0)
(0 0.2451249146 0)
(0.17 0.2451249146 0)
(0 0.2527965133 0)
(0.17 0.2527965133 0)
(0 0.2607072805 0)
(0.17 0.2607072805 0)
(0 0.2688646724 0)
(0.17 0.2688646724 0)
(0 0.2772763778 0)
(0.17 0.2772763778 0)
(0 0.2859503251 0)
(0.17 0.2859503251 0)
(0 0.29489469 0)
(0.17 0.29489469 0)
(0 0.3041179029 0)
(0.17 0.3041179029 0)
(0 0.3136286571 0)
(0.17 0.3136286571 0)
(0 0.3234359171 0)
(0.17 0.3234359171 0)
(0 0.3335489265 0)
(0.17 0.3335489265 0)
(0 0.3439772174 0)
(0.17 0.3439772174 0)
(0 0.354730619 0)
(0.17 0.354730619 0)
(0 0.3658192668 0)
(0.17 0.3658192668 0)
(0 0.3772536125 0)
(0.17 0.3772536125 0)
(0 0.3890444334 0)
(0.17 0.3890444334 0)
(0 0.401202843 0)
(0.17 0.401202843 0)
(0 0.4137403011 0)
(0.17 0.4137403011 0)
(0 0.4266686249 0)
(0.17 0.4266686249 0)
(0 0.44 0)
(0.17 0.44 0)
(0 0 0.0001)
(0.17 0 0.0001)
(0 2.962527797e-05 0.0001)
(0.17 2.962527797e-05 0.0001)
(0 6.017414867e-05 0.0001)
(0.17 6.017414867e-05 0.0001)
(0 9.167540585e-05 0.0001)
(0.17 9.167540585e-05 0.0001)
(0 0.000124158741 0.0001)
(0.17 0.000124158741 0.0001)
(0 0.0001576547711 0.0001)
(0.17 0.0001576547711 0.0001)
(0 0.0001921950679 0.0001)
(0.17 0.0001921950679 0.0001)
(0 0.0002278121872 0.0001)
(0.17 0.0002278121872 0.0001)
(0 0.0002645396999 0.0001)
(0.17 0.0002645396999 0.0001)
(0 0.0003024122234 0.0001)
(0.17 0.0003024122234 0.0001)
(0 0.0003414654544 0.0001)
(0.17 0.0003414654544 0.0001)
(0 0.0003817362023 0.0001)
(0.17 0.0003817362023 0.0001)
(0 0.0004232624244 0.0001)
(0.17 0.0004232624244 0.0001)
(0 0.0004660832611 0.0001)
(0.17 0.0004660832611 0.0001)
(0 0.000510239073 0.0001)
(0.17 0.000510239073 0.0001)
(0 0.0005557714791 0.0001)
(0.17 0.0005557714791 0.0001)
(0 0.0006027233959 0.0001)
(0.17 0.0006027233959 0.0001)
(0 0.0006511390778 0.0001)
(0.17 0.0006511390778 0.0001)
(0 0.000701064159 0.0001)
(0.17 0.000701064159 0.0001)
(0 0.0007525456961 0.0001)
(0.17 0.0007525456961 0.0001)
(0 0.0008056322131 0.0001)
(0.17 0.0008056322131 0.0001)
(0 0.0008603737464 0.0001)
(0.17 0.0008603737464 0.0001)
(0 0.0009168218926 0.0001)
(0.17 0.0009168218926 0.0001)
(0 0.0009750298569 0.0001)
(0.17 0.0009750298569 0.0001)
(0 0.001035052503 0.0001)
(0.17 0.001035052503 0.0001)
(0 0.001096946405 0.0001)
(0.17 0.001096946405 0.0001)
(0 0.001160769901 0.0001)
(0.17 0.001160769901 0.0001)
(0 0.001226583147 0.0001)
(0.17 0.001226583147 0.0001)
(0 0.001294448177 0.0001)
(0.17 0.001294448177 0.0001)
(0 0.001364428955 0.0001)
(0.17 0.001364428955 0.0001)
(0 0.001436591442 0.0001)
(0.17 0.001436591442 0.0001)
(0 0.001511003655 0.0001)
(0.17 0.001511003655 0.0001)
(0 0.001587735731 0.0001)
(0.17 0.001587735731 0.0001)
(0 0.001666859993 0.0001)
(0.17 0.001666859993 0.0001)
(0 0.00174845102 0.0001)
(0.17 0.00174845102 0.0001)
(0 0.001832585715 0.0001)
(0.17 0.001832585715 0.0001)
(0 0.001919343379 0.0001)
(0.17 0.001919343379 0.0001)
(0 0.002008805786 0.0001)
(0.17 0.002008805786 0.0001)
(0 0.002101057257 0.0001)
(0.17 0.002101057257 0.0001)
(0 0.002196184745 0.0001)
(0.17 0.002196184745 0.0001)
(0 0.002294277912 0.0001)
(0.17 0.002294277912 0.0001)
(0 0.002395429215 0.0001)
(0.17 0.002395429215 0.0001)
(0 0.002499733995 0.0001)
(0.17 0.002499733995 0.0001)
(0 0.002607290562 0.0001)
(0.17 0.002607290562 0.0001)
(0 0.002718200296 0.0001)
(0.17 0.002718200296 0.0001)
(0 0.002832567732 0.0001)
(0.17 0.002832567732 0.0001)
(0 0.002950500669 0.0001)
(0.17 0.002950500669 0.0001)
(0 0.003072110263 0.0001)
(0.17 0.003072110263 0.0001)
(0 0.003197511137 0.0001)
(0.17 0.003197511137 0.0001)
(0 0.003326821489 0.0001)
(0.17 0.003326821489 0.0001)
(0 0.003460163198 0.0001)
(0.17 0.003460163198 0.0001)
(0 0.003597661946 0.0001)
(0.17 0.003597661946 0.0001)
(0 0.003739447332 0.0001)
(0.17 0.003739447332 0.0001)
(0 0.003885652996 0.0001)
(0.17 0.003885652996 0.0001)
(0 0.004036416743 0.0001)
(0.17 0.004036416743 0.0001)
(0 0.004191880675 0.0001)
(0.17 0.004191880675 0.0001)
(0 0.004352191325 0.0001)
(0.17 0.004352191325 0.0001)
(0 0.004517499793 0.0001)
(0.17 0.004517499793 0.0001)
(0 0.004687961891 0.0001)
(0.17 0.004687961891 0.0001)
(0 0.004863738286 0.0001)
(0.17 0.004863738286 0.0001)
(0 0.005044994656 0.0001)
(0.17 0.005044994656 0.0001)
(0 0.005231901845 0.0001)
(0.17 0.005231901845 0.0001)
(0 0.005424636022 0.0001)
(0.17 0.005424636022 0.0001)
(0 0.005623378847 0.0001)
(0.17 0.005623378847 0.0001)
(0 0.005828317645 0.0001)
(0.17 0.005828317645 0.0001)
(0 0.00603964558 0.0001)
(0.17 0.00603964558 0.0001)
(0 0.006257561841 0.0001)
(0.17 0.006257561841 0.0001)
(0 0.006482271822 0.0001)
(0.17 0.006482271822 0.0001)
(0 0.006713987324 0.0001)
(0.17 0.006713987324 0.0001)
(0 0.006952926749 0.0001)
(0.17 0.006952926749 0.0001)
(0 0.007199315311 0.0001)
(0.17 0.007199315311 0.0001)
(0 0.007453385241 0.0001)
(0.17 0.007453385241 0.0001)
(0 0.007715376013 0.0001)
(0.17 0.007715376013 0.0001)
(0 0.007985534565 0.0001)
(0.17 0.007985534565 0.0001)
(0 0.008264115535 0.0001)
(0.17 0.008264115535 0.0001)
(0 0.008551381499 0.0001)
(0.17 0.008551381499 0.0001)
(0 0.008847603219 0.0001)
(0.17 0.008847603219 0.0001)
(0 0.009153059898 0.0001)
(0.17 0.009153059898 0.0001)
(0 0.009468039443 0.0001)
(0.17 0.009468039443 0.0001)
(0 0.009792838738 0.0001)
(0.17 0.009792838738 0.0001)
(0 0.01012776392 0.0001)
(0.17 0.01012776392 0.0001)
(0 0.01047313068 0.0001)
(0.17 0.01047313068 0.0001)
(0 0.01082926453 0.0001)
(0.17 0.01082926453 0.0001)
(0 0.01119650115 0.0001)
(0.17 0.01119650115 0.0001)
(0 0.01157518668 0.0001)
(0.17 0.01157518668 0.0001)
(0 0.01196567804 0.0001)
(0.17 0.01196567804 0.0001)
(0 0.0123683433 0.0001)
(0.17 0.0123683433 0.0001)
(0 0.01278356198 0.0001)
(0.17 0.01278356198 0.0001)
(0 0.01321172546 0.0001)
(0.17 0.01321172546 0.0001)
(0 0.01365323728 0.0001)
(0.17 0.01365323728 0.0001)
(0 0.0141085136 0.0001)
(0.17 0.0141085136 0.0001)
(0 0.01457798355 0.0001)
(0.17 0.01457798355 0.0001)
(0 0.01506208961 0.0001)
(0.17 0.01506208961 0.0001)
(0 0.01556128807 0.0001)
(0.17 0.01556128807 0.0001)
(0 0.01607604947 0.0001)
(0.17 0.01607604947 0.0001)
(0 0.01660685898 0.0001)
(0.17 0.01660685898 0.0001)
(0 0.01715421692 0.0001)
(0.17 0.01715421692 0.0001)
(0 0.0177186392 0.0001)
(0.17 0.0177186392 0.0001)
(0 0.01830065782 0.0001)
(0.17 0.01830065782 0.0001)
(0 0.01890082135 0.0001)
(0.17 0.01890082135 0.0001)
(0 0.01951969548 0.0001)
(0.17 0.01951969548 0.0001)
(0 0.02015786352 0.0001)
(0.17 0.02015786352 0.0001)
(0 0.02081592699 0.0001)
(0.17 0.02081592699 0.0001)
(0 0.02149450613 0.0001)
(0.17 0.02149450613 0.0001)
(0 0.02219424054 0.0001)
(0.17 0.02219424054 0.0001)
(0 0.02291578976 0.0001)
(0.17 0.02291578976 0.0001)
(0 0.02365983387 0.0001)
(0.17 0.02365983387 0.0001)
(0 0.02442707418 0.0001)
(0.17 0.02442707418 0.0001)
(0 0.02521823385 0.0001)
(0.17 0.02521823385 0.0001)
(0 0.02603405857 0.0001)
(0.17 0.02603405857 0.0001)
(0 0.02687531731 0.0001)
(0.17 0.02687531731 0.0001)
(0 0.027742803 0.0001)
(0.17 0.027742803 0.0001)
(0 0.02863733327 0.0001)
(0.17 0.02863733327 0.0001)
(0 0.02955975127 0.0001)
(0.17 0.02955975127 0.0001)
(0 0.03051092641 0.0001)
(0.17 0.03051092641 0.0001)
(0 0.03149175524 0.0001)
(0.17 0.03149175524 0.0001)
(0 0.03250316222 0.0001)
(0.17 0.03250316222 0.0001)
(0 0.03354610066 0.0001)
(0.17 0.03354610066 0.0001)
(0 0.03462155357 0.0001)
(0.17 0.03462155357 0.0001)
(0 0.03573053462 0.0001)
(0.17 0.03573053462 0.0001)
(0 0.03687408908 0.0001)
(0.17 0.03687408908 0.0001)
(0 0.0380532948 0.0001)
(0.17 0.0380532948 0.0001)
(0 0.03926926324 0.0001)
(0.17 0.03926926324 0.0001)
(0 0.04052314052 0.0001)
(0.17 0.04052314052 0.0001)
(0 0.04181610846 0.0001)
(0.17 0.04181610846 0.0001)
(0 0.04314938575 0.0001)
(0.17 0.04314938575 0.0001)
(0 0.04452422907 0.0001)
(0.17 0.04452422907 0.0001)
(0 0.04594193428 0.0001)
(0.17 0.04594193428 0.0001)
(0 0.04740383763 0.0001)
(0.17 0.04740383763 0.0001)
(0 0.04891131704 0.0001)
(0.17 0.04891131704 0.0001)
(0 0.05046579337 0.0001)
(0.17 0.05046579337 0.0001)
(0 0.0520687318 0.0001)
(0.17 0.0520687318 0.0001)
(0 0.05372164316 0.0001)
(0.17 0.05372164316 0.0001)
(0 0.05542608542 0.0001)
(0.17 0.05542608542 0.0001)
(0 0.05718366508 0.0001)
(0.17 0.05718366508 0.0001)
(0 0.05899603875 0.0001)
(0.17 0.05899603875 0.0001)
(0 0.06086491468 0.0001)
(0.17 0.06086491468 0.0001)
(0 0.06279205438 0.0001)
(0.17 0.06279205438 0.0001)
(0 0.06477927426 0.0001)
(0.17 0.06477927426 0.0001)
(0 0.06682844738 0.0001)
(0.17 0.06682844738 0.0001)
(0 0.06894150517 0.0001)
(0.17 0.06894150517 0.0001)
(0 0.07112043931 0.0001)
(0.17 0.07112043931 0.0001)
(0 0.07336730352 0.0001)
(0.17 0.07336730352 0.0001)
(0 0.07568421561 0.0001)
(0.17 0.07568421561 0.0001)
(0 0.07807335935 0.0001)
(0.17 0.07807335935 0.0001)
(0 0.08053698665 0.0001)
(0.17 0.08053698665 0.0001)
(0 0.08307741957 0.0001)
(0.17 0.08307741957 0.0001)
(0 0.08569705261 0.0001)
(0.17 0.08569705261 0.0001)
(0 0.0883983549 0.0001)
(0.17 0.0883983549 0.0001)
(0 0.09118387253 0.0001)
(0.17 0.09118387253 0.0001)
(0 0.09405623099 0.0001)
(0.17 0.09405623099 0.0001)
(0 0.09701813762 0.0001)
(0.17 0.09701813762 0.0001)
(0 0.1000723842 0.0001)
(0.17 0.1000723842 0.0001)
(0 0.1032218494 0.0001)
(0.17 0.1032218494 0.0001)
(0 0.1064695018 0.0001)
(0.17 0.1064695018 0.0001)
(0 0.1098184025 0.0001)
(0.17 0.1098184025 0.0001)
(0 0.1132717079 0.0001)
(0.17 0.1132717079 0.0001)
(0 0.1168326731 0.0001)
(0.17 0.1168326731 0.0001)
(0 0.1205046543 0.0001)
(0.17 0.1205046543 0.0001)
(0 0.1242911125 0.0001)
(0.17 0.1242911125 0.0001)
(0 0.1281956168 0.0001)
(0.17 0.1281956168 0.0001)
(0 0.1322218472 0.0001)
(0.17 0.1322218472 0.0001)
(0 0.1363735987 0.0001)
(0.17 0.1363735987 0.0001)
(0 0.1406547845 0.0001)
(0.17 0.1406547845 0.0001)
(0 0.1450694399 0.0001)
(0.17 0.1450694399 0.0001)
(0 0.1496217258 0.0001)
(0.17 0.1496217258 0.0001)
(0 0.154315933 0.0001)
(0.17 0.154315933 0.0001)
(0 0.159156486 0.0001)
(0.17 0.159156486 0.0001)
(0 0.1641479474 0.0001)
(0.17 0.1641479474 0.0001)
(0 0.1692950216 0.0001)
(0.17 0.1692950216 0.0001)
(0 0.1746025602 0.0001)
(0.17 0.1746025602 0.0001)
(0 0.1800755658 0.0001)
(0.17 0.1800755658 0.0001)
(0 0.1857191968 0.0001)
(0.17 0.1857191968 0.0001)
(0 0.1915387728 0.0001)
(0.17 0.1915387728 0.0001)
(0 0.1975397789 0.0001)
(0.17 0.1975397789 0.0001)
(0 0.2037278713 0.0001)
(0.17 0.2037278713 0.0001)
(0 0.2101088827 0.0001)
(0.17 0.2101088827 0.0001)
(0 0.2166888274 0.0001)
(0.17 0.2166888274 0.0001)
(0 0.2234739074 0.0001)
(0.17 0.2234739074 0.0001)
(0 0.2304705179 0.0001)
(0.17 0.2304705179 0.0001)
(0 0.2376852536 0.0001)
(0.17 0.2376852536 0.0001)
(0 0.2451249146 0.0001)
(0.17 0.2451249146 0.0001)
(0 0.2527965133 0.0001)
(0.17 0.2527965133 0.0001)
(0 0.2607072805 0.0001)
(0.17 0.2607072805 0.0001)
(0 0.2688646724 0.0001)
(0.17 0.2688646724 0.0001)
(0 0.2772763778 0.0001)
(0.17 0.2772763778 0.0001)
(0 0.2859503251 0.0001)
(0.17 0.2859503251 0.0001)
(0 0.29489469 0.0001)
(0.17 0.29489469 0.0001)
(0 0.3041179029 0.0001)
(0.17 0.3041179029 0.0001)
(0 0.3136286571 0.0001)
(0.17 0.3136286571 0.0001)
(0 0.3234359171 0.0001)
(0.17 0.3234359171 0.0001)
(0 0.3335489265 0.0001)
(0.17 0.3335489265 0.0001)
(0 0.3439772174 0.0001)
(0.17 0.3439772174 0.0001)
(0 0.354730619 0.0001)
(0.17 0.354730619 0.0001)
(0 0.3658192668 0.0001)
(0.17 0.3658192668 0.0001)
(0 0.3772536125 0.0001)
(0.17 0.3772536125 0.0001)
(0 0.3890444334 0.0001)
(0.17 0.3890444334 0.0001)
(0 0.401202843 0.0001)
(0.17 0.401202843 0.0001)
(0 0.4137403011 0.0001)
(0.17 0.4137403011 0.0001)
(0 0.4266686249 0.0001)
(0.17 0.4266686249 0.0001)
(0 0.44 0.0001)
(0.17 0.44 0.0001)
)


// ************************************************************************* //
