  0.39270E-01  0.15805E+00  0.00000E+00  0.35640E+01
  0.78540E-01  0.22324E+00  0.00000E+00  0.35640E+01
  0.11781E+00  0.27285E+00  0.00000E+00  0.35640E+01
  0.15708E+00  0.31415E+00  0.00000E+00  0.35640E+01
  0.19635E+00  0.34993E+00  0.00000E+00  0.35640E+01
  0.23562E+00  0.38159E+00  0.00000E+00  0.35640E+01
  0.27489E+00  0.41003E+00  0.00000E+00  0.35640E+01
  0.31416E+00  0.43824E+00  0.00000E+00  0.35640E+01
  0.35343E+00  0.55796E+00  0.00000E+00  0.39886E+01
  0.39270E+00  0.10725E+01  0.00000E+00  0.55298E+01
  0.43197E+00  0.14635E+01  0.00000E+00  0.64596E+01
  0.47124E+00  0.17577E+01  0.00000E+00  0.70791E+01
  0.51051E+00  0.19949E+01  0.00000E+00  0.75419E+01
  0.54978E+00  0.21955E+01  0.00000E+00  0.79120E+01
  0.58905E+00  0.23815E+01  0.00000E+00  0.82402E+01
  0.62832E+00  0.25622E+01  0.00000E+00  0.85471E+01
  0.66759E+00  0.27404E+01  0.00000E+00  0.88393E+01
  0.70686E+00  0.29163E+01  0.00000E+00  0.91186E+01
  0.74613E+00  0.30892E+01  0.00000E+00  0.93850E+01
  0.78540E+00  0.32581E+01  0.00000E+00  0.96382E+01
  0.82467E+00  0.34221E+01  0.00000E+00  0.98778E+01
  0.86394E+00  0.35800E+01  0.00000E+00  0.10103E+02
  0.90321E+00  0.37309E+01  0.00000E+00  0.10314E+02
  0.94248E+00  0.38738E+01  0.00000E+00  0.10510E+02
  0.98175E+00  0.40079E+01  0.00000E+00  0.10690E+02
  0.10210E+01  0.41324E+01  0.00000E+00  0.10855E+02
  0.10603E+01  0.42464E+01  0.00000E+00  0.11003E+02
  0.10996E+01  0.43494E+01  0.00000E+00  0.11136E+02
  0.11388E+01  0.44406E+01  0.00000E+00  0.11252E+02
  0.11781E+01  0.45196E+01  0.00000E+00  0.11352E+02
  0.12174E+01  0.45859E+01  0.00000E+00  0.11435E+02
  0.12566E+01  0.46392E+01  0.00000E+00  0.11501E+02
  0.12959E+01  0.46790E+01  0.00000E+00  0.11550E+02
  0.13352E+01  0.47053E+01  0.00000E+00  0.11583E+02
  0.13744E+01  0.47177E+01  0.00000E+00  0.11598E+02
  0.14137E+01  0.47163E+01  0.00000E+00  0.11596E+02
  0.14530E+01  0.47011E+01  0.00000E+00  0.11577E+02
  0.14923E+01  0.46720E+01  0.00000E+00  0.11542E+02
  0.15315E+01  0.46294E+01  0.00000E+00  0.11489E+02
  0.15708E+01  0.45734E+01  0.00000E+00  0.11419E+02
  0.16101E+01  0.45043E+01  0.00000E+00  0.11333E+02
  0.16493E+01  0.44225E+01  0.00000E+00  0.11229E+02
  0.16886E+01  0.43285E+01  0.00000E+00  0.11109E+02
  0.17279E+01  0.42228E+01  0.00000E+00  0.10973E+02
  0.17671E+01  0.41060E+01  0.00000E+00  0.10820E+02
  0.18064E+01  0.39787E+01  0.00000E+00  0.10651E+02
  0.18457E+01  0.38417E+01  0.00000E+00  0.10466E+02
  0.18850E+01  0.36958E+01  0.00000E+00  0.10265E+02
  0.19242E+01  0.35416E+01  0.00000E+00  0.10049E+02
  0.19635E+01  0.33803E+01  0.00000E+00  0.98172E+01
  0.20028E+01  0.32126E+01  0.00000E+00  0.95706E+01
  0.20420E+01  0.30395E+01  0.00000E+00  0.93092E+01
  0.20813E+01  0.28620E+01  0.00000E+00  0.90333E+01
  0.21206E+01  0.26811E+01  0.00000E+00  0.87433E+01
  0.21598E+01  0.24980E+01  0.00000E+00  0.84394E+01
  0.21991E+01  0.23136E+01  0.00000E+00  0.81219E+01
  0.22384E+01  0.21291E+01  0.00000E+00  0.77913E+01
  0.22777E+01  0.19455E+01  0.00000E+00  0.74479E+01
  0.23169E+01  0.17640E+01  0.00000E+00  0.70920E+01
  0.23562E+01  0.15857E+01  0.00000E+00  0.67239E+01
  0.23955E+01  0.14116E+01  0.00000E+00  0.63440E+01
  0.24347E+01  0.12427E+01  0.00000E+00  0.59526E+01
  0.24740E+01  0.10802E+01  0.00000E+00  0.55497E+01
  0.25133E+01  0.92504E+00  0.00000E+00  0.51356E+01
  0.25525E+01  0.77805E+00  0.00000E+00  0.47100E+01
  0.25918E+01  0.64008E+00  0.00000E+00  0.42720E+01
  0.26311E+01  0.51183E+00  0.00000E+00  0.38201E+01
  0.26704E+01  0.38828E+00  0.00000E+00  0.35640E+01
  0.27096E+01  0.26823E+00  0.00000E+00  0.35640E+01
  0.27489E+01  0.16473E+00  0.00000E+00  0.35640E+01
  0.27882E+01  0.74794E-01  0.00000E+00  0.35640E+01
  0.28274E+01 -0.49228E-02  0.00000E+00  0.35640E+01
  0.28667E+01 -0.78484E-01  0.00000E+00  0.35640E+01
  0.29060E+01 -0.14812E+00  0.00000E+00  0.35640E+01
  0.29452E+01 -0.21530E+00  0.00000E+00  0.35640E+01
  0.29845E+01 -0.28131E+00  0.00000E+00  0.35640E+01
  0.30238E+01 -0.35075E+00  0.00000E+00  0.35640E+01
  0.30631E+01 -0.43387E+00  0.00000E+00  0.35640E+01
  0.31023E+01 -0.53492E+00  0.00000E+00  0.39053E+01
  0.31416E+01 -0.65160E+00  0.00000E+00  0.43103E+01
  0.31809E+01 -0.78324E+00  0.00000E+00  0.47257E+01
  0.32201E+01 -0.92689E+00  0.00000E+00  0.51408E+01
  0.32594E+01 -0.10805E+01  0.00000E+00  0.55505E+01
  0.32987E+01 -0.12429E+01  0.00000E+00  0.59529E+01
  0.33379E+01 -0.14129E+01  0.00000E+00  0.63470E+01
  0.33772E+01 -0.15898E+01  0.00000E+00  0.67325E+01
  0.34165E+01 -0.17725E+01  0.00000E+00  0.71090E+01
  0.34558E+01 -0.19602E+01  0.00000E+00  0.74760E+01
  0.34950E+01 -0.21521E+01  0.00000E+00  0.78332E+01
  0.35343E+01 -0.23470E+01  0.00000E+00  0.81803E+01
  0.35736E+01 -0.25442E+01  0.00000E+00  0.85170E+01
  0.36128E+01 -0.27425E+01  0.00000E+00  0.88427E+01
  0.36521E+01 -0.29411E+01  0.00000E+00  0.91573E+01
  0.36914E+01 -0.31389E+01  0.00000E+00  0.94602E+01
  0.37306E+01 -0.33350E+01  0.00000E+00  0.97512E+01
  0.37699E+01 -0.35283E+01  0.00000E+00  0.10030E+02
  0.38092E+01 -0.37180E+01  0.00000E+00  0.10296E+02
  0.38485E+01 -0.39030E+01  0.00000E+00  0.10549E+02
  0.38877E+01 -0.40824E+01  0.00000E+00  0.10789E+02
  0.39270E+01 -0.42554E+01  0.00000E+00  0.11015E+02
  0.39663E+01 -0.44209E+01  0.00000E+00  0.11227E+02
  0.40055E+01 -0.45782E+01  0.00000E+00  0.11425E+02
  0.40448E+01 -0.47265E+01  0.00000E+00  0.11609E+02
  0.40841E+01 -0.48650E+01  0.00000E+00  0.11778E+02
  0.41233E+01 -0.49929E+01  0.00000E+00  0.11931E+02
  0.41626E+01 -0.51096E+01  0.00000E+00  0.12070E+02
  0.42019E+01 -0.52145E+01  0.00000E+00  0.12193E+02
  0.42412E+01 -0.53069E+01  0.00000E+00  0.12301E+02
  0.42804E+01 -0.53865E+01  0.00000E+00  0.12393E+02
  0.43197E+01 -0.54528E+01  0.00000E+00  0.12469E+02
  0.43590E+01 -0.55053E+01  0.00000E+00  0.12529E+02
  0.43982E+01 -0.55439E+01  0.00000E+00  0.12572E+02
  0.44375E+01 -0.55682E+01  0.00000E+00  0.12600E+02
  0.44768E+01 -0.55781E+01  0.00000E+00  0.12611E+02
  0.45160E+01 -0.55735E+01  0.00000E+00  0.12606E+02
  0.45553E+01 -0.55545E+01  0.00000E+00  0.12584E+02
  0.45946E+01 -0.55210E+01  0.00000E+00  0.12546E+02
  0.46338E+01 -0.54732E+01  0.00000E+00  0.12492E+02
  0.46731E+01 -0.54113E+01  0.00000E+00  0.12421E+02
  0.47124E+01 -0.53356E+01  0.00000E+00  0.12334E+02
  0.47517E+01 -0.52465E+01  0.00000E+00  0.12231E+02
  0.47909E+01 -0.51444E+01  0.00000E+00  0.12111E+02
  0.48302E+01 -0.50298E+01  0.00000E+00  0.11975E+02
  0.48695E+01 -0.49032E+01  0.00000E+00  0.11824E+02
  0.49087E+01 -0.47653E+01  0.00000E+00  0.11656E+02
  0.49480E+01 -0.46167E+01  0.00000E+00  0.11473E+02
  0.49873E+01 -0.44582E+01  0.00000E+00  0.11274E+02
  0.50265E+01 -0.42907E+01  0.00000E+00  0.11061E+02
  0.50658E+01 -0.41149E+01  0.00000E+00  0.10832E+02
  0.51051E+01 -0.39318E+01  0.00000E+00  0.10588E+02
  0.51444E+01 -0.37423E+01  0.00000E+00  0.10330E+02
  0.51836E+01 -0.35474E+01  0.00000E+00  0.10057E+02
  0.52229E+01 -0.33480E+01  0.00000E+00  0.97703E+01
  0.52622E+01 -0.31454E+01  0.00000E+00  0.94700E+01
  0.53014E+01 -0.29404E+01  0.00000E+00  0.91562E+01
  0.53407E+01 -0.27342E+01  0.00000E+00  0.88294E+01
  0.53800E+01 -0.25280E+01  0.00000E+00  0.84898E+01
  0.54192E+01 -0.23227E+01  0.00000E+00  0.81379E+01
  0.54585E+01 -0.21196E+01  0.00000E+00  0.77738E+01
  0.54978E+01 -0.19196E+01  0.00000E+00  0.73982E+01
  0.55371E+01 -0.17240E+01  0.00000E+00  0.70111E+01
  0.55763E+01 -0.15339E+01  0.00000E+00  0.66131E+01
  0.56156E+01 -0.13501E+01  0.00000E+00  0.62044E+01
  0.56549E+01 -0.11739E+01  0.00000E+00  0.57852E+01
  0.56941E+01 -0.10060E+01  0.00000E+00  0.53557E+01
  0.57334E+01 -0.84750E+00  0.00000E+00  0.49157E+01
  0.57727E+01 -0.69910E+00  0.00000E+00  0.44646E+01
  0.58119E+01 -0.56147E+00  0.00000E+00  0.40011E+01
  0.58512E+01 -0.43456E+00  0.00000E+00  0.35640E+01
  0.58905E+01 -0.30559E+00  0.00000E+00  0.35640E+01
  0.59298E+01 -0.19375E+00  0.00000E+00  0.35640E+01
  0.59690E+01 -0.97633E-01  0.00000E+00  0.35640E+01
  0.60083E+01 -0.13331E-01  0.00000E+00  0.35640E+01
  0.60476E+01  0.62914E-01  0.00000E+00  0.35640E+01
  0.60868E+01  0.13449E+00  0.00000E+00  0.35640E+01
  0.61261E+01  0.20302E+00  0.00000E+00  0.35640E+01
  0.61654E+01  0.26963E+00  0.00000E+00  0.35640E+01
  0.62046E+01  0.33818E+00  0.00000E+00  0.35640E+01
  0.62439E+01  0.41805E+00  0.00000E+00  0.35640E+01
  0.62832E+01  0.51663E+00  0.00000E+00  0.38380E+01
  0.63225E+01  0.63050E+00  0.00000E+00  0.42399E+01
  0.63617E+01  0.75962E+00  0.00000E+00  0.46538E+01
  0.64010E+01  0.90085E+00  0.00000E+00  0.50680E+01
  0.64403E+01  0.10519E+01  0.00000E+00  0.54765E+01
  0.64795E+01  0.12114E+01  0.00000E+00  0.58771E+01
  0.65188E+01  0.13782E+01  0.00000E+00  0.62687E+01
  0.65581E+01  0.15515E+01  0.00000E+00  0.66510E+01
  0.65973E+01  0.17301E+01  0.00000E+00  0.70235E+01
  0.66366E+01  0.19133E+01  0.00000E+00  0.73859E+01
  0.66759E+01  0.21000E+01  0.00000E+00  0.77380E+01
  0.67152E+01  0.22894E+01  0.00000E+00  0.80793E+01
  0.67544E+01  0.24804E+01  0.00000E+00  0.84096E+01
  0.67937E+01  0.26720E+01  0.00000E+00  0.87284E+01
  0.68330E+01  0.28633E+01  0.00000E+00  0.90355E+01
  0.68722E+01  0.30533E+01  0.00000E+00  0.93304E+01
  0.69115E+01  0.32410E+01  0.00000E+00  0.96129E+01
  0.69508E+01  0.34255E+01  0.00000E+00  0.98826E+01
  0.69900E+01  0.36057E+01  0.00000E+00  0.10139E+02
  0.70293E+01  0.37807E+01  0.00000E+00  0.10382E+02
  0.70686E+01  0.39497E+01  0.00000E+00  0.10612E+02
  0.71079E+01  0.41117E+01  0.00000E+00  0.10827E+02
  0.71471E+01  0.42659E+01  0.00000E+00  0.11029E+02
  0.71864E+01  0.44114E+01  0.00000E+00  0.11215E+02
  0.72257E+01  0.45476E+01  0.00000E+00  0.11387E+02
  0.72649E+01  0.46736E+01  0.00000E+00  0.11544E+02
  0.73042E+01  0.47888E+01  0.00000E+00  0.11685E+02
  0.73435E+01  0.48926E+01  0.00000E+00  0.11811E+02
  0.73827E+01  0.49844E+01  0.00000E+00  0.11921E+02
  0.74220E+01  0.50636E+01  0.00000E+00  0.12016E+02
  0.74613E+01  0.51300E+01  0.00000E+00  0.12094E+02
  0.75006E+01  0.51830E+01  0.00000E+00  0.12156E+02
  0.75398E+01  0.52224E+01  0.00000E+00  0.12203E+02
  0.75791E+01  0.52480E+01  0.00000E+00  0.12232E+02
  0.76184E+01  0.52595E+01  0.00000E+00  0.12246E+02
  0.76576E+01  0.52569E+01  0.00000E+00  0.12243E+02
  0.76969E+01  0.52402E+01  0.00000E+00  0.12223E+02
  0.77362E+01  0.52094E+01  0.00000E+00  0.12187E+02
  0.77754E+01  0.51647E+01  0.00000E+00  0.12135E+02
  0.78147E+01  0.51062E+01  0.00000E+00  0.12066E+02
  0.78540E+01  0.50343E+01  0.00000E+00  0.11981E+02
  0.78933E+01  0.49492E+01  0.00000E+00  0.11879E+02
  0.79325E+01  0.48515E+01  0.00000E+00  0.11761E+02
  0.79718E+01  0.47415E+01  0.00000E+00  0.11627E+02
  0.80111E+01  0.46199E+01  0.00000E+00  0.11477E+02
  0.80503E+01  0.44873E+01  0.00000E+00  0.11311E+02
  0.80896E+01  0.43443E+01  0.00000E+00  0.11129E+02
  0.81289E+01  0.41917E+01  0.00000E+00  0.10932E+02
  0.81681E+01  0.40303E+01  0.00000E+00  0.10720E+02
  0.82074E+01  0.38610E+01  0.00000E+00  0.10492E+02
  0.82467E+01  0.36845E+01  0.00000E+00  0.10250E+02
  0.82860E+01  0.35019E+01  0.00000E+00  0.99923E+01
  0.83252E+01  0.33142E+01  0.00000E+00  0.97208E+01
  0.83645E+01  0.31222E+01  0.00000E+00  0.94351E+01
  0.84038E+01  0.29272E+01  0.00000E+00  0.91357E+01
  0.84430E+01  0.27301E+01  0.00000E+00  0.88227E+01
  0.84823E+01  0.25320E+01  0.00000E+00  0.84966E+01
  0.85216E+01  0.23340E+01  0.00000E+00  0.81577E+01
  0.85608E+01  0.21373E+01  0.00000E+00  0.78063E+01
  0.86001E+01  0.19428E+01  0.00000E+00  0.74427E+01
  0.86394E+01  0.17518E+01  0.00000E+00  0.70673E+01
  0.86787E+01  0.15652E+01  0.00000E+00  0.66804E+01
  0.87179E+01  0.13843E+01  0.00000E+00  0.62824E+01
  0.87572E+01  0.12099E+01  0.00000E+00  0.58734E+01
  0.87965E+01  0.10432E+01  0.00000E+00  0.54537E+01
  0.88357E+01  0.88493E+00  0.00000E+00  0.50230E+01
  0.88750E+01  0.73609E+00  0.00000E+00  0.45812E+01
  0.89143E+01  0.59737E+00  0.00000E+00  0.41270E+01
  0.89535E+01  0.46934E+00  0.00000E+00  0.36581E+01
  0.89928E+01  0.34152E+00  0.00000E+00  0.35640E+01
  0.90321E+01  0.22551E+00  0.00000E+00  0.35640E+01
  0.90713E+01  0.12595E+00  0.00000E+00  0.35640E+01
  0.91106E+01  0.39166E-01  0.00000E+00  0.35640E+01
  0.91499E+01 -0.38445E-01  0.00000E+00  0.35640E+01
  0.91892E+01 -0.11066E+00  0.00000E+00  0.35640E+01
  0.92284E+01 -0.17939E+00  0.00000E+00  0.35640E+01
  0.92677E+01 -0.24579E+00  0.00000E+00  0.35640E+01
  0.93070E+01 -0.31237E+00  0.00000E+00  0.35640E+01
  0.93462E+01 -0.38646E+00  0.00000E+00  0.35640E+01
  0.93855E+01 -0.47917E+00  0.00000E+00  0.36962E+01
  0.94248E+01 -0.58767E+00  0.00000E+00  0.40933E+01
  0.94640E+01 -0.71238E+00  0.00000E+00  0.45068E+01
  0.95033E+01 -0.85044E+00  0.00000E+00  0.49242E+01
  0.95426E+01 -0.99925E+00  0.00000E+00  0.53376E+01
  0.95819E+01 -0.11572E+01  0.00000E+00  0.57440E+01
  0.96211E+01 -0.13231E+01  0.00000E+00  0.61420E+01
  0.96604E+01 -0.14961E+01  0.00000E+00  0.65312E+01
  0.96997E+01 -0.16752E+01  0.00000E+00  0.69112E+01
  0.97389E+01 -0.18596E+01  0.00000E+00  0.72815E+01
  0.97782E+01 -0.20482E+01  0.00000E+00  0.76419E+01
  0.98175E+01 -0.22402E+01  0.00000E+00  0.79921E+01
  0.98567E+01 -0.24346E+01  0.00000E+00  0.83316E+01
  0.98960E+01 -0.26304E+01  0.00000E+00  0.86602E+01
  0.99353E+01 -0.28267E+01  0.00000E+00  0.89774E+01
  0.99746E+01 -0.30224E+01  0.00000E+00  0.92830E+01
  0.10014E+02 -0.32166E+01  0.00000E+00  0.95765E+01
  0.10053E+02 -0.34082E+01  0.00000E+00  0.98577E+01
  0.10092E+02 -0.35963E+01  0.00000E+00  0.10126E+02
  0.10132E+02 -0.37800E+01  0.00000E+00  0.10382E+02
  0.10171E+02 -0.39583E+01  0.00000E+00  0.10624E+02
  0.10210E+02 -0.41303E+01  0.00000E+00  0.10852E+02
  0.10249E+02 -0.42951E+01  0.00000E+00  0.11066E+02
  0.10289E+02 -0.44518E+01  0.00000E+00  0.11266E+02
  0.10328E+02 -0.45997E+01  0.00000E+00  0.11452E+02
  0.10367E+02 -0.47379E+01  0.00000E+00  0.11623E+02
  0.10407E+02 -0.48657E+01  0.00000E+00  0.11778E+02
  0.10446E+02 -0.49825E+01  0.00000E+00  0.11919E+02
  0.10485E+02 -0.50876E+01  0.00000E+00  0.12044E+02
  0.10524E+02 -0.51805E+01  0.00000E+00  0.12153E+02
  0.10564E+02 -0.52606E+01  0.00000E+00  0.12247E+02
  0.10603E+02 -0.53275E+01  0.00000E+00  0.12325E+02
  0.10642E+02 -0.53809E+01  0.00000E+00  0.12386E+02
  0.10681E+02 -0.54204E+01  0.00000E+00  0.12432E+02
  0.10721E+02 -0.54458E+01  0.00000E+00  0.12461E+02
  0.10760E+02 -0.54569E+01  0.00000E+00  0.12474E+02
  0.10799E+02 -0.54537E+01  0.00000E+00  0.12470E+02
  0.10838E+02 -0.54361E+01  0.00000E+00  0.12450E+02
  0.10878E+02 -0.54042E+01  0.00000E+00  0.12413E+02
  0.10917E+02 -0.53581E+01  0.00000E+00  0.12360E+02
  0.10956E+02 -0.52981E+01  0.00000E+00  0.12291E+02
  0.10996E+02 -0.52243E+01  0.00000E+00  0.12205E+02
  0.11035E+02 -0.51372E+01  0.00000E+00  0.12103E+02
  0.11074E+02 -0.50372E+01  0.00000E+00  0.11984E+02
  0.11113E+02 -0.49247E+01  0.00000E+00  0.11850E+02
  0.11153E+02 -0.48004E+01  0.00000E+00  0.11699E+02
  0.11192E+02 -0.46649E+01  0.00000E+00  0.11533E+02
  0.11231E+02 -0.45188E+01  0.00000E+00  0.11351E+02
  0.11270E+02 -0.43628E+01  0.00000E+00  0.11153E+02
  0.11310E+02 -0.41979E+01  0.00000E+00  0.10940E+02
  0.11349E+02 -0.40247E+01  0.00000E+00  0.10712E+02
  0.11388E+02 -0.38444E+01  0.00000E+00  0.10469E+02
  0.11428E+02 -0.36576E+01  0.00000E+00  0.10212E+02
  0.11467E+02 -0.34655E+01  0.00000E+00  0.99403E+01
  0.11506E+02 -0.32691E+01  0.00000E+00  0.96545E+01
  0.11545E+02 -0.30694E+01  0.00000E+00  0.93549E+01
  0.11585E+02 -0.28674E+01  0.00000E+00  0.90419E+01
  0.11624E+02 -0.26643E+01  0.00000E+00  0.87158E+01
  0.11663E+02 -0.24611E+01  0.00000E+00  0.83769E+01
  0.11702E+02 -0.22590E+01  0.00000E+00  0.80255E+01
  0.11742E+02 -0.20590E+01  0.00000E+00  0.76621E+01
  0.11781E+02 -0.18623E+01  0.00000E+00  0.72869E+01
  0.11820E+02 -0.16700E+01  0.00000E+00  0.69003E+01
  0.11860E+02 -0.14831E+01  0.00000E+00  0.65027E+01
  0.11899E+02 -0.13026E+01  0.00000E+00  0.60943E+01
  0.11938E+02 -0.11297E+01  0.00000E+00  0.56754E+01
  0.11977E+02 -0.96520E+00  0.00000E+00  0.52459E+01
  0.12017E+02 -0.81002E+00  0.00000E+00  0.48058E+01
  0.12056E+02 -0.66494E+00  0.00000E+00  0.43542E+01
  0.12095E+02 -0.53059E+00  0.00000E+00  0.38895E+01
  0.12134E+02 -0.40376E+00  0.00000E+00  0.35640E+01
  0.12174E+02 -0.27850E+00  0.00000E+00  0.35640E+01
  0.12213E+02 -0.17094E+00  0.00000E+00  0.35640E+01
  0.12252E+02 -0.78128E-01  0.00000E+00  0.35640E+01
  0.12291E+02  0.36315E-02  0.00000E+00  0.35640E+01
  0.12331E+02  0.78578E-01  0.00000E+00  0.35640E+01
  0.12370E+02  0.14918E+00  0.00000E+00  0.35640E+01
  0.12409E+02  0.21698E+00  0.00000E+00  0.35640E+01
  0.12449E+02  0.28336E+00  0.00000E+00  0.35640E+01
  0.12488E+02  0.35318E+00  0.00000E+00  0.35640E+01
  0.12527E+02  0.43704E+00  0.00000E+00  0.35640E+01
  0.12566E+02  0.53870E+00  0.00000E+00  0.39191E+01
  0.12606E+02  0.65609E+00  0.00000E+00  0.43251E+01
  0.12645E+02  0.78814E+00  0.00000E+00  0.47404E+01
  0.12684E+02  0.93179E+00  0.00000E+00  0.51543E+01
  0.12723E+02  0.10850E+01  0.00000E+00  0.55620E+01
  0.12763E+02  0.12465E+01  0.00000E+00  0.59616E+01
  0.12802E+02  0.14152E+01  0.00000E+00  0.63523E+01
  0.12841E+02  0.15903E+01  0.00000E+00  0.67336E+01
  0.12881E+02  0.17706E+01  0.00000E+00  0.71052E+01
  0.12920E+02  0.19555E+01  0.00000E+00  0.74669E+01
  0.12959E+02  0.21438E+01  0.00000E+00  0.78181E+01
  0.12998E+02  0.23346E+01  0.00000E+00  0.81587E+01
  0.13038E+02  0.25270E+01  0.00000E+00  0.84883E+01
  0.13077E+02  0.27200E+01  0.00000E+00  0.88064E+01
  0.13116E+02  0.29126E+01  0.00000E+00  0.91128E+01
  0.13155E+02  0.31038E+01  0.00000E+00  0.94071E+01
  0.13195E+02  0.32925E+01  0.00000E+00  0.96890E+01
  0.13234E+02  0.34780E+01  0.00000E+00  0.99581E+01
  0.13273E+02  0.36591E+01  0.00000E+00  0.10214E+02
  0.13312E+02  0.38350E+01  0.00000E+00  0.10457E+02
  0.13352E+02  0.40048E+01  0.00000E+00  0.10686E+02
  0.13391E+02  0.41675E+01  0.00000E+00  0.10901E+02
  0.13430E+02  0.43223E+01  0.00000E+00  0.11101E+02
  0.13470E+02  0.44684E+01  0.00000E+00  0.11287E+02
  0.13509E+02  0.46050E+01  0.00000E+00  0.11459E+02
  0.13548E+02  0.47314E+01  0.00000E+00  0.11615E+02
  0.13587E+02  0.48469E+01  0.00000E+00  0.11756E+02
  0.13627E+02  0.49509E+01  0.00000E+00  0.11881E+02
  0.13666E+02  0.50428E+01  0.00000E+00  0.11991E+02
  0.13705E+02  0.51222E+01  0.00000E+00  0.12085E+02
  0.13744E+02  0.51885E+01  0.00000E+00  0.12163E+02
  0.13784E+02  0.52415E+01  0.00000E+00  0.12225E+02
  0.13823E+02  0.52807E+01  0.00000E+00  0.12270E+02
  0.13862E+02  0.53060E+01  0.00000E+00  0.12300E+02
  0.13902E+02  0.53172E+01  0.00000E+00  0.12313E+02
  0.13941E+02  0.53142E+01  0.00000E+00  0.12309E+02
  0.13980E+02  0.52971E+01  0.00000E+00  0.12289E+02
  0.14019E+02  0.52657E+01  0.00000E+00  0.12253E+02
  0.14059E+02  0.52204E+01  0.00000E+00  0.12200E+02
  0.14098E+02  0.51613E+01  0.00000E+00  0.12131E+02
  0.14137E+02  0.50886E+01  0.00000E+00  0.12045E+02
  0.14176E+02  0.50027E+01  0.00000E+00  0.11943E+02
  0.14216E+02  0.49041E+01  0.00000E+00  0.11825E+02
  0.14255E+02  0.47932E+01  0.00000E+00  0.11690E+02
  0.14294E+02  0.46707E+01  0.00000E+00  0.11540E+02
  0.14334E+02  0.45370E+01  0.00000E+00  0.11374E+02
  0.14373E+02  0.43929E+01  0.00000E+00  0.11192E+02
  0.14412E+02  0.42392E+01  0.00000E+00  0.10994E+02
  0.14451E+02  0.40766E+01  0.00000E+00  0.10781E+02
  0.14491E+02  0.39060E+01  0.00000E+00  0.10553E+02
  0.14530E+02  0.37283E+01  0.00000E+00  0.10310E+02
  0.14569E+02  0.35444E+01  0.00000E+00  0.10053E+02
  0.14608E+02  0.33553E+01  0.00000E+00  0.97809E+01
  0.14648E+02  0.31619E+01  0.00000E+00  0.94949E+01
  0.14687E+02  0.29655E+01  0.00000E+00  0.91952E+01
  0.14726E+02  0.27669E+01  0.00000E+00  0.88819E+01
  0.14765E+02  0.25673E+01  0.00000E+00  0.85556E+01
  0.14805E+02  0.23677E+01  0.00000E+00  0.82164E+01
  0.14844E+02  0.21694E+01  0.00000E+00  0.78647E+01
  0.14883E+02  0.19733E+01  0.00000E+00  0.75009E+01
  0.14923E+02  0.17807E+01  0.00000E+00  0.71253E+01
  0.14962E+02  0.15925E+01  0.00000E+00  0.67383E+01
  0.15001E+02  0.14098E+01  0.00000E+00  0.63401E+01
  0.15040E+02  0.12338E+01  0.00000E+00  0.59310E+01
  0.15080E+02  0.10653E+01  0.00000E+00  0.55112E+01
  0.15119E+02  0.90535E+00  0.00000E+00  0.50807E+01
  0.15158E+02  0.75479E+00  0.00000E+00  0.46390E+01
  0.15197E+02  0.61436E+00  0.00000E+00  0.41853E+01
  0.15237E+02  0.48465E+00  0.00000E+00  0.37173E+01
  0.15276E+02  0.35691E+00  0.00000E+00  0.35640E+01
  0.15315E+02  0.23848E+00  0.00000E+00  0.35640E+01
  0.15355E+02  0.13694E+00  0.00000E+00  0.35640E+01
  0.15394E+02  0.48690E-01  0.00000E+00  0.35640E+01
  0.15433E+02 -0.29885E-01  0.00000E+00  0.35640E+01
  0.15472E+02 -0.10277E+00  0.00000E+00  0.35640E+01
  0.15512E+02 -0.17193E+00  0.00000E+00  0.35640E+01
  0.15551E+02 -0.23863E+00  0.00000E+00  0.35640E+01
  0.15590E+02 -0.30502E+00  0.00000E+00  0.35640E+01
  0.15629E+02 -0.37780E+00  0.00000E+00  0.35640E+01
  0.15669E+02 -0.46843E+00  0.00000E+00  0.36546E+01
  0.15708E+02 -0.57512E+00  0.00000E+00  0.40494E+01
  0.15747E+02 -0.69811E+00  0.00000E+00  0.44614E+01
  0.15787E+02 -0.83478E+00  0.00000E+00  0.48787E+01
  0.15826E+02 -0.98239E+00  0.00000E+00  0.52924E+01
  0.15865E+02 -0.11392E+01  0.00000E+00  0.56992E+01
  0.15904E+02 -0.13041E+01  0.00000E+00  0.60978E+01
  0.15944E+02 -0.14761E+01  0.00000E+00  0.64874E+01
  0.15983E+02 -0.16543E+01  0.00000E+00  0.68678E+01
  0.16022E+02 -0.18377E+01  0.00000E+00  0.72386E+01
  0.16061E+02 -0.20255E+01  0.00000E+00  0.75994E+01
  0.16101E+02 -0.22167E+01  0.00000E+00  0.79500E+01
  0.16140E+02 -0.24103E+01  0.00000E+00  0.82899E+01
  0.16179E+02 -0.26053E+01  0.00000E+00  0.86188E+01
  0.16218E+02 -0.28009E+01  0.00000E+00  0.89363E+01
  0.16258E+02 -0.29959E+01  0.00000E+00  0.92422E+01
  0.16297E+02 -0.31894E+01  0.00000E+00  0.95360E+01
  0.16336E+02 -0.33804E+01  0.00000E+00  0.98175E+01
  0.16376E+02 -0.35680E+01  0.00000E+00  0.10086E+02
  0.16415E+02 -0.37512E+01  0.00000E+00  0.10342E+02
  0.16454E+02 -0.39290E+01  0.00000E+00  0.10584E+02
  0.16493E+02 -0.41005E+01  0.00000E+00  0.10813E+02
  0.16533E+02 -0.42649E+01  0.00000E+00  0.11027E+02
  0.16572E+02 -0.44213E+01  0.00000E+00  0.11228E+02
  0.16611E+02 -0.45688E+01  0.00000E+00  0.11413E+02
  0.16650E+02 -0.47067E+01  0.00000E+00  0.11584E+02
  0.16690E+02 -0.48343E+01  0.00000E+00  0.11740E+02
  0.16729E+02 -0.49509E+01  0.00000E+00  0.11881E+02
  0.16768E+02 -0.50558E+01  0.00000E+00  0.12006E+02
  0.16808E+02 -0.51486E+01  0.00000E+00  0.12116E+02
  0.16847E+02 -0.52286E+01  0.00000E+00  0.12210E+02
  0.16886E+02 -0.52955E+01  0.00000E+00  0.12288E+02
  0.16925E+02 -0.53488E+01  0.00000E+00  0.12349E+02
  0.16965E+02 -0.53884E+01  0.00000E+00  0.12395E+02
  0.17004E+02 -0.54139E+01  0.00000E+00  0.12424E+02
  0.17043E+02 -0.54251E+01  0.00000E+00  0.12437E+02
  0.17082E+02 -0.54220E+01  0.00000E+00  0.12434E+02
  0.17122E+02 -0.54046E+01  0.00000E+00  0.12414E+02
  0.17161E+02 -0.53729E+01  0.00000E+00  0.12377E+02
  0.17200E+02 -0.53271E+01  0.00000E+00  0.12324E+02
  0.17239E+02 -0.52673E+01  0.00000E+00  0.12255E+02
  0.17279E+02 -0.51939E+01  0.00000E+00  0.12169E+02
  0.17318E+02 -0.51071E+01  0.00000E+00  0.12067E+02
  0.17357E+02 -0.50075E+01  0.00000E+00  0.11949E+02
  0.17397E+02 -0.48955E+01  0.00000E+00  0.11814E+02
  0.17436E+02 -0.47716E+01  0.00000E+00  0.11664E+02
  0.17475E+02 -0.46366E+01  0.00000E+00  0.11498E+02
  0.17514E+02 -0.44910E+01  0.00000E+00  0.11316E+02
  0.17554E+02 -0.43356E+01  0.00000E+00  0.11118E+02
  0.17593E+02 -0.41713E+01  0.00000E+00  0.10906E+02
  0.17632E+02 -0.39987E+01  0.00000E+00  0.10678E+02
  0.17671E+02 -0.38190E+01  0.00000E+00  0.10435E+02
  0.17711E+02 -0.36329E+01  0.00000E+00  0.10178E+02
  0.17750E+02 -0.34416E+01  0.00000E+00  0.99058E+01
  0.17789E+02 -0.32459E+01  0.00000E+00  0.96201E+01
  0.17829E+02 -0.30469E+01  0.00000E+00  0.93206E+01
  0.17868E+02 -0.28457E+01  0.00000E+00  0.90076E+01
  0.17907E+02 -0.26434E+01  0.00000E+00  0.86815E+01
  0.17946E+02 -0.24410E+01  0.00000E+00  0.83426E+01
  0.17986E+02 -0.22398E+01  0.00000E+00  0.79913E+01
  0.18025E+02 -0.20407E+01  0.00000E+00  0.76278E+01
  0.18064E+02 -0.18449E+01  0.00000E+00  0.72527E+01
  0.18103E+02 -0.16535E+01  0.00000E+00  0.68661E+01
  0.18143E+02 -0.14675E+01  0.00000E+00  0.64684E+01
  0.18182E+02 -0.12880E+01  0.00000E+00  0.60600E+01
  0.18221E+02 -0.11160E+01  0.00000E+00  0.56409E+01
  0.18261E+02 -0.95251E+00  0.00000E+00  0.52113E+01
  0.18300E+02 -0.79833E+00  0.00000E+00  0.47709E+01
  0.18339E+02 -0.65424E+00  0.00000E+00  0.43190E+01
  0.18378E+02 -0.52088E+00  0.00000E+00  0.38537E+01
  0.18418E+02 -0.39388E+00  0.00000E+00  0.35640E+01
  0.18457E+02 -0.27000E+00  0.00000E+00  0.35640E+01
  0.18496E+02 -0.16375E+00  0.00000E+00  0.35640E+01
  0.18535E+02 -0.71932E-01  0.00000E+00  0.35640E+01
  0.18575E+02  0.90688E-02  0.00000E+00  0.35640E+01
  0.18614E+02  0.83621E-01  0.00000E+00  0.35640E+01
  0.18653E+02  0.15392E+00  0.00000E+00  0.35640E+01
  0.18692E+02  0.22148E+00  0.00000E+00  0.35640E+01
  0.18732E+02  0.28782E+00  0.00000E+00  0.35640E+01
  0.18771E+02  0.35815E+00  0.00000E+00  0.35640E+01
  0.18810E+02  0.44345E+00  0.00000E+00  0.35640E+01
  0.18850E+02  0.54605E+00  0.00000E+00  0.39457E+01
  0.18889E+02  0.66460E+00  0.00000E+00  0.43531E+01
  0.18928E+02  0.79761E+00  0.00000E+00  0.47688E+01
  0.18967E+02  0.94207E+00  0.00000E+00  0.51827E+01
  0.19007E+02  0.10960E+01  0.00000E+00  0.55902E+01
  0.19046E+02  0.12582E+01  0.00000E+00  0.59895E+01
  0.19085E+02  0.14276E+01  0.00000E+00  0.63799E+01
  0.19124E+02  0.16032E+01  0.00000E+00  0.67610E+01
  0.19164E+02  0.17842E+01  0.00000E+00  0.71325E+01
  0.19203E+02  0.19696E+01  0.00000E+00  0.74939E+01
  0.19242E+02  0.21585E+01  0.00000E+00  0.78450E+01
  0.19282E+02  0.23499E+01  0.00000E+00  0.81854E+01
  0.19321E+02  0.25428E+01  0.00000E+00  0.85147E+01
  0.19360E+02  0.27363E+01  0.00000E+00  0.88327E+01
  0.19399E+02  0.29293E+01  0.00000E+00  0.91390E+01
  0.19439E+02  0.31209E+01  0.00000E+00  0.94332E+01
  0.19478E+02  0.33102E+01  0.00000E+00  0.97149E+01
  0.19517E+02  0.34960E+01  0.00000E+00  0.99839E+01
  0.19556E+02  0.36775E+01  0.00000E+00  0.10240E+02
  0.19596E+02  0.38538E+01  0.00000E+00  0.10482E+02
  0.19635E+02  0.40239E+01  0.00000E+00  0.10711E+02
  0.19674E+02  0.41869E+01  0.00000E+00  0.10926E+02
  0.19713E+02  0.43420E+01  0.00000E+00  0.11126E+02
  0.19753E+02  0.44883E+01  0.00000E+00  0.11312E+02
  0.19792E+02  0.46251E+01  0.00000E+00  0.11484E+02
  0.19831E+02  0.47517E+01  0.00000E+00  0.11640E+02
  0.19871E+02  0.48674E+01  0.00000E+00  0.11780E+02
  0.19910E+02  0.49716E+01  0.00000E+00  0.11906E+02
  0.19949E+02  0.50636E+01  0.00000E+00  0.12016E+02
  0.19988E+02  0.51431E+01  0.00000E+00  0.12109E+02
