19.13463594	5.56834729
24.40891017	6.455942326
31.14826058	7.154159158
35.25047387	7.932515283
41.40379381	8.155856726
45.21299186	8.98555899
50.48726609	9.463868121
56.05455556	9.904950433
59.86375362	10.86911472
65.72405832	11.3414512
70.11928684	11.98686026
75.39356108	12.26105175
80.96085054	11.98686026
86.82115524	11.87805184
91.50939901	11.13028363
95.6116123	10.50868727
99.42081035	9.319073125
106.1601608	8.844484729
110.5553893	7.323654501
119.0528311	6.82112165
122.8620292	5.907853544
128.1363034	5.23888702
132.8245472	4.180974606
199.925036	-2.929333153
207.2504169	-3.672105653
211.3526302	-4.53218585
217.7989653	-4.53218585
222.4872091	-5.155802566
229.2265595	-5.084527428
232.1567118	-5.934143431
236.8449556	-6.049799865
242.1192298	-6.523587804
246.8074736	-7.352922207
251.7887326	-6.64482534
256.1839611	-7.267756326
262.9233115	-6.932053781
267.6115553	-7.438584186
271.4207533	-6.403466489
276.9880428	-5.934143431
282.8483475	-5.445864099
288.1226217	-5.409172321
292.224835	-5.120102985
297.4991093	-4.333243374
299.5502159	-3.611992719
306.5825816	-2.849023699
312.149871	-2.415020956
