0 	0 	0 	0 	-0.0103006 	-4.22266e-12 	0
1.001e-05 	0 	0 	0 	-0.0103006 	-4.29903e-12 	0
2.002e-05 	0 	0 	0 	-0.0103006 	-4.3754e-12 	0
3.003e-05 	0 	0 	0 	-0.0103006 	-4.45177e-12 	0
4.004e-05 	0 	0 	0 	-0.0103006 	-4.52814e-12 	0
5.00501e-05 	0 	0 	0 	-0.0103006 	-4.60451e-12 	0
6.00601e-05 	0 	0 	0 	-0.0103006 	-4.68088e-12 	0
7.00701e-05 	0 	0 	0 	-0.0103006 	-4.75725e-12 	0
8.00801e-05 	0 	0 	0 	-0.0103006 	-4.83363e-12 	0
9.00901e-05 	0 	0 	0 	-0.0103006 	-4.91e-12 	0
0.0001001 	0 	0 	0 	-0.0103006 	-4.98637e-12 	0
0.00011011 	0 	0 	0 	-0.0103006 	-5.06274e-12 	0
0.00012012 	0 	0 	0 	-0.0103006 	-5.13911e-12 	0
0.00013013 	0 	0 	0 	-0.0103006 	-5.21548e-12 	0
0.00014014 	0 	0 	0 	-0.0103006 	-5.29185e-12 	0
0.00015015 	0 	0 	0 	-0.0103006 	-5.36822e-12 	0
0.00016016 	0 	0 	0 	-0.0103006 	-5.44459e-12 	0
0.00017017 	0 	0 	0 	-0.0103006 	-5.52096e-12 	0
0.00018018 	0 	0 	0 	-0.0103006 	-5.59734e-12 	0
0.00019019 	0 	0 	0 	-0.0103006 	-5.67371e-12 	0
0.0002002 	0 	0 	0 	-0.0103006 	-5.75008e-12 	0
0.00021021 	0 	0 	0 	-0.0103006 	-5.82645e-12 	0
0.00022022 	0 	0 	0 	-0.0103006 	-5.90282e-12 	0
0.00023023 	0 	0 	0 	-0.0103006 	-5.97919e-12 	0
0.00024024 	0 	0 	0 	-0.0103006 	-6.05556e-12 	0
0.00025025 	0 	0 	0 	-0.0103006 	-6.13193e-12 	0
0.00026026 	0 	0 	0 	-0.0103006 	-6.2083e-12 	0
0.00027027 	0 	0 	0 	-0.0103006 	-6.28468e-12 	0
0.00028028 	0 	0 	0 	-0.0103006 	-6.36105e-12 	0
0.00029029 	0 	0 	0 	-0.0103006 	-6.43742e-12 	0
0.0003003 	0 	0 	0 	-0.0103006 	-6.51379e-12 	0
0.00031031 	0 	0 	0 	-0.0103006 	-6.59016e-12 	0
0.00032032 	0 	0 	0 	-0.0103006 	-6.66653e-12 	0
0.00033033 	0 	0 	0 	-0.0103006 	-6.7429e-12 	0
0.00034034 	0 	0 	0 	-0.0103006 	-6.81927e-12 	0
0.00035035 	0 	0 	0 	-0.0103006 	-6.89564e-12 	0
0.00036036 	0 	0 	0 	-0.0103006 	-6.97201e-12 	0
0.00037037 	0 	0 	0 	-0.0103006 	-7.04839e-12 	0
0.00038038 	0 	0 	0 	-0.0103006 	-7.12476e-12 	0
0.00039039 	0 	0 	0 	-0.0103006 	-7.20113e-12 	0
0.0004004 	0 	0 	0 	-0.0103006 	-7.2775e-12 	0
0.00041041 	0 	0 	0 	-0.0103006 	-7.35387e-12 	0
0.00042042 	0 	0 	0 	-0.0103006 	-7.43024e-12 	0
0.00043043 	0 	0 	0 	-0.0103006 	-7.50661e-12 	0
0.00044044 	0 	0 	0 	-0.0103006 	-7.58298e-12 	0
0.00045045 	0 	0 	0 	-0.0103006 	-7.65935e-12 	0
0.00046046 	0 	0 	0 	-0.0103006 	-7.73572e-12 	0
0.00047047 	0 	0 	0 	-0.0103006 	-7.8121e-12 	0
0.00048048 	0 	0 	0 	-0.0103006 	-7.88847e-12 	0
0.00049049 	0 	0 	0 	-0.0103006 	-7.96484e-12 	0
0.000500501 	0 	0 	0 	-0.0103006 	-8.03656e-12 	0
0.000510511 	0 	0 	0 	-0.0103006 	-8.02002e-12 	0
0.000520521 	0 	0 	0 	-0.0103006 	-8.00348e-12 	0
0.000530531 	0 	0 	0 	-0.0103006 	-7.98694e-12 	0
0.000540541 	0 	0 	0 	-0.0103006 	-7.9704e-12 	0
0.000550551 	0 	0 	0 	-0.0103006 	-7.95386e-12 	0
0.000560561 	0 	0 	0 	-0.0103006 	-7.93732e-12 	0
0.000570571 	0 	0 	0 	-0.0103006 	-7.92078e-12 	0
0.000580581 	0 	0 	0 	-0.0103006 	-7.90424e-12 	0
0.000590591 	0 	0 	0 	-0.0103006 	-7.88769e-12 	0
0.000600601 	0 	0 	0 	-0.0103006 	-7.87115e-12 	0
0.000610611 	0 	0 	0 	-0.0103006 	-7.85461e-12 	0
0.000620621 	0 	0 	0 	-0.0103006 	-7.83807e-12 	0
0.000630631 	0 	0 	0 	-0.0103006 	-7.82153e-12 	0
0.000640641 	0 	0 	0 	-0.0103006 	-7.80499e-12 	0
0.000650651 	0 	0 	0 	-0.0103006 	-7.78845e-12 	0
0.000660661 	0 	0 	0 	-0.0103006 	-7.77191e-12 	0
0.000670671 	0 	0 	0 	-0.0103006 	-7.75537e-12 	0
0.000680681 	0 	0 	0 	-0.0103006 	-7.73883e-12 	0
0.000690691 	0 	0 	0 	-0.0103006 	-7.72229e-12 	0
0.000700701 	0 	0 	0 	-0.0103006 	-7.70574e-12 	0
0.000710711 	0 	0 	0 	-0.0103006 	-7.6892e-12 	0
0.000720721 	0 	0 	0 	-0.0103006 	-7.67266e-12 	0
0.000730731 	0 	0 	0 	-0.0103006 	-7.65612e-12 	0
0.000740741 	0 	0 	0 	-0.0103006 	-7.63958e-12 	0
0.000750751 	0 	0 	0 	-0.0103006 	-7.62304e-12 	0
0.000760761 	0 	0 	0 	-0.0103006 	-7.6065e-12 	0
0.000770771 	0 	0 	0 	-0.0103006 	-7.58996e-12 	0
0.000780781 	0 	0 	0 	-0.0103006 	-7.57342e-12 	0
0.000790791 	0 	0 	0 	-0.0103006 	-7.55688e-12 	0
0.000800801 	0 	0 	0 	-0.0103006 	-7.54033e-12 	0
0.000810811 	0 	0 	0 	-0.0103006 	-7.52379e-12 	0
0.000820821 	0 	0 	0 	-0.0103006 	-7.50725e-12 	0
0.000830831 	0 	0 	0 	-0.0103006 	-7.49071e-12 	0
0.000840841 	0 	0 	0 	-0.0103006 	-7.47417e-12 	0
0.000850851 	0 	0 	0 	-0.0103006 	-7.45763e-12 	0
0.000860861 	0 	0 	0 	-0.0103006 	-7.44109e-12 	0
0.000870871 	0 	0 	0 	-0.0103006 	-7.42455e-12 	0
0.000880881 	0 	0 	0 	-0.0103006 	-7.40801e-12 	0
0.000890891 	0 	0 	0 	-0.0103006 	-7.39147e-12 	0
0.000900901 	0 	0 	0 	-0.0103006 	-7.37493e-12 	0
0.000910911 	0 	0 	0 	-0.0103006 	-7.35838e-12 	0
0.000920921 	0 	0 	0 	-0.0103006 	-7.34184e-12 	0
0.000930931 	0 	0 	0 	-0.0103006 	-7.3253e-12 	0
0.000940941 	0 	0 	0 	-0.0103006 	-7.30876e-12 	0
0.000950951 	0 	0 	0 	-0.0103006 	-7.29222e-12 	0
0.000960961 	0 	0 	0 	-0.0103006 	-7.27568e-12 	0
0.000970971 	0 	0 	0 	-0.0103006 	-7.25914e-12 	0
0.000980981 	0 	0 	0 	-0.0103006 	-7.2426e-12 	0
0.000990991 	0 	0 	0 	-0.0103006 	-7.22606e-12 	0
0.001001 	0 	0 	0 	-0.0103006 	-7.21103e-12 	0
0.00101101 	0 	0 	0 	-0.0103006 	-7.2096e-12 	0
0.00102102 	0 	0 	0 	-0.0103006 	-7.20817e-12 	0
0.00103103 	0 	0 	0 	-0.0103006 	-7.20674e-12 	0
0.00104104 	0 	0 	0 	-0.0103006 	-7.20532e-12 	0
0.00105105 	0 	0 	0 	-0.0103006 	-7.20389e-12 	0
0.00106106 	0 	0 	0 	-0.0103006 	-7.20246e-12 	0
0.00107107 	0 	0 	0 	-0.0103006 	-7.20103e-12 	0
0.00108108 	0 	0 	0 	-0.0103006 	-7.19961e-12 	0
0.00109109 	0 	0 	0 	-0.0103006 	-7.19818e-12 	0
0.0011011 	0 	0 	0 	-0.0103006 	-7.19675e-12 	0
0.00111111 	0 	0 	0 	-0.0103006 	-7.19532e-12 	0
0.00112112 	0 	0 	0 	-0.0103006 	-7.19389e-12 	0
0.00113113 	0 	0 	0 	-0.0103006 	-7.19247e-12 	0
0.00114114 	0 	0 	0 	-0.0103006 	-7.19104e-12 	0
0.00115115 	0 	0 	0 	-0.0103006 	-7.18961e-12 	0
0.00116116 	0 	0 	0 	-0.0103006 	-7.18818e-12 	0
0.00117117 	0 	0 	0 	-0.0103006 	-7.18676e-12 	0
0.00118118 	0 	0 	0 	-0.0103006 	-7.18533e-12 	0
0.00119119 	0 	0 	0 	-0.0103006 	-7.1839e-12 	0
0.0012012 	0 	0 	0 	-0.0103006 	-7.18247e-12 	0
0.00121121 	0 	0 	0 	-0.0103006 	-7.18104e-12 	0
0.00122122 	0 	0 	0 	-0.0103006 	-7.17962e-12 	0
0.00123123 	0 	0 	0 	-0.0103006 	-7.17819e-12 	0
0.00124124 	0 	0 	0 	-0.0103006 	-7.17676e-12 	0
0.00125125 	0 	0 	0 	-0.0103006 	-7.17533e-12 	0
0.00126126 	0 	0 	0 	-0.0103006 	-7.17391e-12 	0
0.00127127 	0 	0 	0 	-0.0103006 	-7.17248e-12 	0
0.00128128 	0 	0 	0 	-0.0103006 	-7.17105e-12 	0
0.00129129 	0 	0 	0 	-0.0103006 	-7.16962e-12 	0
0.0013013 	0 	0 	0 	-0.0103006 	-7.1682e-12 	0
0.00131131 	0 	0 	0 	-0.0103006 	-7.16677e-12 	0
0.00132132 	0 	0 	0 	-0.0103006 	-7.16534e-12 	0
0.00133133 	0 	0 	0 	-0.0103006 	-7.16391e-12 	0
0.00134134 	0 	0 	0 	-0.0103006 	-7.16248e-12 	0
0.00135135 	0 	0 	0 	-0.0103006 	-7.16106e-12 	0
0.00136136 	0 	0 	0 	-0.0103006 	-7.15963e-12 	0
0.00137137 	0 	0 	0 	-0.0103006 	-7.1582e-12 	0
0.00138138 	0 	0 	0 	-0.0103006 	-7.15677e-12 	0
0.00139139 	0 	0 	0 	-0.0103006 	-7.15535e-12 	0
0.0014014 	0 	0 	0 	-0.0103006 	-7.15392e-12 	0
0.00141141 	0 	0 	0 	-0.0103006 	-7.15249e-12 	0
0.00142142 	0 	0 	0 	-0.0103006 	-7.15106e-12 	0
0.00143143 	0 	0 	0 	-0.0103006 	-7.14963e-12 	0
0.00144144 	0 	0 	0 	-0.0103006 	-7.14821e-12 	0
0.00145145 	0 	0 	0 	-0.0103006 	-7.14678e-12 	0
0.00146146 	0 	0 	0 	-0.0103006 	-7.14535e-12 	0
0.00147147 	0 	0 	0 	-0.0103006 	-7.14392e-12 	0
0.00148148 	0 	0 	0 	-0.0103006 	-7.1425e-12 	0
0.00149149 	0 	0 	0 	-0.0103006 	-7.14107e-12 	0
0.0015015 	0 	0 	0 	-0.0103006 	-7.1378e-12 	0
0.00151151 	0 	0 	0 	-0.0103006 	-7.12413e-12 	0
0.00152152 	0 	0 	0 	-0.0103006 	-7.11047e-12 	0
0.00153153 	0 	0 	0 	-0.0103006 	-7.0968e-12 	0
0.00154154 	0 	0 	0 	-0.0103006 	-7.08313e-12 	0
0.00155155 	0 	0 	0 	-0.0103006 	-7.06946e-12 	0
0.00156156 	0 	0 	0 	-0.0103006 	-7.05579e-12 	0
0.00157157 	0 	0 	0 	-0.0103006 	-7.04212e-12 	0
0.00158158 	0 	0 	0 	-0.0103006 	-7.02845e-12 	0
0.00159159 	0 	0 	0 	-0.0103006 	-7.01478e-12 	0
0.0016016 	0 	0 	0 	-0.0103006 	-7.00111e-12 	0
0.00161161 	0 	0 	0 	-0.0103006 	-6.98744e-12 	0
0.00162162 	0 	0 	0 	-0.0103006 	-6.97377e-12 	0
0.00163163 	0 	0 	0 	-0.0103006 	-6.9601e-12 	0
0.00164164 	0 	0 	0 	-0.0103006 	-6.94643e-12 	0
0.00165165 	0 	0 	0 	-0.0103006 	-6.93276e-12 	0
0.00166166 	0 	0 	0 	-0.0103006 	-6.91909e-12 	0
0.00167167 	0 	0 	0 	-0.0103006 	-6.90542e-12 	0
0.00168168 	0 	0 	0 	-0.0103006 	-6.89175e-12 	0
0.00169169 	0 	0 	0 	-0.0103006 	-6.87808e-12 	0
0.0017017 	0 	0 	0 	-0.0103006 	-6.86441e-12 	0
0.00171171 	0 	0 	0 	-0.0103006 	-6.85074e-12 	0
0.00172172 	0 	0 	0 	-0.0103006 	-6.83707e-12 	0
0.00173173 	0 	0 	0 	-0.0103006 	-6.8234e-12 	0
0.00174174 	0 	0 	0 	-0.0103006 	-6.80973e-12 	0
0.00175175 	0 	0 	0 	-0.0103006 	-6.79606e-12 	0
0.00176176 	0 	0 	0 	-0.0103006 	-6.78239e-12 	0
0.00177177 	0 	0 	0 	-0.0103006 	-6.76872e-12 	0
0.00178178 	0 	0 	0 	-0.0103006 	-6.75505e-12 	0
0.00179179 	0 	0 	0 	-0.0103006 	-6.74138e-12 	0
0.0018018 	0 	0 	0 	-0.0103006 	-6.72771e-12 	0
0.00181181 	0 	0 	0 	-0.0103006 	-6.71404e-12 	0
0.00182182 	0 	0 	0 	-0.0103006 	-6.70038e-12 	0
0.00183183 	0 	0 	0 	-0.0103006 	-6.68671e-12 	0
0.00184184 	0 	0 	0 	-0.0103006 	-6.67304e-12 	0
0.00185185 	0 	0 	0 	-0.0103006 	-6.65937e-12 	0
0.00186186 	0 	0 	0 	-0.0103006 	-6.6457e-12 	0
0.00187187 	0 	0 	0 	-0.0103006 	-6.63203e-12 	0
0.00188188 	0 	0 	0 	-0.0103006 	-6.61836e-12 	0
0.00189189 	0 	0 	0 	-0.0103006 	-6.60469e-12 	0
0.0019019 	0 	0 	0 	-0.0103006 	-6.59102e-12 	0
0.00191191 	0 	0 	0 	-0.0103006 	-6.57735e-12 	0
0.00192192 	0 	0 	0 	-0.0103006 	-6.56368e-12 	0
0.00193193 	0 	0 	0 	-0.0103006 	-6.55001e-12 	0
0.00194194 	0 	0 	0 	-0.0103006 	-6.53634e-12 	0
0.00195195 	0 	0 	0 	-0.0103006 	-6.52267e-12 	0
0.00196196 	0 	0 	0 	-0.0103006 	-6.509e-12 	0
0.00197197 	0 	0 	0 	-0.0103006 	-6.49533e-12 	0
0.00198198 	0 	0 	0 	-0.0103006 	-6.48166e-12 	0
0.00199199 	0 	0 	0 	-0.0103006 	-6.46799e-12 	0
0.002002 	0 	0 	0 	-0.0103006 	-6.45167e-12 	0
0.00201201 	0 	0 	0 	-0.0103006 	-6.42473e-12 	0
0.00202202 	0 	0 	0 	-0.0103006 	-6.39779e-12 	0
0.00203203 	0 	0 	0 	-0.0103006 	-6.37085e-12 	0
0.00204204 	0 	0 	0 	-0.0103006 	-6.34391e-12 	0
0.00205205 	0 	0 	0 	-0.0103006 	-6.31697e-12 	0
0.00206206 	0 	0 	0 	-0.0103006 	-6.29003e-12 	0
0.00207207 	0 	0 	0 	-0.0103006 	-6.26309e-12 	0
0.00208208 	0 	0 	0 	-0.0103006 	-6.23615e-12 	0
0.00209209 	0 	0 	0 	-0.0103006 	-6.20921e-12 	0
0.0021021 	0 	0 	0 	-0.0103006 	-6.18227e-12 	0
0.00211211 	0 	0 	0 	-0.0103006 	-6.15533e-12 	0
0.00212212 	0 	0 	0 	-0.0103006 	-6.1284e-12 	0
0.00213213 	0 	0 	0 	-0.0103006 	-6.10146e-12 	0
0.00214214 	0 	0 	0 	-0.0103006 	-6.07452e-12 	0
0.00215215 	0 	0 	0 	-0.0103006 	-6.04758e-12 	0
0.00216216 	0 	0 	0 	-0.0103006 	-6.02064e-12 	0
0.00217217 	0 	0 	0 	-0.0103006 	-5.9937e-12 	0
0.00218218 	0 	0 	0 	-0.0103006 	-5.96676e-12 	0
0.00219219 	0 	0 	0 	-0.0103006 	-5.93982e-12 	0
0.0022022 	0 	0 	0 	-0.0103006 	-5.91288e-12 	0
0.00221221 	0 	0 	0 	-0.0103006 	-5.88594e-12 	0
0.00222222 	0 	0 	0 	-0.0103006 	-5.859e-12 	0
0.00223223 	0 	0 	0 	-0.0103006 	-5.83206e-12 	0
0.00224224 	0 	0 	0 	-0.0103006 	-5.80512e-12 	0
0.00225225 	0 	0 	0 	-0.0103006 	-5.77818e-12 	0
0.00226226 	0 	0 	0 	-0.0103006 	-5.75124e-12 	0
0.00227227 	0 	0 	0 	-0.0103006 	-5.7243e-12 	0
0.00228228 	0 	0 	0 	-0.0103006 	-5.69737e-12 	0
0.00229229 	0 	0 	0 	-0.0103006 	-5.67043e-12 	0
0.0023023 	0 	0 	0 	-0.0103006 	-5.64349e-12 	0
0.00231231 	0 	0 	0 	-0.0103006 	-5.61655e-12 	0
0.00232232 	0 	0 	0 	-0.0103006 	-5.58961e-12 	0
0.00233233 	0 	0 	0 	-0.0103006 	-5.56267e-12 	0
0.00234234 	0 	0 	0 	-0.0103006 	-5.53573e-12 	0
0.00235235 	0 	0 	0 	-0.0103006 	-5.50879e-12 	0
0.00236236 	0 	0 	0 	-0.0103006 	-5.48185e-12 	0
0.00237237 	0 	0 	0 	-0.0103006 	-5.45491e-12 	0
0.00238238 	0 	0 	0 	-0.0103006 	-5.42797e-12 	0
0.00239239 	0 	0 	0 	-0.0103006 	-5.40103e-12 	0
0.0024024 	0 	0 	0 	-0.0103006 	-5.37409e-12 	0
0.00241241 	0 	0 	0 	-0.0103006 	-5.34715e-12 	0
0.00242242 	0 	0 	0 	-0.0103006 	-5.32021e-12 	0
0.00243243 	0 	0 	0 	-0.0103006 	-5.29328e-12 	0
0.00244244 	0 	0 	0 	-0.0103006 	-5.26634e-12 	0
0.00245245 	0 	0 	0 	-0.0103006 	-5.2394e-12 	0
0.00246246 	0 	0 	0 	-0.0103006 	-5.21246e-12 	0
0.00247247 	0 	0 	0 	-0.0103006 	-5.18552e-12 	0
0.00248248 	0 	0 	0 	-0.0103006 	-5.15858e-12 	0
0.00249249 	0 	0 	0 	-0.0103006 	-5.13164e-12 	0
0.0025025 	0 	0 	0 	-0.0103006 	-5.10486e-12 	0
0.00251251 	0 	0 	0 	-0.0103006 	-5.07856e-12 	0
0.00252252 	0 	0 	0 	-0.0103006 	-5.05226e-12 	0
0.00253253 	0 	0 	0 	-0.0103006 	-5.02596e-12 	0
0.00254254 	0 	0 	0 	-0.0103006 	-4.99967e-12 	0
0.00255255 	0 	0 	0 	-0.0103006 	-4.97337e-12 	0
0.00256256 	0 	0 	0 	-0.0103006 	-4.94707e-12 	0
0.00257257 	0 	0 	0 	-0.0103006 	-4.92077e-12 	0
0.00258258 	0 	0 	0 	-0.0103006 	-4.89447e-12 	0
0.00259259 	0 	0 	0 	-0.0103006 	-4.86817e-12 	0
0.0026026 	0 	0 	0 	-0.0103006 	-4.84188e-12 	0
0.00261261 	0 	0 	0 	-0.0103006 	-4.81558e-12 	0
0.00262262 	0 	0 	0 	-0.0103006 	-4.78928e-12 	0
0.00263263 	0 	0 	0 	-0.0103006 	-4.76298e-12 	0
0.00264264 	0 	0 	0 	-0.0103006 	-4.73668e-12 	0
0.00265265 	0 	0 	0 	-0.0103006 	-4.71038e-12 	0
0.00266266 	0 	0 	0 	-0.0103006 	-4.68408e-12 	0
0.00267267 	0 	0 	0 	-0.0103006 	-4.65779e-12 	0
0.00268268 	0 	0 	0 	-0.0103006 	-4.63149e-12 	0
0.00269269 	0 	0 	0 	-0.0103006 	-4.60519e-12 	0
0.0027027 	0 	0 	0 	-0.0103006 	-4.57889e-12 	0
0.00271271 	0 	0 	0 	-0.0103006 	-4.55259e-12 	0
0.00272272 	0 	0 	0 	-0.0103006 	-4.52629e-12 	0
0.00273273 	0 	0 	0 	-0.0103006 	-4.49999e-12 	0
0.00274274 	0 	0 	0 	-0.0103006 	-4.4737e-12 	0
0.00275275 	0 	0 	0 	-0.0103006 	-4.4474e-12 	0
0.00276276 	0 	0 	0 	-0.0103006 	-4.4211e-12 	0
0.00277277 	0 	0 	0 	-0.0103006 	-4.3948e-12 	0
0.00278278 	0 	0 	0 	-0.0103006 	-4.3685e-12 	0
0.00279279 	0 	0 	0 	-0.0103006 	-4.3422e-12 	0
0.0028028 	0 	0 	0 	-0.0103006 	-4.31591e-12 	0
0.00281281 	0 	0 	0 	-0.0103006 	-4.28961e-12 	0
0.00282282 	0 	0 	0 	-0.0103006 	-4.26331e-12 	0
0.00283283 	0 	0 	0 	-0.0103006 	-4.23701e-12 	0
0.00284284 	0 	0 	0 	-0.0103006 	-4.21071e-12 	0
0.00285285 	0 	0 	0 	-0.0103006 	-4.18441e-12 	0
0.00286286 	0 	0 	0 	-0.0103006 	-4.15811e-12 	0
0.00287287 	0 	0 	0 	-0.0103006 	-4.13182e-12 	0
0.00288288 	0 	0 	0 	-0.0103006 	-4.10552e-12 	0
0.00289289 	0 	0 	0 	-0.0103006 	-4.07922e-12 	0
0.0029029 	0 	0 	0 	-0.0103006 	-4.05292e-12 	0
0.00291291 	0 	0 	0 	-0.0103006 	-4.02662e-12 	0
0.00292292 	0 	0 	0 	-0.0103006 	-4.00032e-12 	0
0.00293293 	0 	0 	0 	-0.0103006 	-3.97402e-12 	0
0.00294294 	0 	0 	0 	-0.0103006 	-3.94773e-12 	0
0.00295295 	0 	0 	0 	-0.0103006 	-3.92143e-12 	0
0.00296296 	0 	0 	0 	-0.0103006 	-3.89513e-12 	0
0.00297297 	0 	0 	0 	-0.0103006 	-3.86883e-12 	0
0.00298298 	0 	0 	0 	-0.0103006 	-3.84253e-12 	0
0.00299299 	0 	0 	0 	-0.0103006 	-3.81623e-12 	0
0.003003 	0 	0 	0 	-0.0103006 	-3.78975e-12 	0
0.00301301 	0 	0 	0 	-0.0103006 	-3.76283e-12 	0
0.00302302 	0 	0 	0 	-0.0103006 	-3.73591e-12 	0
0.00303303 	0 	0 	0 	-0.0103006 	-3.70898e-12 	0
0.00304304 	0 	0 	0 	-0.0103006 	-3.68206e-12 	0
0.00305305 	0 	0 	0 	-0.0103006 	-3.65514e-12 	0
0.00306306 	0 	0 	0 	-0.0103006 	-3.62822e-12 	0
0.00307307 	0 	0 	0 	-0.0103006 	-3.6013e-12 	0
0.00308308 	0 	0 	0 	-0.0103006 	-3.57438e-12 	0
0.00309309 	0 	0 	0 	-0.0103006 	-3.54746e-12 	0
0.0031031 	0 	0 	0 	-0.0103006 	-3.52053e-12 	0
0.00311311 	0 	0 	0 	-0.0103006 	-3.49361e-12 	0
0.00312312 	0 	0 	0 	-0.0103006 	-3.46669e-12 	0
0.00313313 	0 	0 	0 	-0.0103006 	-3.43977e-12 	0
0.00314314 	0 	0 	0 	-0.0103006 	-3.41285e-12 	0
0.00315315 	0 	0 	0 	-0.0103006 	-3.38593e-12 	0
0.00316316 	0 	0 	0 	-0.0103006 	-3.35901e-12 	0
0.00317317 	0 	0 	0 	-0.0103006 	-3.33208e-12 	0
0.00318318 	0 	0 	0 	-0.0103006 	-3.30516e-12 	0
0.00319319 	0 	0 	0 	-0.0103006 	-3.27824e-12 	0
0.0032032 	0 	0 	0 	-0.0103006 	-3.25132e-12 	0
0.00321321 	0 	0 	0 	-0.0103006 	-3.2244e-12 	0
0.00322322 	0 	0 	0 	-0.0103006 	-3.19748e-12 	0
0.00323323 	0 	0 	0 	-0.0103006 	-3.17056e-12 	0
0.00324324 	0 	0 	0 	-0.0103006 	-3.14363e-12 	0
0.00325325 	0 	0 	0 	-0.0103006 	-3.11671e-12 	0
0.00326326 	0 	0 	0 	-0.0103006 	-3.08979e-12 	0
0.00327327 	0 	0 	0 	-0.0103006 	-3.06287e-12 	0
0.00328328 	0 	0 	0 	-0.0103006 	-3.03595e-12 	0
0.00329329 	0 	0 	0 	-0.0103006 	-3.00903e-12 	0
0.0033033 	0 	0 	0 	-0.0103006 	-2.98211e-12 	0
0.00331331 	0 	0 	0 	-0.0103006 	-2.95518e-12 	0
0.00332332 	0 	0 	0 	-0.0103006 	-2.92826e-12 	0
0.00333333 	0 	0 	0 	-0.0103006 	-2.90134e-12 	0
0.00334334 	0 	0 	0 	-0.0103006 	-2.87442e-12 	0
0.00335335 	0 	0 	0 	-0.0103006 	-2.8475e-12 	0
0.00336336 	0 	0 	0 	-0.0103006 	-2.82058e-12 	0
0.00337337 	0 	0 	0 	-0.0103006 	-2.79366e-12 	0
0.00338338 	0 	0 	0 	-0.0103006 	-2.76673e-12 	0
0.00339339 	0 	0 	0 	-0.0103006 	-2.73981e-12 	0
0.0034034 	0 	0 	0 	-0.0103006 	-2.71289e-12 	0
0.00341341 	0 	0 	0 	-0.0103006 	-2.68597e-12 	0
0.00342342 	0 	0 	0 	-0.0103006 	-2.65905e-12 	0
0.00343343 	0 	0 	0 	-0.0103006 	-2.63213e-12 	0
0.00344344 	0 	0 	0 	-0.0103006 	-2.60521e-12 	0
0.00345345 	0 	0 	0 	-0.0103006 	-2.57828e-12 	0
0.00346346 	0 	0 	0 	-0.0103006 	-2.55136e-12 	0
0.00347347 	0 	0 	0 	-0.0103006 	-2.52444e-12 	0
0.00348348 	0 	0 	0 	-0.0103006 	-2.49752e-12 	0
0.00349349 	0 	0 	0 	-0.0103006 	-2.4706e-12 	0
0.0035035 	0 	0 	0 	-0.0103006 	-2.44337e-12 	0
0.00351351 	0 	0 	0 	-0.0103006 	-2.41556e-12 	0
0.00352352 	0 	0 	0 	-0.0103006 	-2.38775e-12 	0
0.00353353 	0 	0 	0 	-0.0103006 	-2.35994e-12 	0
0.00354354 	0 	0 	0 	-0.0103006 	-2.33213e-12 	0
0.00355355 	0 	0 	0 	-0.0103006 	-2.30432e-12 	0
0.00356356 	0 	0 	0 	-0.0103006 	-2.27651e-12 	0
0.00357357 	0 	0 	0 	-0.0103006 	-2.2487e-12 	0
0.00358358 	0 	0 	0 	-0.0103006 	-2.22089e-12 	0
0.00359359 	0 	0 	0 	-0.0103006 	-2.19308e-12 	0
0.0036036 	0 	0 	0 	-0.0103006 	-2.16527e-12 	0
0.00361361 	0 	0 	0 	-0.0103006 	-2.13746e-12 	0
0.00362362 	0 	0 	0 	-0.0103006 	-2.10965e-12 	0
0.00363363 	0 	0 	0 	-0.0103006 	-2.08184e-12 	0
0.00364364 	0 	0 	0 	-0.0103006 	-2.05403e-12 	0
0.00365365 	0 	0 	0 	-0.0103006 	-2.02622e-12 	0
0.00366366 	0 	0 	0 	-0.0103006 	-1.99841e-12 	0
0.00367367 	0 	0 	0 	-0.0103006 	-1.9706e-12 	0
0.00368368 	0 	0 	0 	-0.0103006 	-1.94279e-12 	0
0.00369369 	0 	0 	0 	-0.0103006 	-1.91498e-12 	0
0.0037037 	0 	0 	0 	-0.0103006 	-1.88718e-12 	0
0.00371371 	0 	0 	0 	-0.0103006 	-1.85937e-12 	0
0.00372372 	0 	0 	0 	-0.0103006 	-1.83156e-12 	0
0.00373373 	0 	0 	0 	-0.0103006 	-1.80375e-12 	0
0.00374374 	0 	0 	0 	-0.0103006 	-1.77594e-12 	0
0.00375375 	0 	0 	0 	-0.0103006 	-1.74813e-12 	0
0.00376376 	0 	0 	0 	-0.0103006 	-1.72032e-12 	0
0.00377377 	0 	0 	0 	-0.0103006 	-1.69251e-12 	0
0.00378378 	0 	0 	0 	-0.0103006 	-1.6647e-12 	0
0.00379379 	0 	0 	0 	-0.0103006 	-1.63689e-12 	0
0.0038038 	0 	0 	0 	-0.0103006 	-1.60908e-12 	0
0.00381381 	0 	0 	0 	-0.0103006 	-1.58127e-12 	0
0.00382382 	0 	0 	0 	-0.0103006 	-1.55346e-12 	0
0.00383383 	0 	0 	0 	-0.0103006 	-1.52565e-12 	0
0.00384384 	0 	0 	0 	-0.0103006 	-1.49784e-12 	0
0.00385385 	0 	0 	0 	-0.0103006 	-1.47003e-12 	0
0.00386386 	0 	0 	0 	-0.0103006 	-1.44222e-12 	0
0.00387387 	0 	0 	0 	-0.0103006 	-1.41441e-12 	0
0.00388388 	0 	0 	0 	-0.0103006 	-1.3866e-12 	0
0.00389389 	0 	0 	0 	-0.0103006 	-1.35879e-12 	0
0.0039039 	0 	0 	0 	-0.0103006 	-1.33098e-12 	0
0.00391391 	0 	0 	0 	-0.0103006 	-1.30317e-12 	0
0.00392392 	0 	0 	0 	-0.0103006 	-1.27536e-12 	0
0.00393393 	0 	0 	0 	-0.0103006 	-1.24755e-12 	0
0.00394394 	0 	0 	0 	-0.0103006 	-1.21975e-12 	0
0.00395395 	0 	0 	0 	-0.0103006 	-1.19194e-12 	0
0.00396396 	0 	0 	0 	-0.0103006 	-1.16413e-12 	0
0.00397397 	0 	0 	0 	-0.0103006 	-1.13632e-12 	0
0.00398398 	0 	0 	0 	-0.0103006 	-1.10851e-12 	0
0.00399399 	0 	0 	0 	-0.0103006 	-1.0807e-12 	0
0.004004 	0 	0 	0 	-0.0103006 	-1.05289e-12 	0
0.00401401 	0 	0 	0 	-0.0103006 	-1.0251e-12 	0
0.00402402 	0 	0 	0 	-0.0103006 	-9.97311e-13 	0
0.00403403 	0 	0 	0 	-0.0103006 	-9.69519e-13 	0
0.00404404 	0 	0 	0 	-0.0103006 	-9.41728e-13 	0
0.00405405 	0 	0 	0 	-0.0103006 	-9.13936e-13 	0
0.00406406 	0 	0 	0 	-0.0103006 	-8.86144e-13 	0
0.00407407 	0 	0 	0 	-0.0103006 	-8.58352e-13 	0
0.00408408 	0 	0 	0 	-0.0103006 	-8.3056e-13 	0
0.00409409 	0 	0 	0 	-0.0103006 	-8.02769e-13 	0
0.0041041 	0 	0 	0 	-0.0103006 	-7.74977e-13 	0
0.00411411 	0 	0 	0 	-0.0103006 	-7.47185e-13 	0
0.00412412 	0 	0 	0 	-0.0103006 	-7.19393e-13 	0
0.00413413 	0 	0 	0 	-0.0103006 	-6.91601e-13 	0
0.00414414 	0 	0 	0 	-0.0103006 	-6.6381e-13 	0
0.00415415 	0 	0 	0 	-0.0103006 	-6.36018e-13 	0
0.00416416 	0 	0 	0 	-0.0103006 	-6.08226e-13 	0
0.00417417 	0 	0 	0 	-0.0103006 	-5.80434e-13 	0
0.00418418 	0 	0 	0 	-0.0103006 	-5.52643e-13 	0
0.00419419 	0 	0 	0 	-0.0103006 	-5.24851e-13 	0
0.0042042 	0 	0 	0 	-0.0103006 	-4.97059e-13 	0
0.00421421 	0 	0 	0 	-0.0103006 	-4.69267e-13 	0
0.00422422 	0 	0 	0 	-0.0103006 	-4.41475e-13 	0
0.00423423 	0 	0 	0 	-0.0103006 	-4.13684e-13 	0
0.00424424 	0 	0 	0 	-0.0103006 	-3.85892e-13 	0
0.00425425 	0 	0 	0 	-0.0103006 	-3.581e-13 	0
0.00426426 	0 	0 	0 	-0.0103006 	-3.30308e-13 	0
0.00427427 	0 	0 	0 	-0.0103006 	-3.02516e-13 	0
0.00428428 	0 	0 	0 	-0.0103006 	-2.74725e-13 	0
0.00429429 	0 	0 	0 	-0.0103006 	-2.46933e-13 	0
0.0043043 	0 	0 	0 	-0.0103006 	-2.19141e-13 	0
0.00431431 	0 	0 	0 	-0.0103006 	-1.91349e-13 	0
0.00432432 	0 	0 	0 	-0.0103006 	-1.63557e-13 	0
0.00433433 	0 	0 	0 	-0.0103006 	-1.35766e-13 	0
0.00434434 	0 	0 	0 	-0.0103006 	-1.07974e-13 	0
0.00435435 	0 	0 	0 	-0.0103006 	-8.01821e-14 	0
0.00436436 	0 	0 	0 	-0.0103006 	-5.23903e-14 	0
0.00437437 	0 	0 	0 	-0.0103006 	-2.45985e-14 	0
0.00438438 	0 	0 	0 	-0.0103006 	3.1933e-15 	0
0.00439439 	0 	0 	0 	-0.0103006 	3.09851e-14 	0
0.0044044 	0 	0 	0 	-0.0103006 	5.87769e-14 	0
0.00441441 	0 	0 	0 	-0.0103006 	8.65687e-14 	0
0.00442442 	0 	0 	0 	-0.0103006 	1.1436e-13 	0
0.00443443 	0 	0 	0 	-0.0103006 	1.42152e-13 	0
0.00444444 	0 	0 	0 	-0.0103006 	1.69944e-13 	0
0.00445445 	0 	0 	0 	-0.0103006 	1.97736e-13 	0
0.00446446 	0 	0 	0 	-0.0103006 	2.25528e-13 	0
0.00447447 	0 	0 	0 	-0.0103006 	2.53319e-13 	0
0.00448448 	0 	0 	0 	-0.0103006 	2.81111e-13 	0
0.00449449 	0 	0 	0 	-0.0103006 	3.08903e-13 	0
0.0045045 	0 	0 	0 	-0.0103006 	3.36122e-13 	0
0.00451451 	0 	0 	0 	-0.0103006 	3.6264e-13 	0
0.00452452 	0 	0 	0 	-0.0103006 	3.89158e-13 	0
0.00453453 	0 	0 	0 	-0.0103006 	4.15676e-13 	0
0.00454454 	0 	0 	0 	-0.0103006 	4.42195e-13 	0
0.00455455 	0 	0 	0 	-0.0103006 	4.68713e-13 	0
0.00456456 	0 	0 	0 	-0.0103006 	4.95231e-13 	0
0.00457457 	0 	0 	0 	-0.0103006 	5.21749e-13 	0
0.00458458 	0 	0 	0 	-0.0103006 	5.48268e-13 	0
0.00459459 	0 	0 	0 	-0.0103006 	5.74786e-13 	0
0.0046046 	0 	0 	0 	-0.0103006 	6.01304e-13 	0
0.00461461 	0 	0 	0 	-0.0103006 	6.27822e-13 	0
0.00462462 	0 	0 	0 	-0.0103006 	6.54341e-13 	0
0.00463463 	0 	0 	0 	-0.0103006 	6.80859e-13 	0
0.00464464 	0 	0 	0 	-0.0103006 	7.07377e-13 	0
0.00465465 	0 	0 	0 	-0.0103006 	7.33895e-13 	0
0.00466466 	0 	0 	0 	-0.0103006 	7.60414e-13 	0
0.00467467 	0 	0 	0 	-0.0103006 	7.86932e-13 	0
0.00468468 	0 	0 	0 	-0.0103006 	8.1345e-13 	0
0.00469469 	0 	0 	0 	-0.0103006 	8.39968e-13 	0
0.0047047 	0 	0 	0 	-0.0103006 	8.66487e-13 	0
0.00471471 	0 	0 	0 	-0.0103006 	8.93005e-13 	0
0.00472472 	0 	0 	0 	-0.0103006 	9.19523e-13 	0
0.00473473 	0 	0 	0 	-0.0103006 	9.46041e-13 	0
0.00474474 	0 	0 	0 	-0.0103006 	9.7256e-13 	0
0.00475475 	0 	0 	0 	-0.0103006 	9.99078e-13 	0
0.00476476 	0 	0 	0 	-0.0103006 	1.0256e-12 	0
0.00477477 	0 	0 	0 	-0.0103006 	1.05211e-12 	0
0.00478478 	0 	0 	0 	-0.0103006 	1.07863e-12 	0
0.00479479 	0 	0 	0 	-0.0103006 	1.10515e-12 	0
0.0048048 	0 	0 	0 	-0.0103006 	1.13167e-12 	0
0.00481481 	0 	0 	0 	-0.0103006 	1.15819e-12 	0
0.00482482 	0 	0 	0 	-0.0103006 	1.18471e-12 	0
0.00483483 	0 	0 	0 	-0.0103006 	1.21122e-12 	0
0.00484484 	0 	0 	0 	-0.0103006 	1.23774e-12 	0
0.00485485 	0 	0 	0 	-0.0103006 	1.26426e-12 	0
0.00486486 	0 	0 	0 	-0.0103006 	1.29078e-12 	0
0.00487487 	0 	0 	0 	-0.0103006 	1.3173e-12 	0
0.00488488 	0 	0 	0 	-0.0103006 	1.34382e-12 	0
0.00489489 	0 	0 	0 	-0.0103006 	1.37033e-12 	0
0.0049049 	0 	0 	0 	-0.0103006 	1.39685e-12 	0
0.00491491 	0 	0 	0 	-0.0103006 	1.42337e-12 	0
0.00492492 	0 	0 	0 	-0.0103006 	1.44989e-12 	0
0.00493493 	0 	0 	0 	-0.0103006 	1.47641e-12 	0
0.00494494 	0 	0 	0 	-0.0103006 	1.50292e-12 	0
0.00495495 	0 	0 	0 	-0.0103006 	1.52944e-12 	0
0.00496496 	0 	0 	0 	-0.0103006 	1.55596e-12 	0
0.00497497 	0 	0 	0 	-0.0103006 	1.58248e-12 	0
0.00498498 	0 	0 	0 	-0.0103006 	1.609e-12 	0
0.00499499 	0 	0 	0 	-0.0103006 	1.63552e-12 	0
0.00500501 	0 	0 	0 	-0.0103006 	1.6611e-12 	0
0.00501502 	0 	0 	0 	-0.0103006 	1.68576e-12 	0
0.00502503 	0 	0 	0 	-0.0103006 	1.71042e-12 	0
0.00503504 	0 	0 	0 	-0.0103006 	1.73507e-12 	0
0.00504505 	0 	0 	0 	-0.0103006 	1.75973e-12 	0
0.00505506 	0 	0 	0 	-0.0103006 	1.78439e-12 	0
0.00506507 	0 	0 	0 	-0.0103006 	1.80904e-12 	0
0.00507508 	0 	0 	0 	-0.0103006 	1.8337e-12 	0
0.00508509 	0 	0 	0 	-0.0103006 	1.85836e-12 	0
0.0050951 	0 	0 	0 	-0.0103006 	1.88302e-12 	0
0.00510511 	0 	0 	0 	-0.0103006 	1.90767e-12 	0
0.00511512 	0 	0 	0 	-0.0103006 	1.93233e-12 	0
0.00512513 	0 	0 	0 	-0.0103006 	1.95699e-12 	0
0.00513514 	0 	0 	0 	-0.0103006 	1.98164e-12 	0
0.00514515 	0 	0 	0 	-0.0103006 	2.0063e-12 	0
0.00515516 	0 	0 	0 	-0.0103006 	2.03096e-12 	0
0.00516517 	0 	0 	0 	-0.0103006 	2.05561e-12 	0
0.00517518 	0 	0 	0 	-0.0103006 	2.08027e-12 	0
0.00518519 	0 	0 	0 	-0.0103006 	2.10493e-12 	0
0.0051952 	0 	0 	0 	-0.0103006 	2.12958e-12 	0
0.00520521 	0 	0 	0 	-0.0103006 	2.15424e-12 	0
0.00521522 	0 	0 	0 	-0.0103006 	2.1789e-12 	0
0.00522523 	0 	0 	0 	-0.0103006 	2.20355e-12 	0
0.00523524 	0 	0 	0 	-0.0103006 	2.22821e-12 	0
0.00524525 	0 	0 	0 	-0.0103006 	2.25287e-12 	0
0.00525526 	0 	0 	0 	-0.0103006 	2.27752e-12 	0
0.00526527 	0 	0 	0 	-0.0103006 	2.30218e-12 	0
0.00527528 	0 	0 	0 	-0.0103006 	2.32684e-12 	0
0.00528529 	0 	0 	0 	-0.0103006 	2.3515e-12 	0
0.0052953 	0 	0 	0 	-0.0103006 	2.37615e-12 	0
0.00530531 	0 	0 	0 	-0.0103006 	2.40081e-12 	0
0.00531532 	0 	0 	0 	-0.0103006 	2.42547e-12 	0
0.00532533 	0 	0 	0 	-0.0103006 	2.45012e-12 	0
0.00533534 	0 	0 	0 	-0.0103006 	2.47478e-12 	0
0.00534535 	0 	0 	0 	-0.0103006 	2.49944e-12 	0
0.00535536 	0 	0 	0 	-0.0103006 	2.52409e-12 	0
0.00536537 	0 	0 	0 	-0.0103006 	2.54875e-12 	0
0.00537538 	0 	0 	0 	-0.0103006 	2.57341e-12 	0
0.00538539 	0 	0 	0 	-0.0103006 	2.59806e-12 	0
0.0053954 	0 	0 	0 	-0.0103006 	2.62272e-12 	0
0.00540541 	0 	0 	0 	-0.0103006 	2.64738e-12 	0
0.00541542 	0 	0 	0 	-0.0103006 	2.67203e-12 	0
0.00542543 	0 	0 	0 	-0.0103006 	2.69669e-12 	0
0.00543544 	0 	0 	0 	-0.0103006 	2.72135e-12 	0
0.00544545 	0 	0 	0 	-0.0103006 	2.74601e-12 	0
0.00545546 	0 	0 	0 	-0.0103006 	2.77066e-12 	0
0.00546547 	0 	0 	0 	-0.0103006 	2.79532e-12 	0
0.00547548 	0 	0 	0 	-0.0103006 	2.81998e-12 	0
0.00548549 	0 	0 	0 	-0.0103006 	2.84463e-12 	0
0.0054955 	0 	0 	0 	-0.0103006 	2.86929e-12 	0
0.00550551 	0 	0 	0 	-0.0103006 	2.89255e-12 	0
0.00551552 	0 	0 	0 	-0.0103006 	2.91466e-12 	0
0.00552553 	0 	0 	0 	-0.0103006 	2.93677e-12 	0
0.00553554 	0 	0 	0 	-0.0103006 	2.95888e-12 	0
0.00554555 	0 	0 	0 	-0.0103006 	2.98099e-12 	0
0.00555556 	0 	0 	0 	-0.0103006 	3.0031e-12 	0
0.00556557 	0 	0 	0 	-0.0103006 	3.02521e-12 	0
0.00557558 	0 	0 	0 	-0.0103006 	3.04733e-12 	0
0.00558559 	0 	0 	0 	-0.0103006 	3.06944e-12 	0
0.0055956 	0 	0 	0 	-0.0103006 	3.09155e-12 	0
0.00560561 	0 	0 	0 	-0.0103006 	3.11366e-12 	0
0.00561562 	0 	0 	0 	-0.0103006 	3.13577e-12 	0
0.00562563 	0 	0 	0 	-0.0103006 	3.15788e-12 	0
0.00563564 	0 	0 	0 	-0.0103006 	3.17999e-12 	0
0.00564565 	0 	0 	0 	-0.0103006 	3.2021e-12 	0
0.00565566 	0 	0 	0 	-0.0103006 	3.22422e-12 	0
0.00566567 	0 	0 	0 	-0.0103006 	3.24633e-12 	0
0.00567568 	0 	0 	0 	-0.0103006 	3.26844e-12 	0
0.00568569 	0 	0 	0 	-0.0103006 	3.29055e-12 	0
0.0056957 	0 	0 	0 	-0.0103006 	3.31266e-12 	0
0.00570571 	0 	0 	0 	-0.0103006 	3.33477e-12 	0
0.00571572 	0 	0 	0 	-0.0103006 	3.35688e-12 	0
0.00572573 	0 	0 	0 	-0.0103006 	3.379e-12 	0
0.00573574 	0 	0 	0 	-0.0103006 	3.40111e-12 	0
0.00574575 	0 	0 	0 	-0.0103006 	3.42322e-12 	0
0.00575576 	0 	0 	0 	-0.0103006 	3.44533e-12 	0
0.00576577 	0 	0 	0 	-0.0103006 	3.46744e-12 	0
0.00577578 	0 	0 	0 	-0.0103006 	3.48955e-12 	0
0.00578579 	0 	0 	0 	-0.0103006 	3.51166e-12 	0
0.0057958 	0 	0 	0 	-0.0103006 	3.53377e-12 	0
0.00580581 	0 	0 	0 	-0.0103006 	3.55589e-12 	0
0.00581582 	0 	0 	0 	-0.0103006 	3.578e-12 	0
0.00582583 	0 	0 	0 	-0.0103006 	3.60011e-12 	0
0.00583584 	0 	0 	0 	-0.0103006 	3.62222e-12 	0
0.00584585 	0 	0 	0 	-0.0103006 	3.64433e-12 	0
0.00585586 	0 	0 	0 	-0.0103006 	3.66644e-12 	0
0.00586587 	0 	0 	0 	-0.0103006 	3.68855e-12 	0
0.00587588 	0 	0 	0 	-0.0103006 	3.71066e-12 	0
0.00588589 	0 	0 	0 	-0.0103006 	3.73278e-12 	0
0.0058959 	0 	0 	0 	-0.0103006 	3.75489e-12 	0
0.00590591 	0 	0 	0 	-0.0103006 	3.777e-12 	0
0.00591592 	0 	0 	0 	-0.0103006 	3.79911e-12 	0
0.00592593 	0 	0 	0 	-0.0103006 	3.82122e-12 	0
0.00593594 	0 	0 	0 	-0.0103006 	3.84333e-12 	0
0.00594595 	0 	0 	0 	-0.0103006 	3.86544e-12 	0
0.00595596 	0 	0 	0 	-0.0103006 	3.88756e-12 	0
0.00596597 	0 	0 	0 	-0.0103006 	3.90967e-12 	0
0.00597598 	0 	0 	0 	-0.0103006 	3.93178e-12 	0
0.00598599 	0 	0 	0 	-0.0103006 	3.95389e-12 	0
0.005996 	0 	0 	0 	-0.0103006 	3.976e-12 	0
0.00600601 	0 	0 	0 	-0.0103006 	3.99618e-12 	0
0.00601602 	0 	0 	0 	-0.0103006 	4.01508e-12 	0
0.00602603 	0 	0 	0 	-0.0103006 	4.03397e-12 	0
0.00603604 	0 	0 	0 	-0.0103006 	4.05286e-12 	0
0.00604605 	0 	0 	0 	-0.0103006 	4.07176e-12 	0
0.00605606 	0 	0 	0 	-0.0103006 	4.09065e-12 	0
0.00606607 	0 	0 	0 	-0.0103006 	4.10955e-12 	0
0.00607608 	0 	0 	0 	-0.0103006 	4.12844e-12 	0
0.00608609 	0 	0 	0 	-0.0103006 	4.14734e-12 	0
0.0060961 	0 	0 	0 	-0.0103006 	4.16623e-12 	0
0.00610611 	0 	0 	0 	-0.0103006 	4.18512e-12 	0
0.00611612 	0 	0 	0 	-0.0103006 	4.20402e-12 	0
0.00612613 	0 	0 	0 	-0.0103006 	4.22291e-12 	0
0.00613614 	0 	0 	0 	-0.0103006 	4.24181e-12 	0
0.00614615 	0 	0 	0 	-0.0103006 	4.2607e-12 	0
0.00615616 	0 	0 	0 	-0.0103006 	4.2796e-12 	0
0.00616617 	0 	0 	0 	-0.0103006 	4.29849e-12 	0
0.00617618 	0 	0 	0 	-0.0103006 	4.31738e-12 	0
0.00618619 	0 	0 	0 	-0.0103006 	4.33628e-12 	0
0.0061962 	0 	0 	0 	-0.0103006 	4.35517e-12 	0
0.00620621 	0 	0 	0 	-0.0103006 	4.37407e-12 	0
0.00621622 	0 	0 	0 	-0.0103006 	4.39296e-12 	0
0.00622623 	0 	0 	0 	-0.0103006 	4.41186e-12 	0
0.00623624 	0 	0 	0 	-0.0103006 	4.43075e-12 	0
0.00624625 	0 	0 	0 	-0.0103006 	4.44964e-12 	0
0.00625626 	0 	0 	0 	-0.0103006 	4.46854e-12 	0
0.00626627 	0 	0 	0 	-0.0103006 	4.48743e-12 	0
0.00627628 	0 	0 	0 	-0.0103006 	4.50633e-12 	0
0.00628629 	0 	0 	0 	-0.0103006 	4.52522e-12 	0
0.0062963 	0 	0 	0 	-0.0103006 	4.54412e-12 	0
0.00630631 	0 	0 	0 	-0.0103006 	4.56301e-12 	0
0.00631632 	0 	0 	0 	-0.0103006 	4.5819e-12 	0
0.00632633 	0 	0 	0 	-0.0103006 	4.6008e-12 	0
0.00633634 	0 	0 	0 	-0.0103006 	4.61969e-12 	0
0.00634635 	0 	0 	0 	-0.0103006 	4.63859e-12 	0
0.00635636 	0 	0 	0 	-0.0103006 	4.65748e-12 	0
0.00636637 	0 	0 	0 	-0.0103006 	4.67638e-12 	0
0.00637638 	0 	0 	0 	-0.0103006 	4.69527e-12 	0
0.00638639 	0 	0 	0 	-0.0103006 	4.71416e-12 	0
0.0063964 	0 	0 	0 	-0.0103006 	4.73306e-12 	0
0.00640641 	0 	0 	0 	-0.0103006 	4.75195e-12 	0
0.00641642 	0 	0 	0 	-0.0103006 	4.77085e-12 	0
0.00642643 	0 	0 	0 	-0.0103006 	4.78974e-12 	0
0.00643644 	0 	0 	0 	-0.0103006 	4.80864e-12 	0
0.00644645 	0 	0 	0 	-0.0103006 	4.82753e-12 	0
0.00645646 	0 	0 	0 	-0.0103006 	4.84642e-12 	0
0.00646647 	0 	0 	0 	-0.0103006 	4.86532e-12 	0
0.00647648 	0 	0 	0 	-0.0103006 	4.88421e-12 	0
0.00648649 	0 	0 	0 	-0.0103006 	4.90311e-12 	0
0.0064965 	0 	0 	0 	-0.0103006 	4.922e-12 	0
0.00650651 	0 	0 	0 	-0.0103006 	4.93908e-12 	0
0.00651652 	0 	0 	0 	-0.0103006 	4.95517e-12 	0
0.00652653 	0 	0 	0 	-0.0103006 	4.97127e-12 	0
0.00653654 	0 	0 	0 	-0.0103006 	4.98736e-12 	0
0.00654655 	0 	0 	0 	-0.0103006 	5.00346e-12 	0
0.00655656 	0 	0 	0 	-0.0103006 	5.01955e-12 	0
0.00656657 	0 	0 	0 	-0.0103006 	5.03565e-12 	0
0.00657658 	0 	0 	0 	-0.0103006 	5.05174e-12 	0
0.00658659 	0 	0 	0 	-0.0103006 	5.06783e-12 	0
0.0065966 	0 	0 	0 	-0.0103006 	5.08393e-12 	0
0.00660661 	0 	0 	0 	-0.0103006 	5.10002e-12 	0
0.00661662 	0 	0 	0 	-0.0103006 	5.11612e-12 	0
0.00662663 	0 	0 	0 	-0.0103006 	5.13221e-12 	0
0.00663664 	0 	0 	0 	-0.0103006 	5.14831e-12 	0
0.00664665 	0 	0 	0 	-0.0103006 	5.1644e-12 	0
0.00665666 	0 	0 	0 	-0.0103006 	5.1805e-12 	0
0.00666667 	0 	0 	0 	-0.0103006 	5.19659e-12 	0
0.00667668 	0 	0 	0 	-0.0103006 	5.21269e-12 	0
0.00668669 	0 	0 	0 	-0.0103006 	5.22878e-12 	0
0.0066967 	0 	0 	0 	-0.0103006 	5.24488e-12 	0
0.00670671 	0 	0 	0 	-0.0103006 	5.26097e-12 	0
0.00671672 	0 	0 	0 	-0.0103006 	5.27707e-12 	0
0.00672673 	0 	0 	0 	-0.0103006 	5.29316e-12 	0
0.00673674 	0 	0 	0 	-0.0103006 	5.30926e-12 	0
0.00674675 	0 	0 	0 	-0.0103006 	5.32535e-12 	0
0.00675676 	0 	0 	0 	-0.0103006 	5.34145e-12 	0
0.00676677 	0 	0 	0 	-0.0103006 	5.35754e-12 	0
0.00677678 	0 	0 	0 	-0.0103006 	5.37364e-12 	0
0.00678679 	0 	0 	0 	-0.0103006 	5.38973e-12 	0
0.0067968 	0 	0 	0 	-0.0103006 	5.40583e-12 	0
0.00680681 	0 	0 	0 	-0.0103006 	5.42192e-12 	0
0.00681682 	0 	0 	0 	-0.0103006 	5.43802e-12 	0
0.00682683 	0 	0 	0 	-0.0103006 	5.45411e-12 	0
0.00683684 	0 	0 	0 	-0.0103006 	5.4702e-12 	0
0.00684685 	0 	0 	0 	-0.0103006 	5.4863e-12 	0
0.00685686 	0 	0 	0 	-0.0103006 	5.50239e-12 	0
0.00686687 	0 	0 	0 	-0.0103006 	5.51849e-12 	0
0.00687688 	0 	0 	0 	-0.0103006 	5.53458e-12 	0
0.00688689 	0 	0 	0 	-0.0103006 	5.55068e-12 	0
0.0068969 	0 	0 	0 	-0.0103006 	5.56677e-12 	0
0.00690691 	0 	0 	0 	-0.0103006 	5.58287e-12 	0
0.00691692 	0 	0 	0 	-0.0103006 	5.59896e-12 	0
0.00692693 	0 	0 	0 	-0.0103006 	5.61506e-12 	0
0.00693694 	0 	0 	0 	-0.0103006 	5.63115e-12 	0
0.00694695 	0 	0 	0 	-0.0103006 	5.64725e-12 	0
0.00695696 	0 	0 	0 	-0.0103006 	5.66334e-12 	0
0.00696697 	0 	0 	0 	-0.0103006 	5.67944e-12 	0
0.00697698 	0 	0 	0 	-0.0103006 	5.69553e-12 	0
0.00698699 	0 	0 	0 	-0.0103006 	5.71163e-12 	0
0.006997 	0 	0 	0 	-0.0103006 	5.72772e-12 	0
0.00700701 	0 	0 	0 	-0.0103006 	5.73939e-12 	0
0.00701702 	0 	0 	0 	-0.0103006 	5.74916e-12 	0
0.00702703 	0 	0 	0 	-0.0103006 	5.75894e-12 	0
0.00703704 	0 	0 	0 	-0.0103006 	5.76871e-12 	0
0.00704705 	0 	0 	0 	-0.0103006 	5.77848e-12 	0
0.00705706 	0 	0 	0 	-0.0103006 	5.78825e-12 	0
0.00706707 	0 	0 	0 	-0.0103006 	5.79802e-12 	0
0.00707708 	0 	0 	0 	-0.0103006 	5.8078e-12 	0
0.00708709 	0 	0 	0 	-0.0103006 	5.81757e-12 	0
0.0070971 	0 	0 	0 	-0.0103006 	5.82734e-12 	0
0.00710711 	0 	0 	0 	-0.0103006 	5.83711e-12 	0
0.00711712 	0 	0 	0 	-0.0103006 	5.84689e-12 	0
0.00712713 	0 	0 	0 	-0.0103006 	5.85666e-12 	0
0.00713714 	0 	0 	0 	-0.0103006 	5.86643e-12 	0
0.00714715 	0 	0 	0 	-0.0103006 	5.8762e-12 	0
0.00715716 	0 	0 	0 	-0.0103006 	5.88597e-12 	0
0.00716717 	0 	0 	0 	-0.0103006 	5.89575e-12 	0
0.00717718 	0 	0 	0 	-0.0103006 	5.90552e-12 	0
0.00718719 	0 	0 	0 	-0.0103006 	5.91529e-12 	0
0.0071972 	0 	0 	0 	-0.0103006 	5.92506e-12 	0
0.00720721 	0 	0 	0 	-0.0103006 	5.93484e-12 	0
0.00721722 	0 	0 	0 	-0.0103006 	5.94461e-12 	0
0.00722723 	0 	0 	0 	-0.0103006 	5.95438e-12 	0
0.00723724 	0 	0 	0 	-0.0103006 	5.96415e-12 	0
0.00724725 	0 	0 	0 	-0.0103006 	5.97393e-12 	0
0.00725726 	0 	0 	0 	-0.0103006 	5.9837e-12 	0
0.00726727 	0 	0 	0 	-0.0103006 	5.99347e-12 	0
0.00727728 	0 	0 	0 	-0.0103006 	6.00324e-12 	0
0.00728729 	0 	0 	0 	-0.0103006 	6.01301e-12 	0
0.0072973 	0 	0 	0 	-0.0103006 	6.02279e-12 	0
0.00730731 	0 	0 	0 	-0.0103006 	6.03256e-12 	0
0.00731732 	0 	0 	0 	-0.0103006 	6.04233e-12 	0
0.00732733 	0 	0 	0 	-0.0103006 	6.0521e-12 	0
0.00733734 	0 	0 	0 	-0.0103006 	6.06188e-12 	0
0.00734735 	0 	0 	0 	-0.0103006 	6.07165e-12 	0
0.00735736 	0 	0 	0 	-0.0103006 	6.08142e-12 	0
0.00736737 	0 	0 	0 	-0.0103006 	6.09119e-12 	0
0.00737738 	0 	0 	0 	-0.0103006 	6.10096e-12 	0
0.00738739 	0 	0 	0 	-0.0103006 	6.11074e-12 	0
0.0073974 	0 	0 	0 	-0.0103006 	6.12051e-12 	0
0.00740741 	0 	0 	0 	-0.0103006 	6.13028e-12 	0
0.00741742 	0 	0 	0 	-0.0103006 	6.14005e-12 	0
0.00742743 	0 	0 	0 	-0.0103006 	6.14983e-12 	0
0.00743744 	0 	0 	0 	-0.0103006 	6.1596e-12 	0
0.00744745 	0 	0 	0 	-0.0103006 	6.16937e-12 	0
0.00745746 	0 	0 	0 	-0.0103006 	6.17914e-12 	0
0.00746747 	0 	0 	0 	-0.0103006 	6.18892e-12 	0
0.00747748 	0 	0 	0 	-0.0103006 	6.19869e-12 	0
0.00748749 	0 	0 	0 	-0.0103006 	6.20846e-12 	0
0.0074975 	0 	0 	0 	-0.0103006 	6.21823e-12 	0
0.00750751 	0 	0 	0 	-0.0103006 	6.22125e-12 	0
0.00751752 	0 	0 	0 	-0.0103006 	6.22202e-12 	0
0.00752753 	0 	0 	0 	-0.0103006 	6.22279e-12 	0
0.00753754 	0 	0 	0 	-0.0103006 	6.22356e-12 	0
0.00754755 	0 	0 	0 	-0.0103006 	6.22433e-12 	0
0.00755756 	0 	0 	0 	-0.0103006 	6.2251e-12 	0
0.00756757 	0 	0 	0 	-0.0103006 	6.22587e-12 	0
0.00757758 	0 	0 	0 	-0.0103006 	6.22664e-12 	0
0.00758759 	0 	0 	0 	-0.0103006 	6.22741e-12 	0
0.0075976 	0 	0 	0 	-0.0103006 	6.22818e-12 	0
0.00760761 	0 	0 	0 	-0.0103006 	6.22895e-12 	0
0.00761762 	0 	0 	0 	-0.0103006 	6.22972e-12 	0
0.00762763 	0 	0 	0 	-0.0103006 	6.23049e-12 	0
0.00763764 	0 	0 	0 	-0.0103006 	6.23126e-12 	0
0.00764765 	0 	0 	0 	-0.0103006 	6.23204e-12 	0
0.00765766 	0 	0 	0 	-0.0103006 	6.23281e-12 	0
0.00766767 	0 	0 	0 	-0.0103006 	6.23358e-12 	0
0.00767768 	0 	0 	0 	-0.0103006 	6.23435e-12 	0
0.00768769 	0 	0 	0 	-0.0103006 	6.23512e-12 	0
0.0076977 	0 	0 	0 	-0.0103006 	6.23589e-12 	0
0.00770771 	0 	0 	0 	-0.0103006 	6.23666e-12 	0
0.00771772 	0 	0 	0 	-0.0103006 	6.23743e-12 	0
0.00772773 	0 	0 	0 	-0.0103006 	6.2382e-12 	0
0.00773774 	0 	0 	0 	-0.0103006 	6.23897e-12 	0
0.00774775 	0 	0 	0 	-0.0103006 	6.23974e-12 	0
0.00775776 	0 	0 	0 	-0.0103006 	6.24051e-12 	0
0.00776777 	0 	0 	0 	-0.0103006 	6.24128e-12 	0
0.00777778 	0 	0 	0 	-0.0103006 	6.24205e-12 	0
0.00778779 	0 	0 	0 	-0.0103006 	6.24282e-12 	0
0.0077978 	0 	0 	0 	-0.0103006 	6.24359e-12 	0
0.00780781 	0 	0 	0 	-0.0103006 	6.24436e-12 	0
0.00781782 	0 	0 	0 	-0.0103006 	6.24513e-12 	0
0.00782783 	0 	0 	0 	-0.0103006 	6.2459e-12 	0
0.00783784 	0 	0 	0 	-0.0103006 	6.24667e-12 	0
0.00784785 	0 	0 	0 	-0.0103006 	6.24744e-12 	0
0.00785786 	0 	0 	0 	-0.0103006 	6.24821e-12 	0
0.00786787 	0 	0 	0 	-0.0103006 	6.24898e-12 	0
0.00787788 	0 	0 	0 	-0.0103006 	6.24975e-12 	0
0.00788789 	0 	0 	0 	-0.0103006 	6.25052e-12 	0
0.0078979 	0 	0 	0 	-0.0103006 	6.25129e-12 	0
0.00790791 	0 	0 	0 	-0.0103006 	6.25206e-12 	0
0.00791792 	0 	0 	0 	-0.0103006 	6.25283e-12 	0
0.00792793 	0 	0 	0 	-0.0103006 	6.2536e-12 	0
0.00793794 	0 	0 	0 	-0.0103006 	6.25437e-12 	0
0.00794795 	0 	0 	0 	-0.0103006 	6.25514e-12 	0
0.00795796 	0 	0 	0 	-0.0103006 	6.25591e-12 	0
0.00796797 	0 	0 	0 	-0.0103006 	6.25668e-12 	0
0.00797798 	0 	0 	0 	-0.0103006 	6.25745e-12 	0
0.00798799 	0 	0 	0 	-0.0103006 	6.25822e-12 	0
0.007998 	0 	0 	0 	-0.0103006 	6.25899e-12 	0
0.00800801 	0 	0 	0 	-0.0103006 	6.25187e-12 	0
0.00801802 	0 	0 	0 	-0.0103006 	6.24277e-12 	0
0.00802803 	0 	0 	0 	-0.0103006 	6.23367e-12 	0
0.00803804 	0 	0 	0 	-0.0103006 	6.22458e-12 	0
0.00804805 	0 	0 	0 	-0.0103006 	6.21548e-12 	0
0.00805806 	0 	0 	0 	-0.0103006 	6.20638e-12 	0
0.00806807 	0 	0 	0 	-0.0103006 	6.19729e-12 	0
0.00807808 	0 	0 	0 	-0.0103006 	6.18819e-12 	0
0.00808809 	0 	0 	0 	-0.0103006 	6.17909e-12 	0
0.0080981 	0 	0 	0 	-0.0103006 	6.16999e-12 	0
0.00810811 	0 	0 	0 	-0.0103006 	6.1609e-12 	0
0.00811812 	0 	0 	0 	-0.0103006 	6.1518e-12 	0
0.00812813 	0 	0 	0 	-0.0103006 	6.1427e-12 	0
0.00813814 	0 	0 	0 	-0.0103006 	6.13361e-12 	0
0.00814815 	0 	0 	0 	-0.0103006 	6.12451e-12 	0
0.00815816 	0 	0 	0 	-0.0103006 	6.11541e-12 	0
0.00816817 	0 	0 	0 	-0.0103006 	6.10632e-12 	0
0.00817818 	0 	0 	0 	-0.0103006 	6.09722e-12 	0
0.00818819 	0 	0 	0 	-0.0103006 	6.08812e-12 	0
0.0081982 	0 	0 	0 	-0.0103006 	6.07902e-12 	0
0.00820821 	0 	0 	0 	-0.0103006 	6.06993e-12 	0
0.00821822 	0 	0 	0 	-0.0103006 	6.06083e-12 	0
0.00822823 	0 	0 	0 	-0.0103006 	6.05173e-12 	0
0.00823824 	0 	0 	0 	-0.0103006 	6.04264e-12 	0
0.00824825 	0 	0 	0 	-0.0103006 	6.03354e-12 	0
0.00825826 	0 	0 	0 	-0.0103006 	6.02444e-12 	0
0.00826827 	0 	0 	0 	-0.0103006 	6.01535e-12 	0
0.00827828 	0 	0 	0 	-0.0103006 	6.00625e-12 	0
0.00828829 	0 	0 	0 	-0.0103006 	5.99715e-12 	0
0.0082983 	0 	0 	0 	-0.0103006 	5.98805e-12 	0
0.00830831 	0 	0 	0 	-0.0103006 	5.97896e-12 	0
0.00831832 	0 	0 	0 	-0.0103006 	5.96986e-12 	0
0.00832833 	0 	0 	0 	-0.0103006 	5.96076e-12 	0
0.00833834 	0 	0 	0 	-0.0103006 	5.95167e-12 	0
0.00834835 	0 	0 	0 	-0.0103006 	5.94257e-12 	0
0.00835836 	0 	0 	0 	-0.0103006 	5.93347e-12 	0
0.00836837 	0 	0 	0 	-0.0103006 	5.92438e-12 	0
0.00837838 	0 	0 	0 	-0.0103006 	5.91528e-12 	0
0.00838839 	0 	0 	0 	-0.0103006 	5.90618e-12 	0
0.0083984 	0 	0 	0 	-0.0103006 	5.89708e-12 	0
0.00840841 	0 	0 	0 	-0.0103006 	5.88799e-12 	0
0.00841842 	0 	0 	0 	-0.0103006 	5.87889e-12 	0
0.00842843 	0 	0 	0 	-0.0103006 	5.86979e-12 	0
0.00843844 	0 	0 	0 	-0.0103006 	5.8607e-12 	0
0.00844845 	0 	0 	0 	-0.0103006 	5.8516e-12 	0
0.00845846 	0 	0 	0 	-0.0103006 	5.8425e-12 	0
0.00846847 	0 	0 	0 	-0.0103006 	5.83341e-12 	0
0.00847848 	0 	0 	0 	-0.0103006 	5.82431e-12 	0
0.00848849 	0 	0 	0 	-0.0103006 	5.81521e-12 	0
0.0084985 	0 	0 	0 	-0.0103006 	5.80611e-12 	0
0.00850851 	0 	0 	0 	-0.0103006 	5.79336e-12 	0
0.00851852 	0 	0 	0 	-0.0103006 	5.77996e-12 	0
0.00852853 	0 	0 	0 	-0.0103006 	5.76657e-12 	0
0.00853854 	0 	0 	0 	-0.0103006 	5.75317e-12 	0
0.00854855 	0 	0 	0 	-0.0103006 	5.73977e-12 	0
0.00855856 	0 	0 	0 	-0.0103006 	5.72637e-12 	0
0.00856857 	0 	0 	0 	-0.0103006 	5.71298e-12 	0
0.00857858 	0 	0 	0 	-0.0103006 	5.69958e-12 	0
0.00858859 	0 	0 	0 	-0.0103006 	5.68618e-12 	0
0.0085986 	0 	0 	0 	-0.0103006 	5.67278e-12 	0
0.00860861 	0 	0 	0 	-0.0103006 	5.65938e-12 	0
0.00861862 	0 	0 	0 	-0.0103006 	5.64599e-12 	0
0.00862863 	0 	0 	0 	-0.0103006 	5.63259e-12 	0
0.00863864 	0 	0 	0 	-0.0103006 	5.61919e-12 	0
0.00864865 	0 	0 	0 	-0.0103006 	5.60579e-12 	0
0.00865866 	0 	0 	0 	-0.0103006 	5.5924e-12 	0
0.00866867 	0 	0 	0 	-0.0103006 	5.579e-12 	0
0.00867868 	0 	0 	0 	-0.0103006 	5.5656e-12 	0
0.00868869 	0 	0 	0 	-0.0103006 	5.5522e-12 	0
0.0086987 	0 	0 	0 	-0.0103006 	5.53881e-12 	0
0.00870871 	0 	0 	0 	-0.0103006 	5.52541e-12 	0
0.00871872 	0 	0 	0 	-0.0103006 	5.51201e-12 	0
0.00872873 	0 	0 	0 	-0.0103006 	5.49861e-12 	0
0.00873874 	0 	0 	0 	-0.0103006 	5.48521e-12 	0
0.00874875 	0 	0 	0 	-0.0103006 	5.47182e-12 	0
0.00875876 	0 	0 	0 	-0.0103006 	5.45842e-12 	0
0.00876877 	0 	0 	0 	-0.0103006 	5.44502e-12 	0
0.00877878 	0 	0 	0 	-0.0103006 	5.43162e-12 	0
0.00878879 	0 	0 	0 	-0.0103006 	5.41823e-12 	0
0.0087988 	0 	0 	0 	-0.0103006 	5.40483e-12 	0
0.00880881 	0 	0 	0 	-0.0103006 	5.39143e-12 	0
0.00881882 	0 	0 	0 	-0.0103006 	5.37803e-12 	0
0.00882883 	0 	0 	0 	-0.0103006 	5.36464e-12 	0
0.00883884 	0 	0 	0 	-0.0103006 	5.35124e-12 	0
0.00884885 	0 	0 	0 	-0.0103006 	5.33784e-12 	0
0.00885886 	0 	0 	0 	-0.0103006 	5.32444e-12 	0
0.00886887 	0 	0 	0 	-0.0103006 	5.31104e-12 	0
0.00887888 	0 	0 	0 	-0.0103006 	5.29765e-12 	0
0.00888889 	0 	0 	0 	-0.0103006 	5.28425e-12 	0
0.0088989 	0 	0 	0 	-0.0103006 	5.27085e-12 	0
0.00890891 	0 	0 	0 	-0.0103006 	5.25745e-12 	0
0.00891892 	0 	0 	0 	-0.0103006 	5.24406e-12 	0
0.00892893 	0 	0 	0 	-0.0103006 	5.23066e-12 	0
0.00893894 	0 	0 	0 	-0.0103006 	5.21726e-12 	0
0.00894895 	0 	0 	0 	-0.0103006 	5.20386e-12 	0
0.00895896 	0 	0 	0 	-0.0103006 	5.19047e-12 	0
0.00896897 	0 	0 	0 	-0.0103006 	5.17707e-12 	0
0.00897898 	0 	0 	0 	-0.0103006 	5.16367e-12 	0
0.00898899 	0 	0 	0 	-0.0103006 	5.15027e-12 	0
0.008999 	0 	0 	0 	-0.0103006 	5.13687e-12 	0
0.00900901 	0 	0 	0 	-0.0103006 	5.08969e-12 	0
0.00901902 	0 	0 	0 	-0.0103006 	5.03876e-12 	0
0.00902903 	0 	0 	0 	-0.0103006 	4.98782e-12 	0
0.00903904 	0 	0 	0 	-0.0103006 	4.93689e-12 	0
0.00904905 	0 	0 	0 	-0.0103006 	4.88595e-12 	0
0.00905906 	0 	0 	0 	-0.0103006 	4.83501e-12 	0
0.00906907 	0 	0 	0 	-0.0103006 	4.78408e-12 	0
0.00907908 	0 	0 	0 	-0.0103006 	4.73314e-12 	0
0.00908909 	0 	0 	0 	-0.0103006 	4.68221e-12 	0
0.0090991 	0 	0 	0 	-0.0103006 	4.63127e-12 	0
0.00910911 	0 	0 	0 	-0.0103006 	4.58034e-12 	0
0.00911912 	0 	0 	0 	-0.0103006 	4.5294e-12 	0
0.00912913 	0 	0 	0 	-0.0103006 	4.47846e-12 	0
0.00913914 	0 	0 	0 	-0.0103006 	4.42753e-12 	0
0.00914915 	0 	0 	0 	-0.0103006 	4.37659e-12 	0
0.00915916 	0 	0 	0 	-0.0103006 	4.32566e-12 	0
0.00916917 	0 	0 	0 	-0.0103006 	4.27472e-12 	0
0.00917918 	0 	0 	0 	-0.0103006 	4.22379e-12 	0
0.00918919 	0 	0 	0 	-0.0103006 	4.17285e-12 	0
0.0091992 	0 	0 	0 	-0.0103006 	4.12191e-12 	0
0.00920921 	0 	0 	0 	-0.0103006 	4.07098e-12 	0
0.00921922 	0 	0 	0 	-0.0103006 	4.02004e-12 	0
0.00922923 	0 	0 	0 	-0.0103006 	3.96911e-12 	0
0.00923924 	0 	0 	0 	-0.0103006 	3.91817e-12 	0
0.00924925 	0 	0 	0 	-0.0103006 	3.86724e-12 	0
0.00925926 	0 	0 	0 	-0.0103006 	3.8163e-12 	0
0.00926927 	0 	0 	0 	-0.0103006 	3.76537e-12 	0
0.00927928 	0 	0 	0 	-0.0103006 	3.71443e-12 	0
0.00928929 	0 	0 	0 	-0.0103006 	3.66349e-12 	0
0.0092993 	0 	0 	0 	-0.0103006 	3.61256e-12 	0
0.00930931 	0 	0 	0 	-0.0103006 	3.56162e-12 	0
0.00931932 	0 	0 	0 	-0.0103006 	3.51069e-12 	0
0.00932933 	0 	0 	0 	-0.0103006 	3.45975e-12 	0
0.00933934 	0 	0 	0 	-0.0103006 	3.40882e-12 	0
0.00934935 	0 	0 	0 	-0.0103006 	3.35788e-12 	0
0.00935936 	0 	0 	0 	-0.0103006 	3.30694e-12 	0
0.00936937 	0 	0 	0 	-0.0103006 	3.25601e-12 	0
0.00937938 	0 	0 	0 	-0.0103006 	3.20507e-12 	0
0.00938939 	0 	0 	0 	-0.0103006 	3.15414e-12 	0
0.0093994 	0 	0 	0 	-0.0103006 	3.1032e-12 	0
0.00940941 	0 	0 	0 	-0.0103006 	3.05227e-12 	0
0.00941942 	0 	0 	0 	-0.0103006 	3.00133e-12 	0
0.00942943 	0 	0 	0 	-0.0103006 	2.95039e-12 	0
0.00943944 	0 	0 	0 	-0.0103006 	2.89946e-12 	0
0.00944945 	0 	0 	0 	-0.0103006 	2.84852e-12 	0
0.00945946 	0 	0 	0 	-0.0103006 	2.79759e-12 	0
0.00946947 	0 	0 	0 	-0.0103006 	2.74665e-12 	0
0.00947948 	0 	0 	0 	-0.0103006 	2.69572e-12 	0
0.00948949 	0 	0 	0 	-0.0103006 	2.64478e-12 	0
0.0094995 	0 	0 	0 	-0.0103006 	2.59384e-12 	0
0.00950951 	0 	0 	0 	-0.0103006 	2.4617e-12 	0
0.00951952 	0 	0 	0 	-0.0103006 	2.32529e-12 	0
0.00952953 	0 	0 	0 	-0.0103006 	2.18887e-12 	0
0.00953954 	0 	0 	0 	-0.0103006 	2.05246e-12 	0
0.00954955 	0 	0 	0 	-0.0103006 	1.91604e-12 	0
0.00955956 	0 	0 	0 	-0.0103006 	1.77963e-12 	0
0.00956957 	0 	0 	0 	-0.0103006 	1.64321e-12 	0
0.00957958 	0 	0 	0 	-0.0103006 	1.50679e-12 	0
0.00958959 	0 	0 	0 	-0.0103006 	1.37038e-12 	0
0.0095996 	0 	0 	0 	-0.0103006 	1.23396e-12 	0
0.00960961 	0 	0 	0 	-0.0103006 	1.09755e-12 	0
0.00961962 	0 	0 	0 	-0.0103006 	9.61132e-13 	0
0.00962963 	0 	0 	0 	-0.0103006 	8.24717e-13 	0
0.00963964 	0 	0 	0 	-0.0103006 	6.88301e-13 	0
0.00964965 	0 	0 	0 	-0.0103006 	5.51886e-13 	0
0.00965966 	0 	0 	0 	-0.0103006 	4.1547e-13 	0
0.00966967 	0 	0 	0 	-0.0103006 	2.79055e-13 	0
0.00967968 	0 	0 	0 	-0.0103006 	1.42639e-13 	0
0.00968969 	0 	0 	0 	-0.0103006 	6.22348e-15 	0
0.0096997 	0 	0 	0 	-0.0103006 	-1.30192e-13 	0
0.00970971 	0 	0 	0 	-0.0103006 	-2.66608e-13 	0
0.00971972 	0 	0 	0 	-0.0103006 	-4.03023e-13 	0
0.00972973 	0 	0 	0 	-0.0103006 	-5.39439e-13 	0
0.00973974 	0 	0 	0 	-0.0103006 	-6.75854e-13 	0
0.00974975 	0 	0 	0 	-0.0103006 	-8.1227e-13 	0
0.00975976 	0 	0 	0 	-0.0103006 	-9.48685e-13 	0
0.00976977 	0 	0 	0 	-0.0103006 	-1.0851e-12 	0
0.00977978 	0 	0 	0 	-0.0103006 	-1.22152e-12 	0
0.00978979 	0 	0 	0 	-0.0103006 	-1.35793e-12 	0
0.0097998 	0 	0 	0 	-0.0103006 	-1.49435e-12 	0
0.00980981 	0 	0 	0 	-0.0103006 	-1.63076e-12 	0
0.00981982 	0 	0 	0 	-0.0103006 	-1.76718e-12 	0
0.00982983 	0 	0 	0 	-0.0103006 	-1.90359e-12 	0
0.00983984 	0 	0 	0 	-0.0103006 	-2.04001e-12 	0
0.00984985 	0 	0 	0 	-0.0103006 	-2.17642e-12 	0
0.00985986 	0 	0 	0 	-0.0103006 	-2.31284e-12 	0
0.00986987 	0 	0 	0 	-0.0103006 	-2.44926e-12 	0
0.00987988 	0 	0 	0 	-0.0103006 	-2.58567e-12 	0
0.00988989 	0 	0 	0 	-0.0103006 	-2.72209e-12 	0
0.0098999 	0 	0 	0 	-0.0103006 	-2.8585e-12 	0
0.00990991 	0 	0 	0 	-0.0103006 	-2.99492e-12 	0
0.00991992 	0 	0 	0 	-0.0103006 	-3.13133e-12 	0
0.00992993 	0 	0 	0 	-0.0103006 	-3.26775e-12 	0
0.00993994 	0 	0 	0 	-0.0103006 	-3.40416e-12 	0
0.00994995 	0 	0 	0 	-0.0103006 	-3.54058e-12 	0
0.00995996 	0 	0 	0 	-0.0103006 	-3.677e-12 	0
0.00996997 	0 	0 	0 	-0.0103006 	-3.81341e-12 	0
0.00997998 	0 	0 	0 	-0.0103006 	-3.94983e-12 	0
0.00998999 	0 	0 	0 	-0.0103006 	-4.08624e-12 	0
0.01 	0 	0 	0 	-0.0103006 	-4.22266e-12 	0
