# y+ ()       
# Time        	patch         	min           	max           	average       
0.01          	bottomWall	4.762330e-01	4.762330e-01	4.762330e-01
0.02          	bottomWall	4.059772e-01	4.059772e-01	4.059772e-01
0.03          	bottomWall	5.514894e-01	5.514894e-01	5.514894e-01
0.04          	bottomWall	5.865702e-01	5.865702e-01	5.865702e-01
0.05          	bottomWall	6.028497e-01	6.028497e-01	6.028497e-01
0.06          	bottomWall	6.112595e-01	6.112595e-01	6.112595e-01
0.07          	bottomWall	6.153641e-01	6.153641e-01	6.153641e-01
0.08          	bottomWall	6.167915e-01	6.167915e-01	6.167915e-01
0.09          	bottomWall	6.164787e-01	6.164787e-01	6.164787e-01
0.1           	bottomWall	6.150277e-01	6.150277e-01	6.150277e-01
0.11          	bottomWall	6.128372e-01	6.128372e-01	6.128372e-01
0.12          	bottomWall	6.101723e-01	6.101723e-01	6.101723e-01
0.13          	bottomWall	6.072084e-01	6.072084e-01	6.072084e-01
0.14          	bottomWall	6.040612e-01	6.040612e-01	6.040612e-01
0.15          	bottomWall	6.008070e-01	6.008070e-01	6.008070e-01
0.16          	bottomWall	5.974957e-01	5.974957e-01	5.974957e-01
0.17          	bottomWall	5.941595e-01	5.941595e-01	5.941595e-01
0.18          	bottomWall	5.908185e-01	5.908185e-01	5.908185e-01
0.19          	bottomWall	5.874853e-01	5.874853e-01	5.874853e-01
0.2           	bottomWall	5.841668e-01	5.841668e-01	5.841668e-01
0.21          	bottomWall	5.808662e-01	5.808662e-01	5.808662e-01
0.22          	bottomWall	5.775845e-01	5.775845e-01	5.775845e-01
0.23          	bottomWall	5.743209e-01	5.743209e-01	5.743209e-01
0.24          	bottomWall	5.710736e-01	5.710736e-01	5.710736e-01
0.25          	bottomWall	5.678401e-01	5.678401e-01	5.678401e-01
0.26          	bottomWall	5.646176e-01	5.646176e-01	5.646176e-01
0.27          	bottomWall	5.614029e-01	5.614029e-01	5.614029e-01
0.28          	bottomWall	5.581929e-01	5.581929e-01	5.581929e-01
0.29          	bottomWall	5.549844e-01	5.549844e-01	5.549844e-01
0.3           	bottomWall	5.517742e-01	5.517742e-01	5.517742e-01
0.31          	bottomWall	5.485593e-01	5.485593e-01	5.485593e-01
0.32          	bottomWall	5.453367e-01	5.453367e-01	5.453367e-01
0.33          	bottomWall	5.421036e-01	5.421036e-01	5.421036e-01
0.34          	bottomWall	5.388573e-01	5.388573e-01	5.388573e-01
0.35          	bottomWall	5.355953e-01	5.355953e-01	5.355953e-01
0.36          	bottomWall	5.323151e-01	5.323151e-01	5.323151e-01
0.37          	bottomWall	5.290144e-01	5.290144e-01	5.290144e-01
0.38          	bottomWall	5.256911e-01	5.256911e-01	5.256911e-01
0.39          	bottomWall	5.223431e-01	5.223431e-01	5.223431e-01
0.4           	bottomWall	5.189685e-01	5.189685e-01	5.189685e-01
0.41          	bottomWall	5.155654e-01	5.155654e-01	5.155654e-01
0.42          	bottomWall	5.121320e-01	5.121320e-01	5.121320e-01
0.43          	bottomWall	5.086667e-01	5.086667e-01	5.086667e-01
0.44          	bottomWall	5.051679e-01	5.051679e-01	5.051679e-01
0.45          	bottomWall	5.016341e-01	5.016341e-01	5.016341e-01
0.46          	bottomWall	4.980638e-01	4.980638e-01	4.980638e-01
0.47          	bottomWall	4.944557e-01	4.944557e-01	4.944557e-01
0.48          	bottomWall	4.908084e-01	4.908084e-01	4.908084e-01
0.49          	bottomWall	4.871206e-01	4.871206e-01	4.871206e-01
0.5           	bottomWall	4.833910e-01	4.833910e-01	4.833910e-01
0.51          	bottomWall	4.796186e-01	4.796186e-01	4.796186e-01
0.52          	bottomWall	4.758020e-01	4.758020e-01	4.758020e-01
0.53          	bottomWall	4.719402e-01	4.719402e-01	4.719402e-01
0.54          	bottomWall	4.680321e-01	4.680321e-01	4.680321e-01
0.55          	bottomWall	4.640765e-01	4.640765e-01	4.640765e-01
0.56          	bottomWall	4.600723e-01	4.600723e-01	4.600723e-01
0.57          	bottomWall	4.560185e-01	4.560185e-01	4.560185e-01
0.58          	bottomWall	4.519141e-01	4.519141e-01	4.519141e-01
0.59          	bottomWall	4.477579e-01	4.477579e-01	4.477579e-01
0.6           	bottomWall	4.435489e-01	4.435489e-01	4.435489e-01
0.61          	bottomWall	4.392859e-01	4.392859e-01	4.392859e-01
0.62          	bottomWall	4.349680e-01	4.349680e-01	4.349680e-01
0.63          	bottomWall	4.305939e-01	4.305939e-01	4.305939e-01
0.64          	bottomWall	4.261626e-01	4.261626e-01	4.261626e-01
0.65          	bottomWall	4.216728e-01	4.216728e-01	4.216728e-01
0.66          	bottomWall	4.171235e-01	4.171235e-01	4.171235e-01
0.67          	bottomWall	4.125133e-01	4.125133e-01	4.125133e-01
0.68          	bottomWall	4.078410e-01	4.078410e-01	4.078410e-01
0.69          	bottomWall	4.031052e-01	4.031052e-01	4.031052e-01
0.7           	bottomWall	3.983046e-01	3.983046e-01	3.983046e-01
0.71          	bottomWall	3.934376e-01	3.934376e-01	3.934376e-01
0.72          	bottomWall	3.885028e-01	3.885028e-01	3.885028e-01
0.73          	bottomWall	3.834985e-01	3.834985e-01	3.834985e-01
0.74          	bottomWall	3.784230e-01	3.784230e-01	3.784230e-01
0.75          	bottomWall	3.732745e-01	3.732745e-01	3.732745e-01
0.76          	bottomWall	3.680509e-01	3.680509e-01	3.680509e-01
0.77          	bottomWall	3.627503e-01	3.627503e-01	3.627503e-01
0.78          	bottomWall	3.573703e-01	3.573703e-01	3.573703e-01
0.79          	bottomWall	3.519085e-01	3.519085e-01	3.519085e-01
0.8           	bottomWall	3.463624e-01	3.463624e-01	3.463624e-01
0.81          	bottomWall	3.407290e-01	3.407290e-01	3.407290e-01
0.82          	bottomWall	3.350054e-01	3.350054e-01	3.350054e-01
0.83          	bottomWall	3.291881e-01	3.291881e-01	3.291881e-01
0.84          	bottomWall	3.232734e-01	3.232734e-01	3.232734e-01
0.85          	bottomWall	3.172574e-01	3.172574e-01	3.172574e-01
0.86          	bottomWall	3.111355e-01	3.111355e-01	3.111355e-01
0.87          	bottomWall	3.049029e-01	3.049029e-01	3.049029e-01
0.88          	bottomWall	2.985540e-01	2.985540e-01	2.985540e-01
0.89          	bottomWall	2.920828e-01	2.920828e-01	2.920828e-01
0.9           	bottomWall	2.854825e-01	2.854825e-01	2.854825e-01
0.91          	bottomWall	2.787453e-01	2.787453e-01	2.787453e-01
0.92          	bottomWall	2.718628e-01	2.718628e-01	2.718628e-01
0.93          	bottomWall	2.648249e-01	2.648249e-01	2.648249e-01
0.94          	bottomWall	2.576205e-01	2.576205e-01	2.576205e-01
0.95          	bottomWall	2.502367e-01	2.502367e-01	2.502367e-01
0.96          	bottomWall	2.426585e-01	2.426585e-01	2.426585e-01
0.97          	bottomWall	2.348686e-01	2.348686e-01	2.348686e-01
0.98          	bottomWall	2.268465e-01	2.268465e-01	2.268465e-01
0.99          	bottomWall	2.185679e-01	2.185679e-01	2.185679e-01
1             	bottomWall	2.100035e-01	2.100035e-01	2.100035e-01
1.01          	bottomWall	2.011180e-01	2.011180e-01	2.011180e-01
1.02          	bottomWall	1.918676e-01	1.918676e-01	1.918676e-01
1.03          	bottomWall	1.821973e-01	1.821973e-01	1.821973e-01
1.04          	bottomWall	1.720366e-01	1.720366e-01	1.720366e-01
1.05          	bottomWall	1.612928e-01	1.612928e-01	1.612928e-01
1.06          	bottomWall	1.498397e-01	1.498397e-01	1.498397e-01
1.07          	bottomWall	1.374987e-01	1.374987e-01	1.374987e-01
1.08          	bottomWall	1.240023e-01	1.240023e-01	1.240023e-01
1.09          	bottomWall	1.089174e-01	1.089174e-01	1.089174e-01
1.1           	bottomWall	9.145332e-02	9.145332e-02	9.145332e-02
1.11          	bottomWall	6.983336e-02	6.983336e-02	6.983336e-02
1.12          	bottomWall	3.740402e-02	3.740402e-02	3.740402e-02
1.13          	bottomWall	4.552718e-02	4.552718e-02	4.552718e-02
1.14          	bottomWall	7.465447e-02	7.465447e-02	7.465447e-02
1.15          	bottomWall	9.512023e-02	9.512023e-02	9.512023e-02
1.16          	bottomWall	1.117016e-01	1.117016e-01	1.117016e-01
1.17          	bottomWall	1.259158e-01	1.259158e-01	1.259158e-01
1.18          	bottomWall	1.384892e-01	1.384892e-01	1.384892e-01
1.19          	bottomWall	1.498374e-01	1.498374e-01	1.498374e-01
1.2           	bottomWall	1.602251e-01	1.602251e-01	1.602251e-01
1.21          	bottomWall	1.698336e-01	1.698336e-01	1.698336e-01
1.22          	bottomWall	1.787941e-01	1.787941e-01	1.787941e-01
1.23          	bottomWall	1.872050e-01	1.872050e-01	1.872050e-01
1.24          	bottomWall	1.951432e-01	1.951432e-01	1.951432e-01
1.25          	bottomWall	2.026698e-01	2.026698e-01	2.026698e-01
1.26          	bottomWall	2.098350e-01	2.098350e-01	2.098350e-01
1.27          	bottomWall	2.166805e-01	2.166805e-01	2.166805e-01
1.28          	bottomWall	2.232415e-01	2.232415e-01	2.232415e-01
1.29          	bottomWall	2.295484e-01	2.295484e-01	2.295484e-01
1.3           	bottomWall	2.356274e-01	2.356274e-01	2.356274e-01
1.31          	bottomWall	2.415017e-01	2.415017e-01	2.415017e-01
1.32          	bottomWall	2.471917e-01	2.471917e-01	2.471917e-01
1.33          	bottomWall	2.527157e-01	2.527157e-01	2.527157e-01
1.34          	bottomWall	2.580899e-01	2.580899e-01	2.580899e-01
1.35          	bottomWall	2.633291e-01	2.633291e-01	2.633291e-01
1.36          	bottomWall	2.684467e-01	2.684467e-01	2.684467e-01
1.37          	bottomWall	2.734547e-01	2.734547e-01	2.734547e-01
1.38          	bottomWall	2.783640e-01	2.783640e-01	2.783640e-01
1.39          	bottomWall	2.831847e-01	2.831847e-01	2.831847e-01
1.4           	bottomWall	2.879258e-01	2.879258e-01	2.879258e-01
1.41          	bottomWall	2.925955e-01	2.925955e-01	2.925955e-01
1.42          	bottomWall	2.972013e-01	2.972013e-01	2.972013e-01
1.43          	bottomWall	3.017498e-01	3.017498e-01	3.017498e-01
1.44          	bottomWall	3.062473e-01	3.062473e-01	3.062473e-01
1.45          	bottomWall	3.106991e-01	3.106991e-01	3.106991e-01
1.46          	bottomWall	3.151103e-01	3.151103e-01	3.151103e-01
1.47          	bottomWall	3.194852e-01	3.194852e-01	3.194852e-01
1.48          	bottomWall	3.238277e-01	3.238277e-01	3.238277e-01
1.49          	bottomWall	3.281413e-01	3.281413e-01	3.281413e-01
1.5           	bottomWall	3.324292e-01	3.324292e-01	3.324292e-01
1.51          	bottomWall	3.366939e-01	3.366939e-01	3.366939e-01
1.52          	bottomWall	3.409379e-01	3.409379e-01	3.409379e-01
1.53          	bottomWall	3.451632e-01	3.451632e-01	3.451632e-01
1.54          	bottomWall	3.493716e-01	3.493716e-01	3.493716e-01
1.55          	bottomWall	3.535644e-01	3.535644e-01	3.535644e-01
1.56          	bottomWall	3.577431e-01	3.577431e-01	3.577431e-01
1.57          	bottomWall	3.619086e-01	3.619086e-01	3.619086e-01
1.58          	bottomWall	3.660618e-01	3.660618e-01	3.660618e-01
1.59          	bottomWall	3.702034e-01	3.702034e-01	3.702034e-01
1.6           	bottomWall	3.743338e-01	3.743338e-01	3.743338e-01
1.61          	bottomWall	3.784537e-01	3.784537e-01	3.784537e-01
1.62          	bottomWall	3.825631e-01	3.825631e-01	3.825631e-01
1.63          	bottomWall	3.866623e-01	3.866623e-01	3.866623e-01
1.64          	bottomWall	3.907514e-01	3.907514e-01	3.907514e-01
1.65          	bottomWall	3.948304e-01	3.948304e-01	3.948304e-01
1.66          	bottomWall	3.988992e-01	3.988992e-01	3.988992e-01
1.67          	bottomWall	4.029578e-01	4.029578e-01	4.029578e-01
1.68          	bottomWall	4.070058e-01	4.070058e-01	4.070058e-01
1.69          	bottomWall	4.110432e-01	4.110432e-01	4.110432e-01
1.7           	bottomWall	4.150697e-01	4.150697e-01	4.150697e-01
1.71          	bottomWall	4.190849e-01	4.190849e-01	4.190849e-01
1.72          	bottomWall	4.230887e-01	4.230887e-01	4.230887e-01
1.73          	bottomWall	4.270805e-01	4.270805e-01	4.270805e-01
1.74          	bottomWall	4.310602e-01	4.310602e-01	4.310602e-01
1.75          	bottomWall	4.350272e-01	4.350272e-01	4.350272e-01
1.76          	bottomWall	4.389814e-01	4.389814e-01	4.389814e-01
1.77          	bottomWall	4.429221e-01	4.429221e-01	4.429221e-01
1.78          	bottomWall	4.468491e-01	4.468491e-01	4.468491e-01
1.79          	bottomWall	4.507620e-01	4.507620e-01	4.507620e-01
1.8           	bottomWall	4.546604e-01	4.546604e-01	4.546604e-01
1.81          	bottomWall	4.585438e-01	4.585438e-01	4.585438e-01
1.82          	bottomWall	4.624118e-01	4.624118e-01	4.624118e-01
1.83          	bottomWall	4.662641e-01	4.662641e-01	4.662641e-01
1.84          	bottomWall	4.701003e-01	4.701003e-01	4.701003e-01
1.85          	bottomWall	4.739199e-01	4.739199e-01	4.739199e-01
1.86          	bottomWall	4.777226e-01	4.777226e-01	4.777226e-01
1.87          	bottomWall	4.815079e-01	4.815079e-01	4.815079e-01
1.88          	bottomWall	4.852756e-01	4.852756e-01	4.852756e-01
1.89          	bottomWall	4.890251e-01	4.890251e-01	4.890251e-01
1.9           	bottomWall	4.927561e-01	4.927561e-01	4.927561e-01
1.91          	bottomWall	4.964683e-01	4.964683e-01	4.964683e-01
1.92          	bottomWall	5.001613e-01	5.001613e-01	5.001613e-01
1.93          	bottomWall	5.038347e-01	5.038347e-01	5.038347e-01
1.94          	bottomWall	5.074882e-01	5.074882e-01	5.074882e-01
1.95          	bottomWall	5.111213e-01	5.111213e-01	5.111213e-01
1.96          	bottomWall	5.147339e-01	5.147339e-01	5.147339e-01
1.97          	bottomWall	5.183254e-01	5.183254e-01	5.183254e-01
1.98          	bottomWall	5.218956e-01	5.218956e-01	5.218956e-01
1.99          	bottomWall	5.254442e-01	5.254442e-01	5.254442e-01
2             	bottomWall	5.289708e-01	5.289708e-01	5.289708e-01
2.01          	bottomWall	5.324751e-01	5.324751e-01	5.324751e-01
2.02          	bottomWall	5.359568e-01	5.359568e-01	5.359568e-01
2.03          	bottomWall	5.394156e-01	5.394156e-01	5.394156e-01
2.04          	bottomWall	5.428511e-01	5.428511e-01	5.428511e-01
2.05          	bottomWall	5.462631e-01	5.462631e-01	5.462631e-01
2.06          	bottomWall	5.496512e-01	5.496512e-01	5.496512e-01
2.07          	bottomWall	5.530152e-01	5.530152e-01	5.530152e-01
2.08          	bottomWall	5.563548e-01	5.563548e-01	5.563548e-01
2.09          	bottomWall	5.596696e-01	5.596696e-01	5.596696e-01
2.1           	bottomWall	5.629595e-01	5.629595e-01	5.629595e-01
2.11          	bottomWall	5.662241e-01	5.662241e-01	5.662241e-01
2.12          	bottomWall	5.694632e-01	5.694632e-01	5.694632e-01
2.13          	bottomWall	5.726764e-01	5.726764e-01	5.726764e-01
2.14          	bottomWall	5.758635e-01	5.758635e-01	5.758635e-01
2.15          	bottomWall	5.790243e-01	5.790243e-01	5.790243e-01
2.16          	bottomWall	5.821585e-01	5.821585e-01	5.821585e-01
2.17          	bottomWall	5.852658e-01	5.852658e-01	5.852658e-01
2.18          	bottomWall	5.883460e-01	5.883460e-01	5.883460e-01
2.19          	bottomWall	5.913987e-01	5.913987e-01	5.913987e-01
2.2           	bottomWall	5.944239e-01	5.944239e-01	5.944239e-01
2.21          	bottomWall	5.974212e-01	5.974212e-01	5.974212e-01
2.22          	bottomWall	6.003904e-01	6.003904e-01	6.003904e-01
2.23          	bottomWall	6.033312e-01	6.033312e-01	6.033312e-01
2.24          	bottomWall	6.062434e-01	6.062434e-01	6.062434e-01
2.25          	bottomWall	6.091267e-01	6.091267e-01	6.091267e-01
2.26          	bottomWall	6.119811e-01	6.119811e-01	6.119811e-01
2.27          	bottomWall	6.148061e-01	6.148061e-01	6.148061e-01
2.28          	bottomWall	6.176016e-01	6.176016e-01	6.176016e-01
2.29          	bottomWall	6.203673e-01	6.203673e-01	6.203673e-01
2.3           	bottomWall	6.231030e-01	6.231030e-01	6.231030e-01
2.31          	bottomWall	6.258086e-01	6.258086e-01	6.258086e-01
2.32          	bottomWall	6.284838e-01	6.284838e-01	6.284838e-01
2.33          	bottomWall	6.311283e-01	6.311283e-01	6.311283e-01
2.34          	bottomWall	6.337420e-01	6.337420e-01	6.337420e-01
2.35          	bottomWall	6.363246e-01	6.363246e-01	6.363246e-01
2.36          	bottomWall	6.388759e-01	6.388759e-01	6.388759e-01
2.37          	bottomWall	6.413958e-01	6.413958e-01	6.413958e-01
2.38          	bottomWall	6.438840e-01	6.438840e-01	6.438840e-01
2.39          	bottomWall	6.463402e-01	6.463402e-01	6.463402e-01
2.4           	bottomWall	6.487644e-01	6.487644e-01	6.487644e-01
2.41          	bottomWall	6.511563e-01	6.511563e-01	6.511563e-01
2.42          	bottomWall	6.535157e-01	6.535157e-01	6.535157e-01
2.43          	bottomWall	6.558424e-01	6.558424e-01	6.558424e-01
2.44          	bottomWall	6.581363e-01	6.581363e-01	6.581363e-01
2.45          	bottomWall	6.603970e-01	6.603970e-01	6.603970e-01
2.46          	bottomWall	6.626245e-01	6.626245e-01	6.626245e-01
2.47          	bottomWall	6.648185e-01	6.648185e-01	6.648185e-01
2.48          	bottomWall	6.669788e-01	6.669788e-01	6.669788e-01
2.49          	bottomWall	6.691053e-01	6.691053e-01	6.691053e-01
2.5           	bottomWall	6.711977e-01	6.711977e-01	6.711977e-01
2.51          	bottomWall	6.732560e-01	6.732560e-01	6.732560e-01
2.52          	bottomWall	6.752798e-01	6.752798e-01	6.752798e-01
2.53          	bottomWall	6.772691e-01	6.772691e-01	6.772691e-01
2.54          	bottomWall	6.792236e-01	6.792236e-01	6.792236e-01
2.55          	bottomWall	6.811432e-01	6.811432e-01	6.811432e-01
2.56          	bottomWall	6.830276e-01	6.830276e-01	6.830276e-01
2.57          	bottomWall	6.848768e-01	6.848768e-01	6.848768e-01
2.58          	bottomWall	6.866905e-01	6.866905e-01	6.866905e-01
2.59          	bottomWall	6.884685e-01	6.884685e-01	6.884685e-01
2.6           	bottomWall	6.902108e-01	6.902108e-01	6.902108e-01
2.61          	bottomWall	6.919170e-01	6.919170e-01	6.919170e-01
2.62          	bottomWall	6.935871e-01	6.935871e-01	6.935871e-01
2.63          	bottomWall	6.952209e-01	6.952209e-01	6.952209e-01
2.64          	bottomWall	6.968183e-01	6.968183e-01	6.968183e-01
2.65          	bottomWall	6.983789e-01	6.983789e-01	6.983789e-01
2.66          	bottomWall	6.999028e-01	6.999028e-01	6.999028e-01
2.67          	bottomWall	7.013897e-01	7.013897e-01	7.013897e-01
2.68          	bottomWall	7.028395e-01	7.028395e-01	7.028395e-01
2.69          	bottomWall	7.042519e-01	7.042519e-01	7.042519e-01
2.7           	bottomWall	7.056269e-01	7.056269e-01	7.056269e-01
2.71          	bottomWall	7.069644e-01	7.069644e-01	7.069644e-01
2.72          	bottomWall	7.082640e-01	7.082640e-01	7.082640e-01
2.73          	bottomWall	7.095258e-01	7.095258e-01	7.095258e-01
2.74          	bottomWall	7.107494e-01	7.107494e-01	7.107494e-01
2.75          	bottomWall	7.119349e-01	7.119349e-01	7.119349e-01
2.76          	bottomWall	7.130820e-01	7.130820e-01	7.130820e-01
2.77          	bottomWall	7.141906e-01	7.141906e-01	7.141906e-01
2.78          	bottomWall	7.152605e-01	7.152605e-01	7.152605e-01
2.79          	bottomWall	7.162916e-01	7.162916e-01	7.162916e-01
2.8           	bottomWall	7.172837e-01	7.172837e-01	7.172837e-01
2.81          	bottomWall	7.182368e-01	7.182368e-01	7.182368e-01
2.82          	bottomWall	7.191506e-01	7.191506e-01	7.191506e-01
2.83          	bottomWall	7.200250e-01	7.200250e-01	7.200250e-01
2.84          	bottomWall	7.208599e-01	7.208599e-01	7.208599e-01
2.85          	bottomWall	7.216551e-01	7.216551e-01	7.216551e-01
2.86          	bottomWall	7.224105e-01	7.224105e-01	7.224105e-01
2.87          	bottomWall	7.231260e-01	7.231260e-01	7.231260e-01
2.88          	bottomWall	7.238015e-01	7.238015e-01	7.238015e-01
2.89          	bottomWall	7.244367e-01	7.244367e-01	7.244367e-01
2.9           	bottomWall	7.250315e-01	7.250315e-01	7.250315e-01
2.91          	bottomWall	7.255859e-01	7.255859e-01	7.255859e-01
2.92          	bottomWall	7.260997e-01	7.260997e-01	7.260997e-01
2.93          	bottomWall	7.265728e-01	7.265728e-01	7.265728e-01
2.94          	bottomWall	7.270050e-01	7.270050e-01	7.270050e-01
2.95          	bottomWall	7.273962e-01	7.273962e-01	7.273962e-01
2.96          	bottomWall	7.277463e-01	7.277463e-01	7.277463e-01
2.97          	bottomWall	7.280551e-01	7.280551e-01	7.280551e-01
2.98          	bottomWall	7.283226e-01	7.283226e-01	7.283226e-01
2.99          	bottomWall	7.285486e-01	7.285486e-01	7.285486e-01
3             	bottomWall	7.287330e-01	7.287330e-01	7.287330e-01
3.01          	bottomWall	7.288757e-01	7.288757e-01	7.288757e-01
3.02          	bottomWall	7.289765e-01	7.289765e-01	7.289765e-01
3.03          	bottomWall	7.290353e-01	7.290353e-01	7.290353e-01
3.04          	bottomWall	7.290521e-01	7.290521e-01	7.290521e-01
3.05          	bottomWall	7.290267e-01	7.290267e-01	7.290267e-01
3.06          	bottomWall	7.289589e-01	7.289589e-01	7.289589e-01
3.07          	bottomWall	7.288488e-01	7.288488e-01	7.288488e-01
3.08          	bottomWall	7.286961e-01	7.286961e-01	7.286961e-01
3.09          	bottomWall	7.285007e-01	7.285007e-01	7.285007e-01
3.1           	bottomWall	7.282626e-01	7.282626e-01	7.282626e-01
3.11          	bottomWall	7.279817e-01	7.279817e-01	7.279817e-01
3.12          	bottomWall	7.276578e-01	7.276578e-01	7.276578e-01
3.13          	bottomWall	7.272908e-01	7.272908e-01	7.272908e-01
3.14          	bottomWall	7.268806e-01	7.268806e-01	7.268806e-01
3.15          	bottomWall	7.264272e-01	7.264272e-01	7.264272e-01
3.16          	bottomWall	7.259304e-01	7.259304e-01	7.259304e-01
3.17          	bottomWall	7.253901e-01	7.253901e-01	7.253901e-01
3.18          	bottomWall	7.248062e-01	7.248062e-01	7.248062e-01
3.19          	bottomWall	7.241787e-01	7.241787e-01	7.241787e-01
3.2           	bottomWall	7.235075e-01	7.235075e-01	7.235075e-01
3.21          	bottomWall	7.227923e-01	7.227923e-01	7.227923e-01
3.22          	bottomWall	7.220333e-01	7.220333e-01	7.220333e-01
3.23          	bottomWall	7.212303e-01	7.212303e-01	7.212303e-01
3.24          	bottomWall	7.203831e-01	7.203831e-01	7.203831e-01
3.25          	bottomWall	7.194918e-01	7.194918e-01	7.194918e-01
3.26          	bottomWall	7.185563e-01	7.185563e-01	7.185563e-01
3.27          	bottomWall	7.175764e-01	7.175764e-01	7.175764e-01
3.28          	bottomWall	7.165522e-01	7.165522e-01	7.165522e-01
3.29          	bottomWall	7.154835e-01	7.154835e-01	7.154835e-01
3.3           	bottomWall	7.143703e-01	7.143703e-01	7.143703e-01
3.31          	bottomWall	7.132125e-01	7.132125e-01	7.132125e-01
3.32          	bottomWall	7.120102e-01	7.120102e-01	7.120102e-01
3.33          	bottomWall	7.107632e-01	7.107632e-01	7.107632e-01
3.34          	bottomWall	7.094715e-01	7.094715e-01	7.094715e-01
3.35          	bottomWall	7.081351e-01	7.081351e-01	7.081351e-01
3.36          	bottomWall	7.067540e-01	7.067540e-01	7.067540e-01
3.37          	bottomWall	7.053281e-01	7.053281e-01	7.053281e-01
3.38          	bottomWall	7.038573e-01	7.038573e-01	7.038573e-01
3.39          	bottomWall	7.023418e-01	7.023418e-01	7.023418e-01
3.4           	bottomWall	7.007813e-01	7.007813e-01	7.007813e-01
3.41          	bottomWall	6.991760e-01	6.991760e-01	6.991760e-01
3.42          	bottomWall	6.975258e-01	6.975258e-01	6.975258e-01
3.43          	bottomWall	6.958306e-01	6.958306e-01	6.958306e-01
3.44          	bottomWall	6.940904e-01	6.940904e-01	6.940904e-01
3.45          	bottomWall	6.923052e-01	6.923052e-01	6.923052e-01
3.46          	bottomWall	6.904749e-01	6.904749e-01	6.904749e-01
3.47          	bottomWall	6.885994e-01	6.885994e-01	6.885994e-01
3.48          	bottomWall	6.866787e-01	6.866787e-01	6.866787e-01
3.49          	bottomWall	6.847126e-01	6.847126e-01	6.847126e-01
3.5           	bottomWall	6.827011e-01	6.827011e-01	6.827011e-01
3.51          	bottomWall	6.806442e-01	6.806442e-01	6.806442e-01
3.52          	bottomWall	6.785415e-01	6.785415e-01	6.785415e-01
3.53          	bottomWall	6.763931e-01	6.763931e-01	6.763931e-01
3.54          	bottomWall	6.741988e-01	6.741988e-01	6.741988e-01
3.55          	bottomWall	6.719583e-01	6.719583e-01	6.719583e-01
3.56          	bottomWall	6.696716e-01	6.696716e-01	6.696716e-01
3.57          	bottomWall	6.673385e-01	6.673385e-01	6.673385e-01
3.58          	bottomWall	6.649587e-01	6.649587e-01	6.649587e-01
3.59          	bottomWall	6.625320e-01	6.625320e-01	6.625320e-01
3.6           	bottomWall	6.600582e-01	6.600582e-01	6.600582e-01
3.61          	bottomWall	6.575371e-01	6.575371e-01	6.575371e-01
3.62          	bottomWall	6.549684e-01	6.549684e-01	6.549684e-01
3.63          	bottomWall	6.523518e-01	6.523518e-01	6.523518e-01
3.64          	bottomWall	6.496871e-01	6.496871e-01	6.496871e-01
3.65          	bottomWall	6.469740e-01	6.469740e-01	6.469740e-01
3.66          	bottomWall	6.442121e-01	6.442121e-01	6.442121e-01
3.67          	bottomWall	6.414012e-01	6.414012e-01	6.414012e-01
3.68          	bottomWall	6.385410e-01	6.385410e-01	6.385410e-01
3.69          	bottomWall	6.356310e-01	6.356310e-01	6.356310e-01
3.7           	bottomWall	6.326710e-01	6.326710e-01	6.326710e-01
3.71          	bottomWall	6.296605e-01	6.296605e-01	6.296605e-01
3.72          	bottomWall	6.265993e-01	6.265993e-01	6.265993e-01
3.73          	bottomWall	6.234870e-01	6.234870e-01	6.234870e-01
3.74          	bottomWall	6.203231e-01	6.203231e-01	6.203231e-01
3.75          	bottomWall	6.171072e-01	6.171072e-01	6.171072e-01
3.76          	bottomWall	6.138389e-01	6.138389e-01	6.138389e-01
3.77          	bottomWall	6.105179e-01	6.105179e-01	6.105179e-01
3.78          	bottomWall	6.071435e-01	6.071435e-01	6.071435e-01
3.79          	bottomWall	6.037155e-01	6.037155e-01	6.037155e-01
3.8           	bottomWall	6.002333e-01	6.002333e-01	6.002333e-01
3.81          	bottomWall	5.966964e-01	5.966964e-01	5.966964e-01
3.82          	bottomWall	5.931043e-01	5.931043e-01	5.931043e-01
3.83          	bottomWall	5.894565e-01	5.894565e-01	5.894565e-01
3.84          	bottomWall	5.857525e-01	5.857525e-01	5.857525e-01
3.85          	bottomWall	5.819917e-01	5.819917e-01	5.819917e-01
3.86          	bottomWall	5.781735e-01	5.781735e-01	5.781735e-01
3.87          	bottomWall	5.742973e-01	5.742973e-01	5.742973e-01
3.88          	bottomWall	5.703625e-01	5.703625e-01	5.703625e-01
3.89          	bottomWall	5.663685e-01	5.663685e-01	5.663685e-01
3.9           	bottomWall	5.623145e-01	5.623145e-01	5.623145e-01
3.91          	bottomWall	5.581999e-01	5.581999e-01	5.581999e-01
3.92          	bottomWall	5.540238e-01	5.540238e-01	5.540238e-01
3.93          	bottomWall	5.497857e-01	5.497857e-01	5.497857e-01
3.94          	bottomWall	5.454846e-01	5.454846e-01	5.454846e-01
3.95          	bottomWall	5.411197e-01	5.411197e-01	5.411197e-01
3.96          	bottomWall	5.366901e-01	5.366901e-01	5.366901e-01
3.97          	bottomWall	5.321949e-01	5.321949e-01	5.321949e-01
3.98          	bottomWall	5.276331e-01	5.276331e-01	5.276331e-01
3.99          	bottomWall	5.230037e-01	5.230037e-01	5.230037e-01
4             	bottomWall	5.183056e-01	5.183056e-01	5.183056e-01
4.01          	bottomWall	5.135377e-01	5.135377e-01	5.135377e-01
4.02          	bottomWall	5.086987e-01	5.086987e-01	5.086987e-01
4.03          	bottomWall	5.037874e-01	5.037874e-01	5.037874e-01
4.04          	bottomWall	4.988024e-01	4.988024e-01	4.988024e-01
4.05          	bottomWall	4.937422e-01	4.937422e-01	4.937422e-01
4.06          	bottomWall	4.886054e-01	4.886054e-01	4.886054e-01
4.07          	bottomWall	4.833904e-01	4.833904e-01	4.833904e-01
4.08          	bottomWall	4.780953e-01	4.780953e-01	4.780953e-01
4.09          	bottomWall	4.727184e-01	4.727184e-01	4.727184e-01
4.1           	bottomWall	4.672576e-01	4.672576e-01	4.672576e-01
4.11          	bottomWall	4.617109e-01	4.617109e-01	4.617109e-01
4.12          	bottomWall	4.560759e-01	4.560759e-01	4.560759e-01
4.13          	bottomWall	4.503502e-01	4.503502e-01	4.503502e-01
4.14          	bottomWall	4.445313e-01	4.445313e-01	4.445313e-01
4.15          	bottomWall	4.386162e-01	4.386162e-01	4.386162e-01
4.16          	bottomWall	4.326020e-01	4.326020e-01	4.326020e-01
4.17          	bottomWall	4.264853e-01	4.264853e-01	4.264853e-01
4.18          	bottomWall	4.202625e-01	4.202625e-01	4.202625e-01
4.19          	bottomWall	4.139297e-01	4.139297e-01	4.139297e-01
4.2           	bottomWall	4.074827e-01	4.074827e-01	4.074827e-01
4.21          	bottomWall	4.009169e-01	4.009169e-01	4.009169e-01
4.22          	bottomWall	3.942273e-01	3.942273e-01	3.942273e-01
4.23          	bottomWall	3.874081e-01	3.874081e-01	3.874081e-01
4.24          	bottomWall	3.804534e-01	3.804534e-01	3.804534e-01
4.25          	bottomWall	3.733564e-01	3.733564e-01	3.733564e-01
4.26          	bottomWall	3.661097e-01	3.661097e-01	3.661097e-01
4.27          	bottomWall	3.587048e-01	3.587048e-01	3.587048e-01
4.28          	bottomWall	3.511327e-01	3.511327e-01	3.511327e-01
4.29          	bottomWall	3.433828e-01	3.433828e-01	3.433828e-01
4.3           	bottomWall	3.354436e-01	3.354436e-01	3.354436e-01
4.31          	bottomWall	3.273019e-01	3.273019e-01	3.273019e-01
4.32          	bottomWall	3.189427e-01	3.189427e-01	3.189427e-01
4.33          	bottomWall	3.103489e-01	3.103489e-01	3.103489e-01
4.34          	bottomWall	3.015007e-01	3.015007e-01	3.015007e-01
4.35          	bottomWall	2.923754e-01	2.923754e-01	2.923754e-01
4.36          	bottomWall	2.829461e-01	2.829461e-01	2.829461e-01
4.37          	bottomWall	2.731815e-01	2.731815e-01	2.731815e-01
4.38          	bottomWall	2.630437e-01	2.630437e-01	2.630437e-01
4.39          	bottomWall	2.524874e-01	2.524874e-01	2.524874e-01
4.4           	bottomWall	2.414568e-01	2.414568e-01	2.414568e-01
4.41          	bottomWall	2.298825e-01	2.298825e-01	2.298825e-01
4.42          	bottomWall	2.176761e-01	2.176761e-01	2.176761e-01
4.43          	bottomWall	2.047220e-01	2.047220e-01	2.047220e-01
4.44          	bottomWall	1.908651e-01	1.908651e-01	1.908651e-01
4.45          	bottomWall	1.758877e-01	1.758877e-01	1.758877e-01
4.46          	bottomWall	1.594683e-01	1.594683e-01	1.594683e-01
4.47          	bottomWall	1.410960e-01	1.410960e-01	1.410960e-01
4.48          	bottomWall	1.198635e-01	1.198635e-01	1.198635e-01
4.49          	bottomWall	9.382852e-02	9.382852e-02	9.382852e-02
4.5           	bottomWall	5.668027e-02	5.668027e-02	5.668027e-02
4.51          	bottomWall	4.911066e-02	4.911066e-02	4.911066e-02
4.52          	bottomWall	9.009485e-02	9.009485e-02	9.009485e-02
4.53          	bottomWall	1.177589e-01	1.177589e-01	1.177589e-01
4.54          	bottomWall	1.400657e-01	1.400657e-01	1.400657e-01
4.55          	bottomWall	1.591917e-01	1.591917e-01	1.591917e-01
4.56          	bottomWall	1.761319e-01	1.761319e-01	1.761319e-01
4.57          	bottomWall	1.914443e-01	1.914443e-01	1.914443e-01
4.58          	bottomWall	2.054804e-01	2.054804e-01	2.054804e-01
4.59          	bottomWall	2.184798e-01	2.184798e-01	2.184798e-01
4.6           	bottomWall	2.306149e-01	2.306149e-01	2.306149e-01
4.61          	bottomWall	2.420148e-01	2.420148e-01	2.420148e-01
4.62          	bottomWall	2.527797e-01	2.527797e-01	2.527797e-01
4.63          	bottomWall	2.629891e-01	2.629891e-01	2.629891e-01
4.64          	bottomWall	2.727075e-01	2.727075e-01	2.727075e-01
4.65          	bottomWall	2.819882e-01	2.819882e-01	2.819882e-01
4.66          	bottomWall	2.908762e-01	2.908762e-01	2.908762e-01
4.67          	bottomWall	2.994093e-01	2.994093e-01	2.994093e-01
4.68          	bottomWall	3.076204e-01	3.076204e-01	3.076204e-01
4.69          	bottomWall	3.155380e-01	3.155380e-01	3.155380e-01
4.7           	bottomWall	3.231869e-01	3.231869e-01	3.231869e-01
4.71          	bottomWall	3.305893e-01	3.305893e-01	3.305893e-01
4.72          	bottomWall	3.377646e-01	3.377646e-01	3.377646e-01
4.73          	bottomWall	3.447305e-01	3.447305e-01	3.447305e-01
4.74          	bottomWall	3.515028e-01	3.515028e-01	3.515028e-01
4.75          	bottomWall	3.580958e-01	3.580958e-01	3.580958e-01
4.76          	bottomWall	3.645225e-01	3.645225e-01	3.645225e-01
4.77          	bottomWall	3.707948e-01	3.707948e-01	3.707948e-01
4.78          	bottomWall	3.769234e-01	3.769234e-01	3.769234e-01
4.79          	bottomWall	3.829185e-01	3.829185e-01	3.829185e-01
4.8           	bottomWall	3.887891e-01	3.887891e-01	3.887891e-01
4.81          	bottomWall	3.945438e-01	3.945438e-01	3.945438e-01
4.82          	bottomWall	4.001905e-01	4.001905e-01	4.001905e-01
4.83          	bottomWall	4.057362e-01	4.057362e-01	4.057362e-01
4.84          	bottomWall	4.111879e-01	4.111879e-01	4.111879e-01
4.85          	bottomWall	4.165517e-01	4.165517e-01	4.165517e-01
4.86          	bottomWall	4.218334e-01	4.218334e-01	4.218334e-01
4.87          	bottomWall	4.270385e-01	4.270385e-01	4.270385e-01
4.88          	bottomWall	4.321718e-01	4.321718e-01	4.321718e-01
4.89          	bottomWall	4.372382e-01	4.372382e-01	4.372382e-01
4.9           	bottomWall	4.422418e-01	4.422418e-01	4.422418e-01
4.91          	bottomWall	4.471867e-01	4.471867e-01	4.471867e-01
4.92          	bottomWall	4.520767e-01	4.520767e-01	4.520767e-01
4.93          	bottomWall	4.569151e-01	4.569151e-01	4.569151e-01
4.94          	bottomWall	4.617052e-01	4.617052e-01	4.617052e-01
4.95          	bottomWall	4.664500e-01	4.664500e-01	4.664500e-01
4.96          	bottomWall	4.711521e-01	4.711521e-01	4.711521e-01
4.97          	bottomWall	4.758141e-01	4.758141e-01	4.758141e-01
4.98          	bottomWall	4.804384e-01	4.804384e-01	4.804384e-01
4.99          	bottomWall	4.850270e-01	4.850270e-01	4.850270e-01
5             	bottomWall	4.895819e-01	4.895819e-01	4.895819e-01
5.01          	bottomWall	4.941049e-01	4.941049e-01	4.941049e-01
5.02          	bottomWall	4.985977e-01	4.985977e-01	4.985977e-01
5.03          	bottomWall	5.030618e-01	5.030618e-01	5.030618e-01
5.04          	bottomWall	5.074985e-01	5.074985e-01	5.074985e-01
5.05          	bottomWall	5.119090e-01	5.119090e-01	5.119090e-01
5.06          	bottomWall	5.162945e-01	5.162945e-01	5.162945e-01
5.07          	bottomWall	5.206559e-01	5.206559e-01	5.206559e-01
5.08          	bottomWall	5.249942e-01	5.249942e-01	5.249942e-01
5.09          	bottomWall	5.293101e-01	5.293101e-01	5.293101e-01
5.1           	bottomWall	5.336044e-01	5.336044e-01	5.336044e-01
5.11          	bottomWall	5.378777e-01	5.378777e-01	5.378777e-01
5.12          	bottomWall	5.421305e-01	5.421305e-01	5.421305e-01
5.13          	bottomWall	5.463633e-01	5.463633e-01	5.463633e-01
5.14          	bottomWall	5.505765e-01	5.505765e-01	5.505765e-01
5.15          	bottomWall	5.547705e-01	5.547705e-01	5.547705e-01
5.16          	bottomWall	5.589455e-01	5.589455e-01	5.589455e-01
5.17          	bottomWall	5.631017e-01	5.631017e-01	5.631017e-01
5.18          	bottomWall	5.672394e-01	5.672394e-01	5.672394e-01
5.19          	bottomWall	5.713586e-01	5.713586e-01	5.713586e-01
5.2           	bottomWall	5.754596e-01	5.754596e-01	5.754596e-01
5.21          	bottomWall	5.795423e-01	5.795423e-01	5.795423e-01
5.22          	bottomWall	5.836067e-01	5.836067e-01	5.836067e-01
5.23          	bottomWall	5.876529e-01	5.876529e-01	5.876529e-01
5.24          	bottomWall	5.916809e-01	5.916809e-01	5.916809e-01
5.25          	bottomWall	5.956905e-01	5.956905e-01	5.956905e-01
5.26          	bottomWall	5.996816e-01	5.996816e-01	5.996816e-01
5.27          	bottomWall	6.036543e-01	6.036543e-01	6.036543e-01
5.28          	bottomWall	6.076083e-01	6.076083e-01	6.076083e-01
5.29          	bottomWall	6.115435e-01	6.115435e-01	6.115435e-01
5.3           	bottomWall	6.154598e-01	6.154598e-01	6.154598e-01
5.31          	bottomWall	6.193569e-01	6.193569e-01	6.193569e-01
5.32          	bottomWall	6.232347e-01	6.232347e-01	6.232347e-01
5.33          	bottomWall	6.270930e-01	6.270930e-01	6.270930e-01
5.34          	bottomWall	6.309317e-01	6.309317e-01	6.309317e-01
5.35          	bottomWall	6.347504e-01	6.347504e-01	6.347504e-01
5.36          	bottomWall	6.385489e-01	6.385489e-01	6.385489e-01
5.37          	bottomWall	6.423271e-01	6.423271e-01	6.423271e-01
5.38          	bottomWall	6.460846e-01	6.460846e-01	6.460846e-01
5.39          	bottomWall	6.498214e-01	6.498214e-01	6.498214e-01
5.4           	bottomWall	6.535370e-01	6.535370e-01	6.535370e-01
5.41          	bottomWall	6.572313e-01	6.572313e-01	6.572313e-01
5.42          	bottomWall	6.609040e-01	6.609040e-01	6.609040e-01
5.43          	bottomWall	6.645548e-01	6.645548e-01	6.645548e-01
5.44          	bottomWall	6.681835e-01	6.681835e-01	6.681835e-01
5.45          	bottomWall	6.717899e-01	6.717899e-01	6.717899e-01
5.46          	bottomWall	6.753737e-01	6.753737e-01	6.753737e-01
5.47          	bottomWall	6.789346e-01	6.789346e-01	6.789346e-01
5.48          	bottomWall	6.824723e-01	6.824723e-01	6.824723e-01
5.49          	bottomWall	6.859867e-01	6.859867e-01	6.859867e-01
5.5           	bottomWall	6.894774e-01	6.894774e-01	6.894774e-01
5.51          	bottomWall	6.929442e-01	6.929442e-01	6.929442e-01
5.52          	bottomWall	6.963868e-01	6.963868e-01	6.963868e-01
5.53          	bottomWall	6.998050e-01	6.998050e-01	6.998050e-01
5.54          	bottomWall	7.031985e-01	7.031985e-01	7.031985e-01
5.55          	bottomWall	7.065671e-01	7.065671e-01	7.065671e-01
5.56          	bottomWall	7.099105e-01	7.099105e-01	7.099105e-01
5.57          	bottomWall	7.132284e-01	7.132284e-01	7.132284e-01
5.58          	bottomWall	7.165206e-01	7.165206e-01	7.165206e-01
5.59          	bottomWall	7.197869e-01	7.197869e-01	7.197869e-01
5.6           	bottomWall	7.230270e-01	7.230270e-01	7.230270e-01
5.61          	bottomWall	7.262406e-01	7.262406e-01	7.262406e-01
5.62          	bottomWall	7.294276e-01	7.294276e-01	7.294276e-01
5.63          	bottomWall	7.325876e-01	7.325876e-01	7.325876e-01
5.64          	bottomWall	7.357205e-01	7.357205e-01	7.357205e-01
5.65          	bottomWall	7.388259e-01	7.388259e-01	7.388259e-01
5.66          	bottomWall	7.419037e-01	7.419037e-01	7.419037e-01
5.67          	bottomWall	7.449536e-01	7.449536e-01	7.449536e-01
5.68          	bottomWall	7.479754e-01	7.479754e-01	7.479754e-01
5.69          	bottomWall	7.509689e-01	7.509689e-01	7.509689e-01
5.7           	bottomWall	7.539338e-01	7.539338e-01	7.539338e-01
5.71          	bottomWall	7.568699e-01	7.568699e-01	7.568699e-01
5.72          	bottomWall	7.597769e-01	7.597769e-01	7.597769e-01
5.73          	bottomWall	7.626548e-01	7.626548e-01	7.626548e-01
5.74          	bottomWall	7.655031e-01	7.655031e-01	7.655031e-01
5.75          	bottomWall	7.683218e-01	7.683218e-01	7.683218e-01
5.76          	bottomWall	7.711106e-01	7.711106e-01	7.711106e-01
5.77          	bottomWall	7.738692e-01	7.738692e-01	7.738692e-01
5.78          	bottomWall	7.765976e-01	7.765976e-01	7.765976e-01
5.79          	bottomWall	7.792954e-01	7.792954e-01	7.792954e-01
5.8           	bottomWall	7.819624e-01	7.819624e-01	7.819624e-01
5.81          	bottomWall	7.845985e-01	7.845985e-01	7.845985e-01
5.82          	bottomWall	7.872035e-01	7.872035e-01	7.872035e-01
5.83          	bottomWall	7.897770e-01	7.897770e-01	7.897770e-01
5.84          	bottomWall	7.923191e-01	7.923191e-01	7.923191e-01
5.85          	bottomWall	7.948293e-01	7.948293e-01	7.948293e-01
5.86          	bottomWall	7.973076e-01	7.973076e-01	7.973076e-01
5.87          	bottomWall	7.997538e-01	7.997538e-01	7.997538e-01
5.88          	bottomWall	8.021676e-01	8.021676e-01	8.021676e-01
5.89          	bottomWall	8.045489e-01	8.045489e-01	8.045489e-01
5.9           	bottomWall	8.068975e-01	8.068975e-01	8.068975e-01
5.91          	bottomWall	8.092131e-01	8.092131e-01	8.092131e-01
5.92          	bottomWall	8.114956e-01	8.114956e-01	8.114956e-01
5.93          	bottomWall	8.137449e-01	8.137449e-01	8.137449e-01
5.94          	bottomWall	8.159607e-01	8.159607e-01	8.159607e-01
5.95          	bottomWall	8.181428e-01	8.181428e-01	8.181428e-01
5.96          	bottomWall	8.202912e-01	8.202912e-01	8.202912e-01
5.97          	bottomWall	8.224055e-01	8.224055e-01	8.224055e-01
5.98          	bottomWall	8.244856e-01	8.244856e-01	8.244856e-01
5.99          	bottomWall	8.265314e-01	8.265314e-01	8.265314e-01
6             	bottomWall	8.285426e-01	8.285426e-01	8.285426e-01
6.01          	bottomWall	8.305191e-01	8.305191e-01	8.305191e-01
6.02          	bottomWall	8.324608e-01	8.324608e-01	8.324608e-01
6.03          	bottomWall	8.343674e-01	8.343674e-01	8.343674e-01
6.04          	bottomWall	8.362389e-01	8.362389e-01	8.362389e-01
6.05          	bottomWall	8.380749e-01	8.380749e-01	8.380749e-01
6.06          	bottomWall	8.398754e-01	8.398754e-01	8.398754e-01
6.07          	bottomWall	8.416402e-01	8.416402e-01	8.416402e-01
6.08          	bottomWall	8.433691e-01	8.433691e-01	8.433691e-01
6.09          	bottomWall	8.450621e-01	8.450621e-01	8.450621e-01
6.1           	bottomWall	8.467188e-01	8.467188e-01	8.467188e-01
6.11          	bottomWall	8.483392e-01	8.483392e-01	8.483392e-01
6.12          	bottomWall	8.499231e-01	8.499231e-01	8.499231e-01
6.13          	bottomWall	8.514703e-01	8.514703e-01	8.514703e-01
6.14          	bottomWall	8.529808e-01	8.529808e-01	8.529808e-01
6.15          	bottomWall	8.544543e-01	8.544543e-01	8.544543e-01
6.16          	bottomWall	8.558907e-01	8.558907e-01	8.558907e-01
6.17          	bottomWall	8.572898e-01	8.572898e-01	8.572898e-01
6.18          	bottomWall	8.586515e-01	8.586515e-01	8.586515e-01
6.19          	bottomWall	8.599757e-01	8.599757e-01	8.599757e-01
6.2           	bottomWall	8.612622e-01	8.612622e-01	8.612622e-01
6.21          	bottomWall	8.625108e-01	8.625108e-01	8.625108e-01
6.22          	bottomWall	8.637215e-01	8.637215e-01	8.637215e-01
6.23          	bottomWall	8.648940e-01	8.648940e-01	8.648940e-01
6.24          	bottomWall	8.660282e-01	8.660282e-01	8.660282e-01
6.25          	bottomWall	8.671241e-01	8.671241e-01	8.671241e-01
6.26          	bottomWall	8.681813e-01	8.681813e-01	8.681813e-01
6.27          	bottomWall	8.691999e-01	8.691999e-01	8.691999e-01
6.28          	bottomWall	8.701797e-01	8.701797e-01	8.701797e-01
6.29          	bottomWall	8.711205e-01	8.711205e-01	8.711205e-01
6.3           	bottomWall	8.720223e-01	8.720223e-01	8.720223e-01
6.31          	bottomWall	8.728847e-01	8.728847e-01	8.728847e-01
6.32          	bottomWall	8.737079e-01	8.737079e-01	8.737079e-01
6.33          	bottomWall	8.744915e-01	8.744915e-01	8.744915e-01
6.34          	bottomWall	8.752355e-01	8.752355e-01	8.752355e-01
6.35          	bottomWall	8.759398e-01	8.759398e-01	8.759398e-01
6.36          	bottomWall	8.766041e-01	8.766041e-01	8.766041e-01
6.37          	bottomWall	8.772285e-01	8.772285e-01	8.772285e-01
6.38          	bottomWall	8.778127e-01	8.778127e-01	8.778127e-01
6.39          	bottomWall	8.783567e-01	8.783567e-01	8.783567e-01
6.4           	bottomWall	8.788602e-01	8.788602e-01	8.788602e-01
6.41          	bottomWall	8.793233e-01	8.793233e-01	8.793233e-01
6.42          	bottomWall	8.797457e-01	8.797457e-01	8.797457e-01
6.43          	bottomWall	8.801273e-01	8.801273e-01	8.801273e-01
6.44          	bottomWall	8.804681e-01	8.804681e-01	8.804681e-01
6.45          	bottomWall	8.807679e-01	8.807679e-01	8.807679e-01
6.46          	bottomWall	8.810265e-01	8.810265e-01	8.810265e-01
6.47          	bottomWall	8.812439e-01	8.812439e-01	8.812439e-01
6.48          	bottomWall	8.814199e-01	8.814199e-01	8.814199e-01
6.49          	bottomWall	8.815545e-01	8.815545e-01	8.815545e-01
6.5           	bottomWall	8.816474e-01	8.816474e-01	8.816474e-01
6.51          	bottomWall	8.816987e-01	8.816987e-01	8.816987e-01
6.52          	bottomWall	8.817081e-01	8.817081e-01	8.817081e-01
6.53          	bottomWall	8.816756e-01	8.816756e-01	8.816756e-01
6.54          	bottomWall	8.816010e-01	8.816010e-01	8.816010e-01
6.55          	bottomWall	8.814842e-01	8.814842e-01	8.814842e-01
6.56          	bottomWall	8.813251e-01	8.813251e-01	8.813251e-01
6.57          	bottomWall	8.811237e-01	8.811237e-01	8.811237e-01
6.58          	bottomWall	8.808797e-01	8.808797e-01	8.808797e-01
6.59          	bottomWall	8.805931e-01	8.805931e-01	8.805931e-01
6.6           	bottomWall	8.802638e-01	8.802638e-01	8.802638e-01
6.61          	bottomWall	8.798916e-01	8.798916e-01	8.798916e-01
6.62          	bottomWall	8.794765e-01	8.794765e-01	8.794765e-01
6.63          	bottomWall	8.790183e-01	8.790183e-01	8.790183e-01
6.64          	bottomWall	8.785169e-01	8.785169e-01	8.785169e-01
6.65          	bottomWall	8.779722e-01	8.779722e-01	8.779722e-01
6.66          	bottomWall	8.773841e-01	8.773841e-01	8.773841e-01
6.67          	bottomWall	8.767526e-01	8.767526e-01	8.767526e-01
6.68          	bottomWall	8.760774e-01	8.760774e-01	8.760774e-01
6.69          	bottomWall	8.753585e-01	8.753585e-01	8.753585e-01
6.7           	bottomWall	8.745958e-01	8.745958e-01	8.745958e-01
6.71          	bottomWall	8.737891e-01	8.737891e-01	8.737891e-01
6.72          	bottomWall	8.729385e-01	8.729385e-01	8.729385e-01
6.73          	bottomWall	8.720436e-01	8.720436e-01	8.720436e-01
6.74          	bottomWall	8.711045e-01	8.711045e-01	8.711045e-01
6.75          	bottomWall	8.701210e-01	8.701210e-01	8.701210e-01
6.76          	bottomWall	8.690931e-01	8.690931e-01	8.690931e-01
6.77          	bottomWall	8.680206e-01	8.680206e-01	8.680206e-01
6.78          	bottomWall	8.669034e-01	8.669034e-01	8.669034e-01
6.79          	bottomWall	8.657414e-01	8.657414e-01	8.657414e-01
6.8           	bottomWall	8.645345e-01	8.645345e-01	8.645345e-01
6.81          	bottomWall	8.632826e-01	8.632826e-01	8.632826e-01
6.82          	bottomWall	8.619856e-01	8.619856e-01	8.619856e-01
6.83          	bottomWall	8.606434e-01	8.606434e-01	8.606434e-01
6.84          	bottomWall	8.592558e-01	8.592558e-01	8.592558e-01
6.85          	bottomWall	8.578228e-01	8.578228e-01	8.578228e-01
6.86          	bottomWall	8.563443e-01	8.563443e-01	8.563443e-01
6.87          	bottomWall	8.548200e-01	8.548200e-01	8.548200e-01
6.88          	bottomWall	8.532500e-01	8.532500e-01	8.532500e-01
6.89          	bottomWall	8.516342e-01	8.516342e-01	8.516342e-01
6.9           	bottomWall	8.499723e-01	8.499723e-01	8.499723e-01
6.91          	bottomWall	8.482643e-01	8.482643e-01	8.482643e-01
6.92          	bottomWall	8.465101e-01	8.465101e-01	8.465101e-01
6.93          	bottomWall	8.447096e-01	8.447096e-01	8.447096e-01
6.94          	bottomWall	8.428626e-01	8.428626e-01	8.428626e-01
6.95          	bottomWall	8.409690e-01	8.409690e-01	8.409690e-01
6.96          	bottomWall	8.390288e-01	8.390288e-01	8.390288e-01
6.97          	bottomWall	8.370417e-01	8.370417e-01	8.370417e-01
6.98          	bottomWall	8.350078e-01	8.350078e-01	8.350078e-01
6.99          	bottomWall	8.329267e-01	8.329267e-01	8.329267e-01
7             	bottomWall	8.307985e-01	8.307985e-01	8.307985e-01
7.01          	bottomWall	8.286230e-01	8.286230e-01	8.286230e-01
7.02          	bottomWall	8.264001e-01	8.264001e-01	8.264001e-01
7.03          	bottomWall	8.241296e-01	8.241296e-01	8.241296e-01
7.04          	bottomWall	8.218114e-01	8.218114e-01	8.218114e-01
7.05          	bottomWall	8.194454e-01	8.194454e-01	8.194454e-01
7.06          	bottomWall	8.170315e-01	8.170315e-01	8.170315e-01
7.07          	bottomWall	8.145694e-01	8.145694e-01	8.145694e-01
7.08          	bottomWall	8.120591e-01	8.120591e-01	8.120591e-01
7.09          	bottomWall	8.095005e-01	8.095005e-01	8.095005e-01
7.1           	bottomWall	8.068933e-01	8.068933e-01	8.068933e-01
7.11          	bottomWall	8.042374e-01	8.042374e-01	8.042374e-01
7.12          	bottomWall	8.015327e-01	8.015327e-01	8.015327e-01
7.13          	bottomWall	7.987791e-01	7.987791e-01	7.987791e-01
7.14          	bottomWall	7.959762e-01	7.959762e-01	7.959762e-01
7.15          	bottomWall	7.931241e-01	7.931241e-01	7.931241e-01
7.16          	bottomWall	7.902225e-01	7.902225e-01	7.902225e-01
7.17          	bottomWall	7.872713e-01	7.872713e-01	7.872713e-01
7.18          	bottomWall	7.842702e-01	7.842702e-01	7.842702e-01
7.19          	bottomWall	7.812191e-01	7.812191e-01	7.812191e-01
7.2           	bottomWall	7.781178e-01	7.781178e-01	7.781178e-01
7.21          	bottomWall	7.749662e-01	7.749662e-01	7.749662e-01
7.22          	bottomWall	7.717639e-01	7.717639e-01	7.717639e-01
7.23          	bottomWall	7.685109e-01	7.685109e-01	7.685109e-01
7.24          	bottomWall	7.652069e-01	7.652069e-01	7.652069e-01
7.25          	bottomWall	7.618516e-01	7.618516e-01	7.618516e-01
7.26          	bottomWall	7.584450e-01	7.584450e-01	7.584450e-01
7.27          	bottomWall	7.549866e-01	7.549866e-01	7.549866e-01
7.28          	bottomWall	7.514764e-01	7.514764e-01	7.514764e-01
7.29          	bottomWall	7.479140e-01	7.479140e-01	7.479140e-01
7.3           	bottomWall	7.442992e-01	7.442992e-01	7.442992e-01
7.31          	bottomWall	7.406318e-01	7.406318e-01	7.406318e-01
7.32          	bottomWall	7.369113e-01	7.369113e-01	7.369113e-01
7.33          	bottomWall	7.331377e-01	7.331377e-01	7.331377e-01
7.34          	bottomWall	7.293105e-01	7.293105e-01	7.293105e-01
7.35          	bottomWall	7.254295e-01	7.254295e-01	7.254295e-01
7.36          	bottomWall	7.214944e-01	7.214944e-01	7.214944e-01
7.37          	bottomWall	7.175047e-01	7.175047e-01	7.175047e-01
7.38          	bottomWall	7.134603e-01	7.134603e-01	7.134603e-01
7.39          	bottomWall	7.093606e-01	7.093606e-01	7.093606e-01
7.4           	bottomWall	7.052054e-01	7.052054e-01	7.052054e-01
7.41          	bottomWall	7.009942e-01	7.009942e-01	7.009942e-01
7.42          	bottomWall	6.967267e-01	6.967267e-01	6.967267e-01
7.43          	bottomWall	6.924024e-01	6.924024e-01	6.924024e-01
7.44          	bottomWall	6.880208e-01	6.880208e-01	6.880208e-01
7.45          	bottomWall	6.835816e-01	6.835816e-01	6.835816e-01
7.46          	bottomWall	6.790841e-01	6.790841e-01	6.790841e-01
7.47          	bottomWall	6.745280e-01	6.745280e-01	6.745280e-01
7.48          	bottomWall	6.699126e-01	6.699126e-01	6.699126e-01
7.49          	bottomWall	6.652374e-01	6.652374e-01	6.652374e-01
7.5           	bottomWall	6.605019e-01	6.605019e-01	6.605019e-01
7.51          	bottomWall	6.557053e-01	6.557053e-01	6.557053e-01
7.52          	bottomWall	6.508471e-01	6.508471e-01	6.508471e-01
7.53          	bottomWall	6.459266e-01	6.459266e-01	6.459266e-01
7.54          	bottomWall	6.409430e-01	6.409430e-01	6.409430e-01
7.55          	bottomWall	6.358956e-01	6.358956e-01	6.358956e-01
7.56          	bottomWall	6.307836e-01	6.307836e-01	6.307836e-01
7.57          	bottomWall	6.256061e-01	6.256061e-01	6.256061e-01
7.58          	bottomWall	6.203623e-01	6.203623e-01	6.203623e-01
7.59          	bottomWall	6.150513e-01	6.150513e-01	6.150513e-01
7.6           	bottomWall	6.096719e-01	6.096719e-01	6.096719e-01
7.61          	bottomWall	6.042233e-01	6.042233e-01	6.042233e-01
7.62          	bottomWall	5.987042e-01	5.987042e-01	5.987042e-01
7.63          	bottomWall	5.931136e-01	5.931136e-01	5.931136e-01
7.64          	bottomWall	5.874500e-01	5.874500e-01	5.874500e-01
7.65          	bottomWall	5.817123e-01	5.817123e-01	5.817123e-01
7.66          	bottomWall	5.758990e-01	5.758990e-01	5.758990e-01
7.67          	bottomWall	5.700087e-01	5.700087e-01	5.700087e-01
7.68          	bottomWall	5.640396e-01	5.640396e-01	5.640396e-01
7.69          	bottomWall	5.579901e-01	5.579901e-01	5.579901e-01
7.7           	bottomWall	5.518585e-01	5.518585e-01	5.518585e-01
7.71          	bottomWall	5.456427e-01	5.456427e-01	5.456427e-01
7.72          	bottomWall	5.393406e-01	5.393406e-01	5.393406e-01
7.73          	bottomWall	5.329501e-01	5.329501e-01	5.329501e-01
7.74          	bottomWall	5.264688e-01	5.264688e-01	5.264688e-01
7.75          	bottomWall	5.198940e-01	5.198940e-01	5.198940e-01
7.76          	bottomWall	5.132231e-01	5.132231e-01	5.132231e-01
7.77          	bottomWall	5.064531e-01	5.064531e-01	5.064531e-01
7.78          	bottomWall	4.995807e-01	4.995807e-01	4.995807e-01
7.79          	bottomWall	4.926025e-01	4.926025e-01	4.926025e-01
7.8           	bottomWall	4.855147e-01	4.855147e-01	4.855147e-01
7.81          	bottomWall	4.783133e-01	4.783133e-01	4.783133e-01
7.82          	bottomWall	4.709938e-01	4.709938e-01	4.709938e-01
7.83          	bottomWall	4.635515e-01	4.635515e-01	4.635515e-01
7.84          	bottomWall	4.559810e-01	4.559810e-01	4.559810e-01
7.85          	bottomWall	4.482767e-01	4.482767e-01	4.482767e-01
7.86          	bottomWall	4.404322e-01	4.404322e-01	4.404322e-01
7.87          	bottomWall	4.324405e-01	4.324405e-01	4.324405e-01
7.88          	bottomWall	4.242941e-01	4.242941e-01	4.242941e-01
7.89          	bottomWall	4.159844e-01	4.159844e-01	4.159844e-01
7.9           	bottomWall	4.075021e-01	4.075021e-01	4.075021e-01
7.91          	bottomWall	3.988366e-01	3.988366e-01	3.988366e-01
7.92          	bottomWall	3.899762e-01	3.899762e-01	3.899762e-01
7.93          	bottomWall	3.809078e-01	3.809078e-01	3.809078e-01
7.94          	bottomWall	3.716165e-01	3.716165e-01	3.716165e-01
7.95          	bottomWall	3.620853e-01	3.620853e-01	3.620853e-01
7.96          	bottomWall	3.522949e-01	3.522949e-01	3.522949e-01
7.97          	bottomWall	3.422231e-01	3.422231e-01	3.422231e-01
7.98          	bottomWall	3.318442e-01	3.318442e-01	3.318442e-01
7.99          	bottomWall	3.211281e-01	3.211281e-01	3.211281e-01
8             	bottomWall	3.100395e-01	3.100395e-01	3.100395e-01
8.01          	bottomWall	2.985360e-01	2.985360e-01	2.985360e-01
8.02          	bottomWall	2.865669e-01	2.865669e-01	2.865669e-01
8.03          	bottomWall	2.740697e-01	2.740697e-01	2.740697e-01
8.04          	bottomWall	2.609669e-01	2.609669e-01	2.609669e-01
8.05          	bottomWall	2.471599e-01	2.471599e-01	2.471599e-01
8.06          	bottomWall	2.325204e-01	2.325204e-01	2.325204e-01
8.07          	bottomWall	2.168761e-01	2.168761e-01	2.168761e-01
8.08          	bottomWall	1.999861e-01	1.999861e-01	1.999861e-01
8.09          	bottomWall	1.814963e-01	1.814963e-01	1.814963e-01
8.1           	bottomWall	1.608466e-01	1.608466e-01	1.608466e-01
8.11          	bottomWall	1.370510e-01	1.370510e-01	1.370510e-01
8.12          	bottomWall	1.080291e-01	1.080291e-01	1.080291e-01
8.13          	bottomWall	6.728913e-02	6.728913e-02	6.728913e-02
8.14          	bottomWall	5.148613e-02	5.148613e-02	5.148613e-02
8.15          	bottomWall	9.956120e-02	9.956120e-02	9.956120e-02
8.16          	bottomWall	1.312897e-01	1.312897e-01	1.312897e-01
8.17          	bottomWall	1.567728e-01	1.567728e-01	1.567728e-01
8.18          	bottomWall	1.786017e-01	1.786017e-01	1.786017e-01
8.19          	bottomWall	1.979338e-01	1.979338e-01	1.979338e-01
8.2           	bottomWall	2.154094e-01	2.154094e-01	2.154094e-01
8.21          	bottomWall	2.314294e-01	2.314294e-01	2.314294e-01
8.22          	bottomWall	2.462650e-01	2.462650e-01	2.462650e-01
8.23          	bottomWall	2.601110e-01	2.601110e-01	2.601110e-01
8.24          	bottomWall	2.731131e-01	2.731131e-01	2.731131e-01
8.25          	bottomWall	2.853840e-01	2.853840e-01	2.853840e-01
8.26          	bottomWall	2.970133e-01	2.970133e-01	2.970133e-01
8.27          	bottomWall	3.080736e-01	3.080736e-01	3.080736e-01
8.28          	bottomWall	3.186250e-01	3.186250e-01	3.186250e-01
8.29          	bottomWall	3.287180e-01	3.287180e-01	3.287180e-01
8.3           	bottomWall	3.383955e-01	3.383955e-01	3.383955e-01
8.31          	bottomWall	3.476944e-01	3.476944e-01	3.476944e-01
8.32          	bottomWall	3.566469e-01	3.566469e-01	3.566469e-01
8.33          	bottomWall	3.652811e-01	3.652811e-01	3.652811e-01
8.34          	bottomWall	3.736218e-01	3.736218e-01	3.736218e-01
8.35          	bottomWall	3.816912e-01	3.816912e-01	3.816912e-01
8.36          	bottomWall	3.895091e-01	3.895091e-01	3.895091e-01
8.37          	bottomWall	3.970933e-01	3.970933e-01	3.970933e-01
8.38          	bottomWall	4.044600e-01	4.044600e-01	4.044600e-01
8.39          	bottomWall	4.116238e-01	4.116238e-01	4.116238e-01
8.4           	bottomWall	4.185982e-01	4.185982e-01	4.185982e-01
8.41          	bottomWall	4.253953e-01	4.253953e-01	4.253953e-01
8.42          	bottomWall	4.320266e-01	4.320266e-01	4.320266e-01
8.43          	bottomWall	4.385022e-01	4.385022e-01	4.385022e-01
8.44          	bottomWall	4.448318e-01	4.448318e-01	4.448318e-01
8.45          	bottomWall	4.510243e-01	4.510243e-01	4.510243e-01
8.46          	bottomWall	4.570878e-01	4.570878e-01	4.570878e-01
8.47          	bottomWall	4.630301e-01	4.630301e-01	4.630301e-01
8.48          	bottomWall	4.688581e-01	4.688581e-01	4.688581e-01
8.49          	bottomWall	4.745785e-01	4.745785e-01	4.745785e-01
8.5           	bottomWall	4.801974e-01	4.801974e-01	4.801974e-01
8.51          	bottomWall	4.857206e-01	4.857206e-01	4.857206e-01
8.52          	bottomWall	4.911535e-01	4.911535e-01	4.911535e-01
8.53          	bottomWall	4.965010e-01	4.965010e-01	4.965010e-01
8.54          	bottomWall	5.017677e-01	5.017677e-01	5.017677e-01
8.55          	bottomWall	5.069582e-01	5.069582e-01	5.069582e-01
8.56          	bottomWall	5.120764e-01	5.120764e-01	5.120764e-01
8.57          	bottomWall	5.171260e-01	5.171260e-01	5.171260e-01
8.58          	bottomWall	5.221108e-01	5.221108e-01	5.221108e-01
8.59          	bottomWall	5.270340e-01	5.270340e-01	5.270340e-01
8.6           	bottomWall	5.318986e-01	5.318986e-01	5.318986e-01
8.61          	bottomWall	5.367076e-01	5.367076e-01	5.367076e-01
8.62          	bottomWall	5.414637e-01	5.414637e-01	5.414637e-01
8.63          	bottomWall	5.461692e-01	5.461692e-01	5.461692e-01
8.64          	bottomWall	5.508266e-01	5.508266e-01	5.508266e-01
8.65          	bottomWall	5.554381e-01	5.554381e-01	5.554381e-01
8.66          	bottomWall	5.600055e-01	5.600055e-01	5.600055e-01
8.67          	bottomWall	5.645308e-01	5.645308e-01	5.645308e-01
8.68          	bottomWall	5.690156e-01	5.690156e-01	5.690156e-01
8.69          	bottomWall	5.734616e-01	5.734616e-01	5.734616e-01
8.7           	bottomWall	5.778702e-01	5.778702e-01	5.778702e-01
8.71          	bottomWall	5.822427e-01	5.822427e-01	5.822427e-01
8.72          	bottomWall	5.865804e-01	5.865804e-01	5.865804e-01
8.73          	bottomWall	5.908844e-01	5.908844e-01	5.908844e-01
8.74          	bottomWall	5.951558e-01	5.951558e-01	5.951558e-01
8.75          	bottomWall	5.993954e-01	5.993954e-01	5.993954e-01
8.76          	bottomWall	6.036042e-01	6.036042e-01	6.036042e-01
8.77          	bottomWall	6.077829e-01	6.077829e-01	6.077829e-01
8.78          	bottomWall	6.119323e-01	6.119323e-01	6.119323e-01
8.79          	bottomWall	6.160528e-01	6.160528e-01	6.160528e-01
8.8           	bottomWall	6.201452e-01	6.201452e-01	6.201452e-01
8.81          	bottomWall	6.242100e-01	6.242100e-01	6.242100e-01
8.82          	bottomWall	6.282475e-01	6.282475e-01	6.282475e-01
8.83          	bottomWall	6.322582e-01	6.322582e-01	6.322582e-01
8.84          	bottomWall	6.362423e-01	6.362423e-01	6.362423e-01
8.85          	bottomWall	6.402003e-01	6.402003e-01	6.402003e-01
8.86          	bottomWall	6.441324e-01	6.441324e-01	6.441324e-01
8.87          	bottomWall	6.480388e-01	6.480388e-01	6.480388e-01
8.88          	bottomWall	6.519196e-01	6.519196e-01	6.519196e-01
8.89          	bottomWall	6.557750e-01	6.557750e-01	6.557750e-01
8.9           	bottomWall	6.596051e-01	6.596051e-01	6.596051e-01
8.91          	bottomWall	6.634101e-01	6.634101e-01	6.634101e-01
8.92          	bottomWall	6.671899e-01	6.671899e-01	6.671899e-01
8.93          	bottomWall	6.709446e-01	6.709446e-01	6.709446e-01
8.94          	bottomWall	6.746742e-01	6.746742e-01	6.746742e-01
8.95          	bottomWall	6.783786e-01	6.783786e-01	6.783786e-01
8.96          	bottomWall	6.820579e-01	6.820579e-01	6.820579e-01
8.97          	bottomWall	6.857120e-01	6.857120e-01	6.857120e-01
8.98          	bottomWall	6.893409e-01	6.893409e-01	6.893409e-01
8.99          	bottomWall	6.929444e-01	6.929444e-01	6.929444e-01
9             	bottomWall	6.965224e-01	6.965224e-01	6.965224e-01
9.01          	bottomWall	7.000749e-01	7.000749e-01	7.000749e-01
9.02          	bottomWall	7.036017e-01	7.036017e-01	7.036017e-01
9.03          	bottomWall	7.071026e-01	7.071026e-01	7.071026e-01
9.04          	bottomWall	7.105777e-01	7.105777e-01	7.105777e-01
9.05          	bottomWall	7.140266e-01	7.140266e-01	7.140266e-01
9.06          	bottomWall	7.174493e-01	7.174493e-01	7.174493e-01
9.07          	bottomWall	7.208455e-01	7.208455e-01	7.208455e-01
9.08          	bottomWall	7.242152e-01	7.242152e-01	7.242152e-01
9.09          	bottomWall	7.275581e-01	7.275581e-01	7.275581e-01
9.1           	bottomWall	7.308740e-01	7.308740e-01	7.308740e-01
9.11          	bottomWall	7.341628e-01	7.341628e-01	7.341628e-01
9.12          	bottomWall	7.374243e-01	7.374243e-01	7.374243e-01
9.13          	bottomWall	7.406583e-01	7.406583e-01	7.406583e-01
9.14          	bottomWall	7.438646e-01	7.438646e-01	7.438646e-01
9.15          	bottomWall	7.470430e-01	7.470430e-01	7.470430e-01
9.16          	bottomWall	7.501933e-01	7.501933e-01	7.501933e-01
9.17          	bottomWall	7.533153e-01	7.533153e-01	7.533153e-01
9.18          	bottomWall	7.564088e-01	7.564088e-01	7.564088e-01
9.19          	bottomWall	7.594736e-01	7.594736e-01	7.594736e-01
9.2           	bottomWall	7.625095e-01	7.625095e-01	7.625095e-01
9.21          	bottomWall	7.655163e-01	7.655163e-01	7.655163e-01
9.22          	bottomWall	7.684938e-01	7.684938e-01	7.684938e-01
9.23          	bottomWall	7.714418e-01	7.714418e-01	7.714418e-01
9.24          	bottomWall	7.743600e-01	7.743600e-01	7.743600e-01
9.25          	bottomWall	7.772483e-01	7.772483e-01	7.772483e-01
9.26          	bottomWall	7.801065e-01	7.801065e-01	7.801065e-01
9.27          	bottomWall	7.829343e-01	7.829343e-01	7.829343e-01
9.28          	bottomWall	7.857316e-01	7.857316e-01	7.857316e-01
9.29          	bottomWall	7.884981e-01	7.884981e-01	7.884981e-01
9.3           	bottomWall	7.912337e-01	7.912337e-01	7.912337e-01
9.31          	bottomWall	7.939382e-01	7.939382e-01	7.939382e-01
9.32          	bottomWall	7.966113e-01	7.966113e-01	7.966113e-01
9.33          	bottomWall	7.992528e-01	7.992528e-01	7.992528e-01
9.34          	bottomWall	8.018626e-01	8.018626e-01	8.018626e-01
9.35          	bottomWall	8.044405e-01	8.044405e-01	8.044405e-01
9.36          	bottomWall	8.069863e-01	8.069863e-01	8.069863e-01
9.37          	bottomWall	8.094997e-01	8.094997e-01	8.094997e-01
9.38          	bottomWall	8.119805e-01	8.119805e-01	8.119805e-01
9.39          	bottomWall	8.144287e-01	8.144287e-01	8.144287e-01
9.4           	bottomWall	8.168440e-01	8.168440e-01	8.168440e-01
9.41          	bottomWall	8.192261e-01	8.192261e-01	8.192261e-01
9.42          	bottomWall	8.215750e-01	8.215750e-01	8.215750e-01
9.43          	bottomWall	8.238905e-01	8.238905e-01	8.238905e-01
9.44          	bottomWall	8.261722e-01	8.261722e-01	8.261722e-01
9.45          	bottomWall	8.284202e-01	8.284202e-01	8.284202e-01
9.46          	bottomWall	8.306341e-01	8.306341e-01	8.306341e-01
9.47          	bottomWall	8.328138e-01	8.328138e-01	8.328138e-01
9.48          	bottomWall	8.349591e-01	8.349591e-01	8.349591e-01
9.49          	bottomWall	8.370699e-01	8.370699e-01	8.370699e-01
9.5           	bottomWall	8.391460e-01	8.391460e-01	8.391460e-01
9.51          	bottomWall	8.411872e-01	8.411872e-01	8.411872e-01
9.52          	bottomWall	8.431932e-01	8.431932e-01	8.431932e-01
9.53          	bottomWall	8.451641e-01	8.451641e-01	8.451641e-01
9.54          	bottomWall	8.470995e-01	8.470995e-01	8.470995e-01
9.55          	bottomWall	8.489994e-01	8.489994e-01	8.489994e-01
9.56          	bottomWall	8.508635e-01	8.508635e-01	8.508635e-01
9.57          	bottomWall	8.526916e-01	8.526916e-01	8.526916e-01
9.58          	bottomWall	8.544837e-01	8.544837e-01	8.544837e-01
9.59          	bottomWall	8.562396e-01	8.562396e-01	8.562396e-01
9.6           	bottomWall	8.579591e-01	8.579591e-01	8.579591e-01
9.61          	bottomWall	8.596420e-01	8.596420e-01	8.596420e-01
9.62          	bottomWall	8.612882e-01	8.612882e-01	8.612882e-01
9.63          	bottomWall	8.628975e-01	8.628975e-01	8.628975e-01
9.64          	bottomWall	8.644698e-01	8.644698e-01	8.644698e-01
9.65          	bottomWall	8.660049e-01	8.660049e-01	8.660049e-01
9.66          	bottomWall	8.675026e-01	8.675026e-01	8.675026e-01
9.67          	bottomWall	8.689629e-01	8.689629e-01	8.689629e-01
9.68          	bottomWall	8.703855e-01	8.703855e-01	8.703855e-01
9.69          	bottomWall	8.717704e-01	8.717704e-01	8.717704e-01
9.7           	bottomWall	8.731173e-01	8.731173e-01	8.731173e-01
9.71          	bottomWall	8.744262e-01	8.744262e-01	8.744262e-01
9.72          	bottomWall	8.756968e-01	8.756968e-01	8.756968e-01
9.73          	bottomWall	8.769291e-01	8.769291e-01	8.769291e-01
9.74          	bottomWall	8.781228e-01	8.781228e-01	8.781228e-01
9.75          	bottomWall	8.792779e-01	8.792779e-01	8.792779e-01
9.76          	bottomWall	8.803943e-01	8.803943e-01	8.803943e-01
9.77          	bottomWall	8.814717e-01	8.814717e-01	8.814717e-01
9.78          	bottomWall	8.825100e-01	8.825100e-01	8.825100e-01
9.79          	bottomWall	8.835091e-01	8.835091e-01	8.835091e-01
9.8           	bottomWall	8.844690e-01	8.844690e-01	8.844690e-01
9.81          	bottomWall	8.853893e-01	8.853893e-01	8.853893e-01
9.82          	bottomWall	8.862700e-01	8.862700e-01	8.862700e-01
9.83          	bottomWall	8.871111e-01	8.871111e-01	8.871111e-01
9.84          	bottomWall	8.879122e-01	8.879122e-01	8.879122e-01
9.85          	bottomWall	8.886734e-01	8.886734e-01	8.886734e-01
9.86          	bottomWall	8.893944e-01	8.893944e-01	8.893944e-01
9.87          	bottomWall	8.900752e-01	8.900752e-01	8.900752e-01
9.88          	bottomWall	8.907157e-01	8.907157e-01	8.907157e-01
9.89          	bottomWall	8.913156e-01	8.913156e-01	8.913156e-01
9.9           	bottomWall	8.918749e-01	8.918749e-01	8.918749e-01
9.91          	bottomWall	8.923935e-01	8.923935e-01	8.923935e-01
9.92          	bottomWall	8.928712e-01	8.928712e-01	8.928712e-01
9.93          	bottomWall	8.933079e-01	8.933079e-01	8.933079e-01
9.94          	bottomWall	8.937035e-01	8.937035e-01	8.937035e-01
9.95          	bottomWall	8.940579e-01	8.940579e-01	8.940579e-01
9.96          	bottomWall	8.943709e-01	8.943709e-01	8.943709e-01
9.97          	bottomWall	8.946425e-01	8.946425e-01	8.946425e-01
9.98          	bottomWall	8.948725e-01	8.948725e-01	8.948725e-01
9.99          	bottomWall	8.950608e-01	8.950608e-01	8.950608e-01
10            	bottomWall	8.952073e-01	8.952073e-01	8.952073e-01
10.01         	bottomWall	8.953119e-01	8.953119e-01	8.953119e-01
10.02         	bottomWall	8.953744e-01	8.953744e-01	8.953744e-01
10.03         	bottomWall	8.953947e-01	8.953947e-01	8.953947e-01
10.04         	bottomWall	8.953728e-01	8.953728e-01	8.953728e-01
10.05         	bottomWall	8.953085e-01	8.953085e-01	8.953085e-01
10.06         	bottomWall	8.952018e-01	8.952018e-01	8.952018e-01
10.07         	bottomWall	8.950524e-01	8.950524e-01	8.950524e-01
10.08         	bottomWall	8.948603e-01	8.948603e-01	8.948603e-01
10.09         	bottomWall	8.946254e-01	8.946254e-01	8.946254e-01
10.1          	bottomWall	8.943476e-01	8.943476e-01	8.943476e-01
10.11         	bottomWall	8.940267e-01	8.940267e-01	8.940267e-01
10.12         	bottomWall	8.936627e-01	8.936627e-01	8.936627e-01
10.13         	bottomWall	8.932554e-01	8.932554e-01	8.932554e-01
10.14         	bottomWall	8.928048e-01	8.928048e-01	8.928048e-01
10.15         	bottomWall	8.923107e-01	8.923107e-01	8.923107e-01
10.16         	bottomWall	8.917730e-01	8.917730e-01	8.917730e-01
10.17         	bottomWall	8.911917e-01	8.911917e-01	8.911917e-01
10.18         	bottomWall	8.905665e-01	8.905665e-01	8.905665e-01
10.19         	bottomWall	8.898975e-01	8.898975e-01	8.898975e-01
10.2          	bottomWall	8.891845e-01	8.891845e-01	8.891845e-01
10.21         	bottomWall	8.884274e-01	8.884274e-01	8.884274e-01
10.22         	bottomWall	8.876261e-01	8.876261e-01	8.876261e-01
10.23         	bottomWall	8.867805e-01	8.867805e-01	8.867805e-01
10.24         	bottomWall	8.858905e-01	8.858905e-01	8.858905e-01
10.25         	bottomWall	8.849559e-01	8.849559e-01	8.849559e-01
10.26         	bottomWall	8.839768e-01	8.839768e-01	8.839768e-01
10.27         	bottomWall	8.829529e-01	8.829529e-01	8.829529e-01
10.28         	bottomWall	8.818842e-01	8.818842e-01	8.818842e-01
10.29         	bottomWall	8.807706e-01	8.807706e-01	8.807706e-01
10.3          	bottomWall	8.796119e-01	8.796119e-01	8.796119e-01
10.31         	bottomWall	8.784081e-01	8.784081e-01	8.784081e-01
10.32         	bottomWall	8.771591e-01	8.771591e-01	8.771591e-01
10.33         	bottomWall	8.758647e-01	8.758647e-01	8.758647e-01
10.34         	bottomWall	8.745248e-01	8.745248e-01	8.745248e-01
10.35         	bottomWall	8.731394e-01	8.731394e-01	8.731394e-01
10.36         	bottomWall	8.717084e-01	8.717084e-01	8.717084e-01
10.37         	bottomWall	8.702315e-01	8.702315e-01	8.702315e-01
10.38         	bottomWall	8.687088e-01	8.687088e-01	8.687088e-01
10.39         	bottomWall	8.671401e-01	8.671401e-01	8.671401e-01
10.4          	bottomWall	8.655254e-01	8.655254e-01	8.655254e-01
10.41         	bottomWall	8.638644e-01	8.638644e-01	8.638644e-01
10.42         	bottomWall	8.621571e-01	8.621571e-01	8.621571e-01
10.43         	bottomWall	8.604033e-01	8.604033e-01	8.604033e-01
10.44         	bottomWall	8.586031e-01	8.586031e-01	8.586031e-01
10.45         	bottomWall	8.567562e-01	8.567562e-01	8.567562e-01
10.46         	bottomWall	8.548625e-01	8.548625e-01	8.548625e-01
10.47         	bottomWall	8.529219e-01	8.529219e-01	8.529219e-01
10.48         	bottomWall	8.509344e-01	8.509344e-01	8.509344e-01
10.49         	bottomWall	8.488998e-01	8.488998e-01	8.488998e-01
10.5          	bottomWall	8.468179e-01	8.468179e-01	8.468179e-01
10.51         	bottomWall	8.446887e-01	8.446887e-01	8.446887e-01
10.52         	bottomWall	8.425120e-01	8.425120e-01	8.425120e-01
10.53         	bottomWall	8.402877e-01	8.402877e-01	8.402877e-01
10.54         	bottomWall	8.380156e-01	8.380156e-01	8.380156e-01
10.55         	bottomWall	8.356958e-01	8.356958e-01	8.356958e-01
10.56         	bottomWall	8.333279e-01	8.333279e-01	8.333279e-01
10.57         	bottomWall	8.309119e-01	8.309119e-01	8.309119e-01
10.58         	bottomWall	8.284477e-01	8.284477e-01	8.284477e-01
10.59         	bottomWall	8.259351e-01	8.259351e-01	8.259351e-01
10.6          	bottomWall	8.233739e-01	8.233739e-01	8.233739e-01
10.61         	bottomWall	8.207641e-01	8.207641e-01	8.207641e-01
10.62         	bottomWall	8.181055e-01	8.181055e-01	8.181055e-01
10.63         	bottomWall	8.153979e-01	8.153979e-01	8.153979e-01
10.64         	bottomWall	8.126411e-01	8.126411e-01	8.126411e-01
10.65         	bottomWall	8.098351e-01	8.098351e-01	8.098351e-01
10.66         	bottomWall	8.069797e-01	8.069797e-01	8.069797e-01
10.67         	bottomWall	8.040746e-01	8.040746e-01	8.040746e-01
10.68         	bottomWall	8.011197e-01	8.011197e-01	8.011197e-01
10.69         	bottomWall	7.981149e-01	7.981149e-01	7.981149e-01
10.7          	bottomWall	7.950600e-01	7.950600e-01	7.950600e-01
10.71         	bottomWall	7.919548e-01	7.919548e-01	7.919548e-01
10.72         	bottomWall	7.887990e-01	7.887990e-01	7.887990e-01
10.73         	bottomWall	7.855926e-01	7.855926e-01	7.855926e-01
10.74         	bottomWall	7.823352e-01	7.823352e-01	7.823352e-01
10.75         	bottomWall	7.790268e-01	7.790268e-01	7.790268e-01
10.76         	bottomWall	7.756670e-01	7.756670e-01	7.756670e-01
10.77         	bottomWall	7.722557e-01	7.722557e-01	7.722557e-01
10.78         	bottomWall	7.687926e-01	7.687926e-01	7.687926e-01
10.79         	bottomWall	7.652775e-01	7.652775e-01	7.652775e-01
10.8          	bottomWall	7.617102e-01	7.617102e-01	7.617102e-01
10.81         	bottomWall	7.580903e-01	7.580903e-01	7.580903e-01
10.82         	bottomWall	7.544177e-01	7.544177e-01	7.544177e-01
10.83         	bottomWall	7.506921e-01	7.506921e-01	7.506921e-01
10.84         	bottomWall	7.469131e-01	7.469131e-01	7.469131e-01
10.85         	bottomWall	7.430805e-01	7.430805e-01	7.430805e-01
10.86         	bottomWall	7.391940e-01	7.391940e-01	7.391940e-01
10.87         	bottomWall	7.352533e-01	7.352533e-01	7.352533e-01
10.88         	bottomWall	7.312580e-01	7.312580e-01	7.312580e-01
10.89         	bottomWall	7.272078e-01	7.272078e-01	7.272078e-01
10.9          	bottomWall	7.231023e-01	7.231023e-01	7.231023e-01
10.91         	bottomWall	7.189412e-01	7.189412e-01	7.189412e-01
10.92         	bottomWall	7.147241e-01	7.147241e-01	7.147241e-01
10.93         	bottomWall	7.104505e-01	7.104505e-01	7.104505e-01
10.94         	bottomWall	7.061201e-01	7.061201e-01	7.061201e-01
10.95         	bottomWall	7.017324e-01	7.017324e-01	7.017324e-01
10.96         	bottomWall	6.972870e-01	6.972870e-01	6.972870e-01
10.97         	bottomWall	6.927833e-01	6.927833e-01	6.927833e-01
10.98         	bottomWall	6.882209e-01	6.882209e-01	6.882209e-01
10.99         	bottomWall	6.835992e-01	6.835992e-01	6.835992e-01
11            	bottomWall	6.789176e-01	6.789176e-01	6.789176e-01
11.01         	bottomWall	6.741757e-01	6.741757e-01	6.741757e-01
11.02         	bottomWall	6.693727e-01	6.693727e-01	6.693727e-01
11.03         	bottomWall	6.645080e-01	6.645080e-01	6.645080e-01
11.04         	bottomWall	6.595810e-01	6.595810e-01	6.595810e-01
11.05         	bottomWall	6.545910e-01	6.545910e-01	6.545910e-01
11.06         	bottomWall	6.495371e-01	6.495371e-01	6.495371e-01
11.07         	bottomWall	6.444186e-01	6.444186e-01	6.444186e-01
11.08         	bottomWall	6.392347e-01	6.392347e-01	6.392347e-01
11.09         	bottomWall	6.339845e-01	6.339845e-01	6.339845e-01
11.1          	bottomWall	6.286671e-01	6.286671e-01	6.286671e-01
11.11         	bottomWall	6.232814e-01	6.232814e-01	6.232814e-01
11.12         	bottomWall	6.178265e-01	6.178265e-01	6.178265e-01
11.13         	bottomWall	6.123012e-01	6.123012e-01	6.123012e-01
11.14         	bottomWall	6.067045e-01	6.067045e-01	6.067045e-01
11.15         	bottomWall	6.010349e-01	6.010349e-01	6.010349e-01
11.16         	bottomWall	5.952914e-01	5.952914e-01	5.952914e-01
11.17         	bottomWall	5.894724e-01	5.894724e-01	5.894724e-01
11.18         	bottomWall	5.835765e-01	5.835765e-01	5.835765e-01
11.19         	bottomWall	5.776021e-01	5.776021e-01	5.776021e-01
11.2          	bottomWall	5.715476e-01	5.715476e-01	5.715476e-01
11.21         	bottomWall	5.654112e-01	5.654112e-01	5.654112e-01
11.22         	bottomWall	5.591909e-01	5.591909e-01	5.591909e-01
11.23         	bottomWall	5.528847e-01	5.528847e-01	5.528847e-01
11.24         	bottomWall	5.464905e-01	5.464905e-01	5.464905e-01
11.25         	bottomWall	5.400059e-01	5.400059e-01	5.400059e-01
11.26         	bottomWall	5.334285e-01	5.334285e-01	5.334285e-01
11.27         	bottomWall	5.267554e-01	5.267554e-01	5.267554e-01
11.28         	bottomWall	5.199839e-01	5.199839e-01	5.199839e-01
11.29         	bottomWall	5.131109e-01	5.131109e-01	5.131109e-01
11.3          	bottomWall	5.061329e-01	5.061329e-01	5.061329e-01
11.31         	bottomWall	4.990463e-01	4.990463e-01	4.990463e-01
11.32         	bottomWall	4.918472e-01	4.918472e-01	4.918472e-01
11.33         	bottomWall	4.845314e-01	4.845314e-01	4.845314e-01
11.34         	bottomWall	4.770942e-01	4.770942e-01	4.770942e-01
11.35         	bottomWall	4.695305e-01	4.695305e-01	4.695305e-01
11.36         	bottomWall	4.618348e-01	4.618348e-01	4.618348e-01
11.37         	bottomWall	4.540011e-01	4.540011e-01	4.540011e-01
11.38         	bottomWall	4.460227e-01	4.460227e-01	4.460227e-01
11.39         	bottomWall	4.378925e-01	4.378925e-01	4.378925e-01
11.4          	bottomWall	4.296022e-01	4.296022e-01	4.296022e-01
11.41         	bottomWall	4.211431e-01	4.211431e-01	4.211431e-01
11.42         	bottomWall	4.125052e-01	4.125052e-01	4.125052e-01
11.43         	bottomWall	4.036774e-01	4.036774e-01	4.036774e-01
11.44         	bottomWall	3.946475e-01	3.946475e-01	3.946475e-01
11.45         	bottomWall	3.854015e-01	3.854015e-01	3.854015e-01
11.46         	bottomWall	3.759237e-01	3.759237e-01	3.759237e-01
11.47         	bottomWall	3.661963e-01	3.661963e-01	3.661963e-01
11.48         	bottomWall	3.561988e-01	3.561988e-01	3.561988e-01
11.49         	bottomWall	3.459076e-01	3.459076e-01	3.459076e-01
11.5          	bottomWall	3.352956e-01	3.352956e-01	3.352956e-01
11.51         	bottomWall	3.243308e-01	3.243308e-01	3.243308e-01
11.52         	bottomWall	3.129754e-01	3.129754e-01	3.129754e-01
11.53         	bottomWall	3.011844e-01	3.011844e-01	3.011844e-01
11.54         	bottomWall	2.889034e-01	2.889034e-01	2.889034e-01
11.55         	bottomWall	2.760653e-01	2.760653e-01	2.760653e-01
11.56         	bottomWall	2.625865e-01	2.625865e-01	2.625865e-01
11.57         	bottomWall	2.483601e-01	2.483601e-01	2.483601e-01
11.58         	bottomWall	2.332461e-01	2.332461e-01	2.332461e-01
11.59         	bottomWall	2.170548e-01	2.170548e-01	2.170548e-01
11.6          	bottomWall	1.995185e-01	1.995185e-01	1.995185e-01
11.61         	bottomWall	1.802377e-01	1.802377e-01	1.802377e-01
11.62         	bottomWall	1.585669e-01	1.585669e-01	1.585669e-01
11.63         	bottomWall	1.333310e-01	1.333310e-01	1.333310e-01
11.64         	bottomWall	1.018907e-01	1.018907e-01	1.018907e-01
11.65         	bottomWall	5.432385e-02	5.432385e-02	5.432385e-02
11.66         	bottomWall	6.723294e-02	6.723294e-02	6.723294e-02
11.67         	bottomWall	1.099798e-01	1.099798e-01	1.099798e-01
11.68         	bottomWall	1.404515e-01	1.404515e-01	1.404515e-01
11.69         	bottomWall	1.654410e-01	1.654410e-01	1.654410e-01
11.7          	bottomWall	1.870703e-01	1.870703e-01	1.870703e-01
11.71         	bottomWall	2.063480e-01	2.063480e-01	2.063480e-01
11.72         	bottomWall	2.238514e-01	2.238514e-01	2.238514e-01
11.73         	bottomWall	2.399489e-01	2.399489e-01	2.399489e-01
11.74         	bottomWall	2.548942e-01	2.548942e-01	2.548942e-01
11.75         	bottomWall	2.688709e-01	2.688709e-01	2.688709e-01
11.76         	bottomWall	2.820178e-01	2.820178e-01	2.820178e-01
11.77         	bottomWall	2.944428e-01	2.944428e-01	2.944428e-01
11.78         	bottomWall	3.062323e-01	3.062323e-01	3.062323e-01
11.79         	bottomWall	3.174566e-01	3.174566e-01	3.174566e-01
11.8          	bottomWall	3.281742e-01	3.281742e-01	3.281742e-01
11.81         	bottomWall	3.384341e-01	3.384341e-01	3.384341e-01
11.82         	bottomWall	3.482785e-01	3.482785e-01	3.482785e-01
11.83         	bottomWall	3.577435e-01	3.577435e-01	3.577435e-01
11.84         	bottomWall	3.668606e-01	3.668606e-01	3.668606e-01
11.85         	bottomWall	3.756575e-01	3.756575e-01	3.756575e-01
11.86         	bottomWall	3.841589e-01	3.841589e-01	3.841589e-01
11.87         	bottomWall	3.923864e-01	3.923864e-01	3.923864e-01
11.88         	bottomWall	4.003598e-01	4.003598e-01	4.003598e-01
11.89         	bottomWall	4.080967e-01	4.080967e-01	4.080967e-01
11.9          	bottomWall	4.156130e-01	4.156130e-01	4.156130e-01
11.91         	bottomWall	4.229234e-01	4.229234e-01	4.229234e-01
11.92         	bottomWall	4.300410e-01	4.300410e-01	4.300410e-01
11.93         	bottomWall	4.369781e-01	4.369781e-01	4.369781e-01
11.94         	bottomWall	4.437459e-01	4.437459e-01	4.437459e-01
11.95         	bottomWall	4.503545e-01	4.503545e-01	4.503545e-01
11.96         	bottomWall	4.568137e-01	4.568137e-01	4.568137e-01
11.97         	bottomWall	4.631321e-01	4.631321e-01	4.631321e-01
11.98         	bottomWall	4.693179e-01	4.693179e-01	4.693179e-01
11.99         	bottomWall	4.753788e-01	4.753788e-01	4.753788e-01
12            	bottomWall	4.813217e-01	4.813217e-01	4.813217e-01
12.01         	bottomWall	4.871534e-01	4.871534e-01	4.871534e-01
12.02         	bottomWall	4.928798e-01	4.928798e-01	4.928798e-01
12.03         	bottomWall	4.985068e-01	4.985068e-01	4.985068e-01
12.04         	bottomWall	5.040397e-01	5.040397e-01	5.040397e-01
12.05         	bottomWall	5.094834e-01	5.094834e-01	5.094834e-01
12.06         	bottomWall	5.148428e-01	5.148428e-01	5.148428e-01
12.07         	bottomWall	5.201220e-01	5.201220e-01	5.201220e-01
12.08         	bottomWall	5.253252e-01	5.253252e-01	5.253252e-01
12.09         	bottomWall	5.304563e-01	5.304563e-01	5.304563e-01
12.1          	bottomWall	5.355188e-01	5.355188e-01	5.355188e-01
12.11         	bottomWall	5.405160e-01	5.405160e-01	5.405160e-01
12.12         	bottomWall	5.454510e-01	5.454510e-01	5.454510e-01
12.13         	bottomWall	5.503269e-01	5.503269e-01	5.503269e-01
12.14         	bottomWall	5.551462e-01	5.551462e-01	5.551462e-01
12.15         	bottomWall	5.599116e-01	5.599116e-01	5.599116e-01
12.16         	bottomWall	5.646253e-01	5.646253e-01	5.646253e-01
12.17         	bottomWall	5.692897e-01	5.692897e-01	5.692897e-01
12.18         	bottomWall	5.739067e-01	5.739067e-01	5.739067e-01
12.19         	bottomWall	5.784783e-01	5.784783e-01	5.784783e-01
12.2          	bottomWall	5.830063e-01	5.830063e-01	5.830063e-01
12.21         	bottomWall	5.874922e-01	5.874922e-01	5.874922e-01
12.22         	bottomWall	5.919376e-01	5.919376e-01	5.919376e-01
12.23         	bottomWall	5.963440e-01	5.963440e-01	5.963440e-01
12.24         	bottomWall	6.007125e-01	6.007125e-01	6.007125e-01
12.25         	bottomWall	6.050445e-01	6.050445e-01	6.050445e-01
12.26         	bottomWall	6.093410e-01	6.093410e-01	6.093410e-01
12.27         	bottomWall	6.136030e-01	6.136030e-01	6.136030e-01
12.28         	bottomWall	6.178315e-01	6.178315e-01	6.178315e-01
12.29         	bottomWall	6.220272e-01	6.220272e-01	6.220272e-01
12.3          	bottomWall	6.261911e-01	6.261911e-01	6.261911e-01
12.31         	bottomWall	6.303237e-01	6.303237e-01	6.303237e-01
12.32         	bottomWall	6.344257e-01	6.344257e-01	6.344257e-01
12.33         	bottomWall	6.384977e-01	6.384977e-01	6.384977e-01
12.34         	bottomWall	6.425402e-01	6.425402e-01	6.425402e-01
12.35         	bottomWall	6.465537e-01	6.465537e-01	6.465537e-01
12.36         	bottomWall	6.505385e-01	6.505385e-01	6.505385e-01
12.37         	bottomWall	6.544951e-01	6.544951e-01	6.544951e-01
12.38         	bottomWall	6.584237e-01	6.584237e-01	6.584237e-01
12.39         	bottomWall	6.623247e-01	6.623247e-01	6.623247e-01
12.4          	bottomWall	6.661982e-01	6.661982e-01	6.661982e-01
12.41         	bottomWall	6.700445e-01	6.700445e-01	6.700445e-01
12.42         	bottomWall	6.738638e-01	6.738638e-01	6.738638e-01
12.43         	bottomWall	6.776561e-01	6.776561e-01	6.776561e-01
12.44         	bottomWall	6.814216e-01	6.814216e-01	6.814216e-01
12.45         	bottomWall	6.851603e-01	6.851603e-01	6.851603e-01
12.46         	bottomWall	6.888724e-01	6.888724e-01	6.888724e-01
12.47         	bottomWall	6.925579e-01	6.925579e-01	6.925579e-01
12.48         	bottomWall	6.962167e-01	6.962167e-01	6.962167e-01
12.49         	bottomWall	6.998488e-01	6.998488e-01	6.998488e-01
12.5          	bottomWall	7.034543e-01	7.034543e-01	7.034543e-01
12.51         	bottomWall	7.070331e-01	7.070331e-01	7.070331e-01
12.52         	bottomWall	7.105852e-01	7.105852e-01	7.105852e-01
12.53         	bottomWall	7.141104e-01	7.141104e-01	7.141104e-01
12.54         	bottomWall	7.176087e-01	7.176087e-01	7.176087e-01
12.55         	bottomWall	7.210800e-01	7.210800e-01	7.210800e-01
12.56         	bottomWall	7.245242e-01	7.245242e-01	7.245242e-01
12.57         	bottomWall	7.279411e-01	7.279411e-01	7.279411e-01
12.58         	bottomWall	7.313307e-01	7.313307e-01	7.313307e-01
12.59         	bottomWall	7.346928e-01	7.346928e-01	7.346928e-01
12.6          	bottomWall	7.380272e-01	7.380272e-01	7.380272e-01
12.61         	bottomWall	7.413339e-01	7.413339e-01	7.413339e-01
12.62         	bottomWall	7.446126e-01	7.446126e-01	7.446126e-01
12.63         	bottomWall	7.478633e-01	7.478633e-01	7.478633e-01
12.64         	bottomWall	7.510857e-01	7.510857e-01	7.510857e-01
12.65         	bottomWall	7.542796e-01	7.542796e-01	7.542796e-01
12.66         	bottomWall	7.574450e-01	7.574450e-01	7.574450e-01
12.67         	bottomWall	7.605816e-01	7.605816e-01	7.605816e-01
12.68         	bottomWall	7.636892e-01	7.636892e-01	7.636892e-01
12.69         	bottomWall	7.667677e-01	7.667677e-01	7.667677e-01
12.7          	bottomWall	7.698169e-01	7.698169e-01	7.698169e-01
12.71         	bottomWall	7.728366e-01	7.728366e-01	7.728366e-01
12.72         	bottomWall	7.758266e-01	7.758266e-01	7.758266e-01
12.73         	bottomWall	7.787868e-01	7.787868e-01	7.787868e-01
12.74         	bottomWall	7.817169e-01	7.817169e-01	7.817169e-01
12.75         	bottomWall	7.846167e-01	7.846167e-01	7.846167e-01
12.76         	bottomWall	7.874860e-01	7.874860e-01	7.874860e-01
12.77         	bottomWall	7.903248e-01	7.903248e-01	7.903248e-01
12.78         	bottomWall	7.931327e-01	7.931327e-01	7.931327e-01
12.79         	bottomWall	7.959096e-01	7.959096e-01	7.959096e-01
12.8          	bottomWall	7.986553e-01	7.986553e-01	7.986553e-01
12.81         	bottomWall	8.013695e-01	8.013695e-01	8.013695e-01
12.82         	bottomWall	8.040522e-01	8.040522e-01	8.040522e-01
12.83         	bottomWall	8.067031e-01	8.067031e-01	8.067031e-01
12.84         	bottomWall	8.093221e-01	8.093221e-01	8.093221e-01
12.85         	bottomWall	8.119088e-01	8.119088e-01	8.119088e-01
12.86         	bottomWall	8.144633e-01	8.144633e-01	8.144633e-01
12.87         	bottomWall	8.169851e-01	8.169851e-01	8.169851e-01
12.88         	bottomWall	8.194743e-01	8.194743e-01	8.194743e-01
12.89         	bottomWall	8.219305e-01	8.219305e-01	8.219305e-01
12.9          	bottomWall	8.243537e-01	8.243537e-01	8.243537e-01
12.91         	bottomWall	8.267436e-01	8.267436e-01	8.267436e-01
12.92         	bottomWall	8.291000e-01	8.291000e-01	8.291000e-01
12.93         	bottomWall	8.314228e-01	8.314228e-01	8.314228e-01
12.94         	bottomWall	8.337117e-01	8.337117e-01	8.337117e-01
12.95         	bottomWall	8.359667e-01	8.359667e-01	8.359667e-01
12.96         	bottomWall	8.381874e-01	8.381874e-01	8.381874e-01
12.97         	bottomWall	8.403738e-01	8.403738e-01	8.403738e-01
12.98         	bottomWall	8.425257e-01	8.425257e-01	8.425257e-01
12.99         	bottomWall	8.446429e-01	8.446429e-01	8.446429e-01
13            	bottomWall	8.467252e-01	8.467252e-01	8.467252e-01
13.01         	bottomWall	8.487724e-01	8.487724e-01	8.487724e-01
13.02         	bottomWall	8.507844e-01	8.507844e-01	8.507844e-01
13.03         	bottomWall	8.527611e-01	8.527611e-01	8.527611e-01
13.04         	bottomWall	8.547021e-01	8.547021e-01	8.547021e-01
13.05         	bottomWall	8.566075e-01	8.566075e-01	8.566075e-01
13.06         	bottomWall	8.584770e-01	8.584770e-01	8.584770e-01
13.07         	bottomWall	8.603104e-01	8.603104e-01	8.603104e-01
13.08         	bottomWall	8.621076e-01	8.621076e-01	8.621076e-01
13.09         	bottomWall	8.638684e-01	8.638684e-01	8.638684e-01
13.1          	bottomWall	8.655927e-01	8.655927e-01	8.655927e-01
13.11         	bottomWall	8.672804e-01	8.672804e-01	8.672804e-01
13.12         	bottomWall	8.689311e-01	8.689311e-01	8.689311e-01
13.13         	bottomWall	8.705449e-01	8.705449e-01	8.705449e-01
13.14         	bottomWall	8.721215e-01	8.721215e-01	8.721215e-01
13.15         	bottomWall	8.736608e-01	8.736608e-01	8.736608e-01
13.16         	bottomWall	8.751627e-01	8.751627e-01	8.751627e-01
13.17         	bottomWall	8.766270e-01	8.766270e-01	8.766270e-01
13.18         	bottomWall	8.780535e-01	8.780535e-01	8.780535e-01
13.19         	bottomWall	8.794421e-01	8.794421e-01	8.794421e-01
13.2          	bottomWall	8.807926e-01	8.807926e-01	8.807926e-01
13.21         	bottomWall	8.821050e-01	8.821050e-01	8.821050e-01
13.22         	bottomWall	8.833790e-01	8.833790e-01	8.833790e-01
13.23         	bottomWall	8.846145e-01	8.846145e-01	8.846145e-01
13.24         	bottomWall	8.858114e-01	8.858114e-01	8.858114e-01
13.25         	bottomWall	8.869696e-01	8.869696e-01	8.869696e-01
13.26         	bottomWall	8.880889e-01	8.880889e-01	8.880889e-01
13.27         	bottomWall	8.891691e-01	8.891691e-01	8.891691e-01
13.28         	bottomWall	8.902102e-01	8.902102e-01	8.902102e-01
13.29         	bottomWall	8.912119e-01	8.912119e-01	8.912119e-01
13.3          	bottomWall	8.921743e-01	8.921743e-01	8.921743e-01
13.31         	bottomWall	8.930970e-01	8.930970e-01	8.930970e-01
13.32         	bottomWall	8.939800e-01	8.939800e-01	8.939800e-01
13.33         	bottomWall	8.948233e-01	8.948233e-01	8.948233e-01
13.34         	bottomWall	8.956265e-01	8.956265e-01	8.956265e-01
13.35         	bottomWall	8.963897e-01	8.963897e-01	8.963897e-01
13.36         	bottomWall	8.971126e-01	8.971126e-01	8.971126e-01
13.37         	bottomWall	8.977952e-01	8.977952e-01	8.977952e-01
13.38         	bottomWall	8.984373e-01	8.984373e-01	8.984373e-01
13.39         	bottomWall	8.990388e-01	8.990388e-01	8.990388e-01
13.4          	bottomWall	8.995996e-01	8.995996e-01	8.995996e-01
13.41         	bottomWall	9.001196e-01	9.001196e-01	9.001196e-01
13.42         	bottomWall	9.005986e-01	9.005986e-01	9.005986e-01
13.43         	bottomWall	9.010365e-01	9.010365e-01	9.010365e-01
13.44         	bottomWall	9.014332e-01	9.014332e-01	9.014332e-01
13.45         	bottomWall	9.017886e-01	9.017886e-01	9.017886e-01
13.46         	bottomWall	9.021026e-01	9.021026e-01	9.021026e-01
13.47         	bottomWall	9.023750e-01	9.023750e-01	9.023750e-01
13.48         	bottomWall	9.026057e-01	9.026057e-01	9.026057e-01
13.49         	bottomWall	9.027946e-01	9.027946e-01	9.027946e-01
13.5          	bottomWall	9.029417e-01	9.029417e-01	9.029417e-01
13.51         	bottomWall	9.030467e-01	9.030467e-01	9.030467e-01
13.52         	bottomWall	9.031096e-01	9.031096e-01	9.031096e-01
13.53         	bottomWall	9.031302e-01	9.031302e-01	9.031302e-01
13.54         	bottomWall	9.031085e-01	9.031085e-01	9.031085e-01
13.55         	bottomWall	9.030444e-01	9.030444e-01	9.030444e-01
13.56         	bottomWall	9.029376e-01	9.029376e-01	9.029376e-01
13.57         	bottomWall	9.027882e-01	9.027882e-01	9.027882e-01
13.58         	bottomWall	9.025960e-01	9.025960e-01	9.025960e-01
13.59         	bottomWall	9.023609e-01	9.023609e-01	9.023609e-01
13.6          	bottomWall	9.020828e-01	9.020828e-01	9.020828e-01
13.61         	bottomWall	9.017616e-01	9.017616e-01	9.017616e-01
13.62         	bottomWall	9.013971e-01	9.013971e-01	9.013971e-01
13.63         	bottomWall	9.009893e-01	9.009893e-01	9.009893e-01
13.64         	bottomWall	9.005381e-01	9.005381e-01	9.005381e-01
13.65         	bottomWall	9.000433e-01	9.000433e-01	9.000433e-01
13.66         	bottomWall	8.995049e-01	8.995049e-01	8.995049e-01
13.67         	bottomWall	8.989228e-01	8.989228e-01	8.989228e-01
13.68         	bottomWall	8.982968e-01	8.982968e-01	8.982968e-01
13.69         	bottomWall	8.976268e-01	8.976268e-01	8.976268e-01
13.7          	bottomWall	8.969128e-01	8.969128e-01	8.969128e-01
13.71         	bottomWall	8.961546e-01	8.961546e-01	8.961546e-01
13.72         	bottomWall	8.953522e-01	8.953522e-01	8.953522e-01
13.73         	bottomWall	8.945053e-01	8.945053e-01	8.945053e-01
13.74         	bottomWall	8.936140e-01	8.936140e-01	8.936140e-01
13.75         	bottomWall	8.926782e-01	8.926782e-01	8.926782e-01
13.76         	bottomWall	8.916976e-01	8.916976e-01	8.916976e-01
13.77         	bottomWall	8.906723e-01	8.906723e-01	8.906723e-01
13.78         	bottomWall	8.896021e-01	8.896021e-01	8.896021e-01
13.79         	bottomWall	8.884869e-01	8.884869e-01	8.884869e-01
13.8          	bottomWall	8.873266e-01	8.873266e-01	8.873266e-01
13.81         	bottomWall	8.861211e-01	8.861211e-01	8.861211e-01
13.82         	bottomWall	8.848703e-01	8.848703e-01	8.848703e-01
13.83         	bottomWall	8.835741e-01	8.835741e-01	8.835741e-01
13.84         	bottomWall	8.822324e-01	8.822324e-01	8.822324e-01
13.85         	bottomWall	8.808451e-01	8.808451e-01	8.808451e-01
13.86         	bottomWall	8.794121e-01	8.794121e-01	8.794121e-01
13.87         	bottomWall	8.779333e-01	8.779333e-01	8.779333e-01
13.88         	bottomWall	8.764086e-01	8.764086e-01	8.764086e-01
13.89         	bottomWall	8.748378e-01	8.748378e-01	8.748378e-01
13.9          	bottomWall	8.732209e-01	8.732209e-01	8.732209e-01
13.91         	bottomWall	8.715577e-01	8.715577e-01	8.715577e-01
13.92         	bottomWall	8.698482e-01	8.698482e-01	8.698482e-01
13.93         	bottomWall	8.680923e-01	8.680923e-01	8.680923e-01
13.94         	bottomWall	8.662897e-01	8.662897e-01	8.662897e-01
13.95         	bottomWall	8.644405e-01	8.644405e-01	8.644405e-01
13.96         	bottomWall	8.625445e-01	8.625445e-01	8.625445e-01
13.97         	bottomWall	8.606016e-01	8.606016e-01	8.606016e-01
13.98         	bottomWall	8.586117e-01	8.586117e-01	8.586117e-01
13.99         	bottomWall	8.565746e-01	8.565746e-01	8.565746e-01
14            	bottomWall	8.544902e-01	8.544902e-01	8.544902e-01
14.01         	bottomWall	8.523585e-01	8.523585e-01	8.523585e-01
14.02         	bottomWall	8.501793e-01	8.501793e-01	8.501793e-01
14.03         	bottomWall	8.479525e-01	8.479525e-01	8.479525e-01
14.04         	bottomWall	8.456779e-01	8.456779e-01	8.456779e-01
14.05         	bottomWall	8.433555e-01	8.433555e-01	8.433555e-01
14.06         	bottomWall	8.409850e-01	8.409850e-01	8.409850e-01
14.07         	bottomWall	8.385665e-01	8.385665e-01	8.385665e-01
14.08         	bottomWall	8.360996e-01	8.360996e-01	8.360996e-01
14.09         	bottomWall	8.335844e-01	8.335844e-01	8.335844e-01
14.1          	bottomWall	8.310206e-01	8.310206e-01	8.310206e-01
14.11         	bottomWall	8.284082e-01	8.284082e-01	8.284082e-01
14.12         	bottomWall	8.257469e-01	8.257469e-01	8.257469e-01
14.13         	bottomWall	8.230366e-01	8.230366e-01	8.230366e-01
14.14         	bottomWall	8.202773e-01	8.202773e-01	8.202773e-01
14.15         	bottomWall	8.174686e-01	8.174686e-01	8.174686e-01
14.16         	bottomWall	8.146105e-01	8.146105e-01	8.146105e-01
14.17         	bottomWall	8.117028e-01	8.117028e-01	8.117028e-01
14.18         	bottomWall	8.087453e-01	8.087453e-01	8.087453e-01
14.19         	bottomWall	8.057379e-01	8.057379e-01	8.057379e-01
14.2          	bottomWall	8.026804e-01	8.026804e-01	8.026804e-01
14.21         	bottomWall	7.995726e-01	7.995726e-01	7.995726e-01
14.22         	bottomWall	7.964143e-01	7.964143e-01	7.964143e-01
14.23         	bottomWall	7.932053e-01	7.932053e-01	7.932053e-01
14.24         	bottomWall	7.899454e-01	7.899454e-01	7.899454e-01
14.25         	bottomWall	7.866345e-01	7.866345e-01	7.866345e-01
14.26         	bottomWall	7.832722e-01	7.832722e-01	7.832722e-01
14.27         	bottomWall	7.798585e-01	7.798585e-01	7.798585e-01
14.28         	bottomWall	7.763930e-01	7.763930e-01	7.763930e-01
14.29         	bottomWall	7.728756e-01	7.728756e-01	7.728756e-01
14.3          	bottomWall	7.693059e-01	7.693059e-01	7.693059e-01
14.31         	bottomWall	7.656838e-01	7.656838e-01	7.656838e-01
14.32         	bottomWall	7.620090e-01	7.620090e-01	7.620090e-01
14.33         	bottomWall	7.582812e-01	7.582812e-01	7.582812e-01
14.34         	bottomWall	7.545001e-01	7.545001e-01	7.545001e-01
14.35         	bottomWall	7.506655e-01	7.506655e-01	7.506655e-01
14.36         	bottomWall	7.467771e-01	7.467771e-01	7.467771e-01
14.37         	bottomWall	7.428344e-01	7.428344e-01	7.428344e-01
14.38         	bottomWall	7.388373e-01	7.388373e-01	7.388373e-01
14.39         	bottomWall	7.347854e-01	7.347854e-01	7.347854e-01
14.4          	bottomWall	7.306782e-01	7.306782e-01	7.306782e-01
