0 	0 	0 	0 	-0.0123837 	-1.12026e-11 	0
1.001e-05 	0 	0 	0 	-0.0123837 	-1.14927e-11 	0
2.002e-05 	0 	0 	0 	-0.0123837 	-1.17829e-11 	0
3.003e-05 	0 	0 	0 	-0.0123837 	-1.20731e-11 	0
4.004e-05 	0 	0 	0 	-0.0123837 	-1.23633e-11 	0
5.00501e-05 	0 	0 	0 	-0.0123837 	-1.26534e-11 	0
6.00601e-05 	0 	0 	0 	-0.0123837 	-1.29436e-11 	0
7.00701e-05 	0 	0 	0 	-0.0123837 	-1.32338e-11 	0
8.00801e-05 	0 	0 	0 	-0.0123837 	-1.35239e-11 	0
9.00901e-05 	0 	0 	0 	-0.0123837 	-1.38141e-11 	0
0.0001001 	0 	0 	0 	-0.0123837 	-1.41043e-11 	0
0.00011011 	0 	0 	0 	-0.0123837 	-1.43944e-11 	0
0.00012012 	0 	0 	0 	-0.0123837 	-1.46846e-11 	0
0.00013013 	0 	0 	0 	-0.0123837 	-1.49748e-11 	0
0.00014014 	0 	0 	0 	-0.0123837 	-1.52649e-11 	0
0.00015015 	0 	0 	0 	-0.0123837 	-1.55551e-11 	0
0.00016016 	0 	0 	0 	-0.0123837 	-1.58453e-11 	0
0.00017017 	0 	0 	0 	-0.0123837 	-1.61354e-11 	0
0.00018018 	0 	0 	0 	-0.0123837 	-1.64256e-11 	0
0.00019019 	0 	0 	0 	-0.0123837 	-1.67158e-11 	0
0.0002002 	0 	0 	0 	-0.0123837 	-1.70059e-11 	0
0.00021021 	0 	0 	0 	-0.0123837 	-1.72961e-11 	0
0.00022022 	0 	0 	0 	-0.0123837 	-1.75863e-11 	0
0.00023023 	0 	0 	0 	-0.0123837 	-1.78764e-11 	0
0.00024024 	0 	0 	0 	-0.0123837 	-1.81666e-11 	0
0.00025025 	0 	0 	0 	-0.0123837 	-1.84568e-11 	0
0.00026026 	0 	0 	0 	-0.0123837 	-1.87469e-11 	0
0.00027027 	0 	0 	0 	-0.0123837 	-1.90371e-11 	0
0.00028028 	0 	0 	0 	-0.0123837 	-1.93273e-11 	0
0.00029029 	0 	0 	0 	-0.0123837 	-1.96174e-11 	0
0.0003003 	0 	0 	0 	-0.0123837 	-1.99076e-11 	0
0.00031031 	0 	0 	0 	-0.0123837 	-2.01978e-11 	0
0.00032032 	0 	0 	0 	-0.0123837 	-2.04879e-11 	0
0.00033033 	0 	0 	0 	-0.0123837 	-2.07781e-11 	0
0.00034034 	0 	0 	0 	-0.0123837 	-2.10683e-11 	0
0.00035035 	0 	0 	0 	-0.0123837 	-2.13584e-11 	0
0.00036036 	0 	0 	0 	-0.0123837 	-2.16486e-11 	0
0.00037037 	0 	0 	0 	-0.0123837 	-2.19388e-11 	0
0.00038038 	0 	0 	0 	-0.0123837 	-2.22289e-11 	0
0.00039039 	0 	0 	0 	-0.0123837 	-2.25191e-11 	0
0.0004004 	0 	0 	0 	-0.0123837 	-2.28093e-11 	0
0.00041041 	0 	0 	0 	-0.0123837 	-2.30995e-11 	0
0.00042042 	0 	0 	0 	-0.0123837 	-2.33896e-11 	0
0.00043043 	0 	0 	0 	-0.0123837 	-2.36798e-11 	0
0.00044044 	0 	0 	0 	-0.0123837 	-2.397e-11 	0
0.00045045 	0 	0 	0 	-0.0123837 	-2.42601e-11 	0
0.00046046 	0 	0 	0 	-0.0123837 	-2.45503e-11 	0
0.00047047 	0 	0 	0 	-0.0123837 	-2.48405e-11 	0
0.00048048 	0 	0 	0 	-0.0123837 	-2.51306e-11 	0
0.00049049 	0 	0 	0 	-0.0123837 	-2.54208e-11 	0
0.000500501 	0 	0 	0 	-0.0123837 	-2.56913e-11 	0
0.000510511 	0 	0 	0 	-0.0123837 	-2.55886e-11 	0
0.000520521 	0 	0 	0 	-0.0123837 	-2.54859e-11 	0
0.000530531 	0 	0 	0 	-0.0123837 	-2.53832e-11 	0
0.000540541 	0 	0 	0 	-0.0123837 	-2.52804e-11 	0
0.000550551 	0 	0 	0 	-0.0123837 	-2.51777e-11 	0
0.000560561 	0 	0 	0 	-0.0123837 	-2.5075e-11 	0
0.000570571 	0 	0 	0 	-0.0123837 	-2.49723e-11 	0
0.000580581 	0 	0 	0 	-0.0123837 	-2.48695e-11 	0
0.000590591 	0 	0 	0 	-0.0123837 	-2.47668e-11 	0
0.000600601 	0 	0 	0 	-0.0123837 	-2.46641e-11 	0
0.000610611 	0 	0 	0 	-0.0123837 	-2.45614e-11 	0
0.000620621 	0 	0 	0 	-0.0123837 	-2.44587e-11 	0
0.000630631 	0 	0 	0 	-0.0123837 	-2.43559e-11 	0
0.000640641 	0 	0 	0 	-0.0123837 	-2.42532e-11 	0
0.000650651 	0 	0 	0 	-0.0123837 	-2.41505e-11 	0
0.000660661 	0 	0 	0 	-0.0123837 	-2.40478e-11 	0
0.000670671 	0 	0 	0 	-0.0123837 	-2.39451e-11 	0
0.000680681 	0 	0 	0 	-0.0123837 	-2.38423e-11 	0
0.000690691 	0 	0 	0 	-0.0123837 	-2.37396e-11 	0
0.000700701 	0 	0 	0 	-0.0123837 	-2.36369e-11 	0
0.000710711 	0 	0 	0 	-0.0123837 	-2.35342e-11 	0
0.000720721 	0 	0 	0 	-0.0123837 	-2.34315e-11 	0
0.000730731 	0 	0 	0 	-0.0123837 	-2.33287e-11 	0
0.000740741 	0 	0 	0 	-0.0123837 	-2.3226e-11 	0
0.000750751 	0 	0 	0 	-0.0123837 	-2.31233e-11 	0
0.000760761 	0 	0 	0 	-0.0123837 	-2.30206e-11 	0
0.000770771 	0 	0 	0 	-0.0123837 	-2.29179e-11 	0
0.000780781 	0 	0 	0 	-0.0123837 	-2.28151e-11 	0
0.000790791 	0 	0 	0 	-0.0123837 	-2.27124e-11 	0
0.000800801 	0 	0 	0 	-0.0123837 	-2.26097e-11 	0
0.000810811 	0 	0 	0 	-0.0123837 	-2.2507e-11 	0
0.000820821 	0 	0 	0 	-0.0123837 	-2.24043e-11 	0
0.000830831 	0 	0 	0 	-0.0123837 	-2.23015e-11 	0
0.000840841 	0 	0 	0 	-0.0123837 	-2.21988e-11 	0
0.000850851 	0 	0 	0 	-0.0123837 	-2.20961e-11 	0
0.000860861 	0 	0 	0 	-0.0123837 	-2.19934e-11 	0
0.000870871 	0 	0 	0 	-0.0123837 	-2.18906e-11 	0
0.000880881 	0 	0 	0 	-0.0123837 	-2.17879e-11 	0
0.000890891 	0 	0 	0 	-0.0123837 	-2.16852e-11 	0
0.000900901 	0 	0 	0 	-0.0123837 	-2.15825e-11 	0
0.000910911 	0 	0 	0 	-0.0123837 	-2.14798e-11 	0
0.000920921 	0 	0 	0 	-0.0123837 	-2.1377e-11 	0
0.000930931 	0 	0 	0 	-0.0123837 	-2.12743e-11 	0
0.000940941 	0 	0 	0 	-0.0123837 	-2.11716e-11 	0
0.000950951 	0 	0 	0 	-0.0123837 	-2.10689e-11 	0
0.000960961 	0 	0 	0 	-0.0123837 	-2.09662e-11 	0
0.000970971 	0 	0 	0 	-0.0123837 	-2.08634e-11 	0
0.000980981 	0 	0 	0 	-0.0123837 	-2.07607e-11 	0
0.000990991 	0 	0 	0 	-0.0123837 	-2.0658e-11 	0
0.001001 	0 	0 	0 	-0.0123837 	-2.05553e-11 	0
0.00101101 	0 	0 	0 	-0.0123837 	-2.04531e-11 	0
0.00102102 	0 	0 	0 	-0.0123837 	-2.03509e-11 	0
0.00103103 	0 	0 	0 	-0.0123837 	-2.02487e-11 	0
0.00104104 	0 	0 	0 	-0.0123837 	-2.01465e-11 	0
0.00105105 	0 	0 	0 	-0.0123837 	-2.00442e-11 	0
0.00106106 	0 	0 	0 	-0.0123837 	-1.9942e-11 	0
0.00107107 	0 	0 	0 	-0.0123837 	-1.98398e-11 	0
0.00108108 	0 	0 	0 	-0.0123837 	-1.97376e-11 	0
0.00109109 	0 	0 	0 	-0.0123837 	-1.96354e-11 	0
0.0011011 	0 	0 	0 	-0.0123837 	-1.95332e-11 	0
0.00111111 	0 	0 	0 	-0.0123837 	-1.94309e-11 	0
0.00112112 	0 	0 	0 	-0.0123837 	-1.93287e-11 	0
0.00113113 	0 	0 	0 	-0.0123837 	-1.92265e-11 	0
0.00114114 	0 	0 	0 	-0.0123837 	-1.91243e-11 	0
0.00115115 	0 	0 	0 	-0.0123837 	-1.90221e-11 	0
0.00116116 	0 	0 	0 	-0.0123837 	-1.89199e-11 	0
0.00117117 	0 	0 	0 	-0.0123837 	-1.88176e-11 	0
0.00118118 	0 	0 	0 	-0.0123837 	-1.87154e-11 	0
0.00119119 	0 	0 	0 	-0.0123837 	-1.86132e-11 	0
0.0012012 	0 	0 	0 	-0.0123837 	-1.8511e-11 	0
0.00121121 	0 	0 	0 	-0.0123837 	-1.84088e-11 	0
0.00122122 	0 	0 	0 	-0.0123837 	-1.83065e-11 	0
0.00123123 	0 	0 	0 	-0.0123837 	-1.82043e-11 	0
0.00124124 	0 	0 	0 	-0.0123837 	-1.81021e-11 	0
0.00125125 	0 	0 	0 	-0.0123837 	-1.79999e-11 	0
0.00126126 	0 	0 	0 	-0.0123837 	-1.78977e-11 	0
0.00127127 	0 	0 	0 	-0.0123837 	-1.77955e-11 	0
0.00128128 	0 	0 	0 	-0.0123837 	-1.76932e-11 	0
0.00129129 	0 	0 	0 	-0.0123837 	-1.7591e-11 	0
0.0013013 	0 	0 	0 	-0.0123837 	-1.74888e-11 	0
0.00131131 	0 	0 	0 	-0.0123837 	-1.73866e-11 	0
0.00132132 	0 	0 	0 	-0.0123837 	-1.72844e-11 	0
0.00133133 	0 	0 	0 	-0.0123837 	-1.71822e-11 	0
0.00134134 	0 	0 	0 	-0.0123837 	-1.70799e-11 	0
0.00135135 	0 	0 	0 	-0.0123837 	-1.69777e-11 	0
0.00136136 	0 	0 	0 	-0.0123837 	-1.68755e-11 	0
0.00137137 	0 	0 	0 	-0.0123837 	-1.67733e-11 	0
0.00138138 	0 	0 	0 	-0.0123837 	-1.66711e-11 	0
0.00139139 	0 	0 	0 	-0.0123837 	-1.65689e-11 	0
0.0014014 	0 	0 	0 	-0.0123837 	-1.64666e-11 	0
0.00141141 	0 	0 	0 	-0.0123837 	-1.63644e-11 	0
0.00142142 	0 	0 	0 	-0.0123837 	-1.62622e-11 	0
0.00143143 	0 	0 	0 	-0.0123837 	-1.616e-11 	0
0.00144144 	0 	0 	0 	-0.0123837 	-1.60578e-11 	0
0.00145145 	0 	0 	0 	-0.0123837 	-1.59556e-11 	0
0.00146146 	0 	0 	0 	-0.0123837 	-1.58533e-11 	0
0.00147147 	0 	0 	0 	-0.0123837 	-1.57511e-11 	0
0.00148148 	0 	0 	0 	-0.0123837 	-1.56489e-11 	0
0.00149149 	0 	0 	0 	-0.0123837 	-1.55467e-11 	0
0.0015015 	0 	0 	0 	-0.0123837 	-1.54461e-11 	0
0.00151151 	0 	0 	0 	-0.0123837 	-1.53546e-11 	0
0.00152152 	0 	0 	0 	-0.0123837 	-1.52631e-11 	0
0.00153153 	0 	0 	0 	-0.0123837 	-1.51716e-11 	0
0.00154154 	0 	0 	0 	-0.0123837 	-1.50801e-11 	0
0.00155155 	0 	0 	0 	-0.0123837 	-1.49887e-11 	0
0.00156156 	0 	0 	0 	-0.0123837 	-1.48972e-11 	0
0.00157157 	0 	0 	0 	-0.0123837 	-1.48057e-11 	0
0.00158158 	0 	0 	0 	-0.0123837 	-1.47142e-11 	0
0.00159159 	0 	0 	0 	-0.0123837 	-1.46227e-11 	0
0.0016016 	0 	0 	0 	-0.0123837 	-1.45312e-11 	0
0.00161161 	0 	0 	0 	-0.0123837 	-1.44398e-11 	0
0.00162162 	0 	0 	0 	-0.0123837 	-1.43483e-11 	0
0.00163163 	0 	0 	0 	-0.0123837 	-1.42568e-11 	0
0.00164164 	0 	0 	0 	-0.0123837 	-1.41653e-11 	0
0.00165165 	0 	0 	0 	-0.0123837 	-1.40738e-11 	0
0.00166166 	0 	0 	0 	-0.0123837 	-1.39823e-11 	0
0.00167167 	0 	0 	0 	-0.0123837 	-1.38908e-11 	0
0.00168168 	0 	0 	0 	-0.0123837 	-1.37994e-11 	0
0.00169169 	0 	0 	0 	-0.0123837 	-1.37079e-11 	0
0.0017017 	0 	0 	0 	-0.0123837 	-1.36164e-11 	0
0.00171171 	0 	0 	0 	-0.0123837 	-1.35249e-11 	0
0.00172172 	0 	0 	0 	-0.0123837 	-1.34334e-11 	0
0.00173173 	0 	0 	0 	-0.0123837 	-1.33419e-11 	0
0.00174174 	0 	0 	0 	-0.0123837 	-1.32505e-11 	0
0.00175175 	0 	0 	0 	-0.0123837 	-1.3159e-11 	0
0.00176176 	0 	0 	0 	-0.0123837 	-1.30675e-11 	0
0.00177177 	0 	0 	0 	-0.0123837 	-1.2976e-11 	0
0.00178178 	0 	0 	0 	-0.0123837 	-1.28845e-11 	0
0.00179179 	0 	0 	0 	-0.0123837 	-1.2793e-11 	0
0.0018018 	0 	0 	0 	-0.0123837 	-1.27016e-11 	0
0.00181181 	0 	0 	0 	-0.0123837 	-1.26101e-11 	0
0.00182182 	0 	0 	0 	-0.0123837 	-1.25186e-11 	0
0.00183183 	0 	0 	0 	-0.0123837 	-1.24271e-11 	0
0.00184184 	0 	0 	0 	-0.0123837 	-1.23356e-11 	0
0.00185185 	0 	0 	0 	-0.0123837 	-1.22441e-11 	0
0.00186186 	0 	0 	0 	-0.0123837 	-1.21527e-11 	0
0.00187187 	0 	0 	0 	-0.0123837 	-1.20612e-11 	0
0.00188188 	0 	0 	0 	-0.0123837 	-1.19697e-11 	0
0.00189189 	0 	0 	0 	-0.0123837 	-1.18782e-11 	0
0.0019019 	0 	0 	0 	-0.0123837 	-1.17867e-11 	0
0.00191191 	0 	0 	0 	-0.0123837 	-1.16952e-11 	0
0.00192192 	0 	0 	0 	-0.0123837 	-1.16037e-11 	0
0.00193193 	0 	0 	0 	-0.0123837 	-1.15123e-11 	0
0.00194194 	0 	0 	0 	-0.0123837 	-1.14208e-11 	0
0.00195195 	0 	0 	0 	-0.0123837 	-1.13293e-11 	0
0.00196196 	0 	0 	0 	-0.0123837 	-1.12378e-11 	0
0.00197197 	0 	0 	0 	-0.0123837 	-1.11463e-11 	0
0.00198198 	0 	0 	0 	-0.0123837 	-1.10548e-11 	0
0.00199199 	0 	0 	0 	-0.0123837 	-1.09634e-11 	0
0.002002 	0 	0 	0 	-0.0123837 	-1.08756e-11 	0
0.00201201 	0 	0 	0 	-0.0123837 	-1.08025e-11 	0
0.00202202 	0 	0 	0 	-0.0123837 	-1.07295e-11 	0
0.00203203 	0 	0 	0 	-0.0123837 	-1.06565e-11 	0
0.00204204 	0 	0 	0 	-0.0123837 	-1.05835e-11 	0
0.00205205 	0 	0 	0 	-0.0123837 	-1.05104e-11 	0
0.00206206 	0 	0 	0 	-0.0123837 	-1.04374e-11 	0
0.00207207 	0 	0 	0 	-0.0123837 	-1.03644e-11 	0
0.00208208 	0 	0 	0 	-0.0123837 	-1.02914e-11 	0
0.00209209 	0 	0 	0 	-0.0123837 	-1.02183e-11 	0
0.0021021 	0 	0 	0 	-0.0123837 	-1.01453e-11 	0
0.00211211 	0 	0 	0 	-0.0123837 	-1.00723e-11 	0
0.00212212 	0 	0 	0 	-0.0123837 	-9.99926e-12 	0
0.00213213 	0 	0 	0 	-0.0123837 	-9.92624e-12 	0
0.00214214 	0 	0 	0 	-0.0123837 	-9.85321e-12 	0
0.00215215 	0 	0 	0 	-0.0123837 	-9.78019e-12 	0
0.00216216 	0 	0 	0 	-0.0123837 	-9.70716e-12 	0
0.00217217 	0 	0 	0 	-0.0123837 	-9.63414e-12 	0
0.00218218 	0 	0 	0 	-0.0123837 	-9.56111e-12 	0
0.00219219 	0 	0 	0 	-0.0123837 	-9.48809e-12 	0
0.0022022 	0 	0 	0 	-0.0123837 	-9.41506e-12 	0
0.00221221 	0 	0 	0 	-0.0123837 	-9.34204e-12 	0
0.00222222 	0 	0 	0 	-0.0123837 	-9.26901e-12 	0
0.00223223 	0 	0 	0 	-0.0123837 	-9.19599e-12 	0
0.00224224 	0 	0 	0 	-0.0123837 	-9.12296e-12 	0
0.00225225 	0 	0 	0 	-0.0123837 	-9.04994e-12 	0
0.00226226 	0 	0 	0 	-0.0123837 	-8.97691e-12 	0
0.00227227 	0 	0 	0 	-0.0123837 	-8.90389e-12 	0
0.00228228 	0 	0 	0 	-0.0123837 	-8.83086e-12 	0
0.00229229 	0 	0 	0 	-0.0123837 	-8.75784e-12 	0
0.0023023 	0 	0 	0 	-0.0123837 	-8.68481e-12 	0
0.00231231 	0 	0 	0 	-0.0123837 	-8.61179e-12 	0
0.00232232 	0 	0 	0 	-0.0123837 	-8.53876e-12 	0
0.00233233 	0 	0 	0 	-0.0123837 	-8.46574e-12 	0
0.00234234 	0 	0 	0 	-0.0123837 	-8.39271e-12 	0
0.00235235 	0 	0 	0 	-0.0123837 	-8.31969e-12 	0
0.00236236 	0 	0 	0 	-0.0123837 	-8.24666e-12 	0
0.00237237 	0 	0 	0 	-0.0123837 	-8.17364e-12 	0
0.00238238 	0 	0 	0 	-0.0123837 	-8.10061e-12 	0
0.00239239 	0 	0 	0 	-0.0123837 	-8.02759e-12 	0
0.0024024 	0 	0 	0 	-0.0123837 	-7.95456e-12 	0
0.00241241 	0 	0 	0 	-0.0123837 	-7.88153e-12 	0
0.00242242 	0 	0 	0 	-0.0123837 	-7.80851e-12 	0
0.00243243 	0 	0 	0 	-0.0123837 	-7.73548e-12 	0
0.00244244 	0 	0 	0 	-0.0123837 	-7.66246e-12 	0
0.00245245 	0 	0 	0 	-0.0123837 	-7.58943e-12 	0
0.00246246 	0 	0 	0 	-0.0123837 	-7.51641e-12 	0
0.00247247 	0 	0 	0 	-0.0123837 	-7.44338e-12 	0
0.00248248 	0 	0 	0 	-0.0123837 	-7.37036e-12 	0
0.00249249 	0 	0 	0 	-0.0123837 	-7.29733e-12 	0
0.0025025 	0 	0 	0 	-0.0123837 	-7.22838e-12 	0
0.00251251 	0 	0 	0 	-0.0123837 	-7.17166e-12 	0
0.00252252 	0 	0 	0 	-0.0123837 	-7.11494e-12 	0
0.00253253 	0 	0 	0 	-0.0123837 	-7.05822e-12 	0
0.00254254 	0 	0 	0 	-0.0123837 	-7.0015e-12 	0
0.00255255 	0 	0 	0 	-0.0123837 	-6.94478e-12 	0
0.00256256 	0 	0 	0 	-0.0123837 	-6.88806e-12 	0
0.00257257 	0 	0 	0 	-0.0123837 	-6.83134e-12 	0
0.00258258 	0 	0 	0 	-0.0123837 	-6.77462e-12 	0
0.00259259 	0 	0 	0 	-0.0123837 	-6.7179e-12 	0
0.0026026 	0 	0 	0 	-0.0123837 	-6.66118e-12 	0
0.00261261 	0 	0 	0 	-0.0123837 	-6.60446e-12 	0
0.00262262 	0 	0 	0 	-0.0123837 	-6.54773e-12 	0
0.00263263 	0 	0 	0 	-0.0123837 	-6.49101e-12 	0
0.00264264 	0 	0 	0 	-0.0123837 	-6.43429e-12 	0
0.00265265 	0 	0 	0 	-0.0123837 	-6.37757e-12 	0
0.00266266 	0 	0 	0 	-0.0123837 	-6.32085e-12 	0
0.00267267 	0 	0 	0 	-0.0123837 	-6.26413e-12 	0
0.00268268 	0 	0 	0 	-0.0123837 	-6.20741e-12 	0
0.00269269 	0 	0 	0 	-0.0123837 	-6.15069e-12 	0
0.0027027 	0 	0 	0 	-0.0123837 	-6.09397e-12 	0
0.00271271 	0 	0 	0 	-0.0123837 	-6.03725e-12 	0
0.00272272 	0 	0 	0 	-0.0123837 	-5.98053e-12 	0
0.00273273 	0 	0 	0 	-0.0123837 	-5.92381e-12 	0
0.00274274 	0 	0 	0 	-0.0123837 	-5.86709e-12 	0
0.00275275 	0 	0 	0 	-0.0123837 	-5.81036e-12 	0
0.00276276 	0 	0 	0 	-0.0123837 	-5.75364e-12 	0
0.00277277 	0 	0 	0 	-0.0123837 	-5.69692e-12 	0
0.00278278 	0 	0 	0 	-0.0123837 	-5.6402e-12 	0
0.00279279 	0 	0 	0 	-0.0123837 	-5.58348e-12 	0
0.0028028 	0 	0 	0 	-0.0123837 	-5.52676e-12 	0
0.00281281 	0 	0 	0 	-0.0123837 	-5.47004e-12 	0
0.00282282 	0 	0 	0 	-0.0123837 	-5.41332e-12 	0
0.00283283 	0 	0 	0 	-0.0123837 	-5.3566e-12 	0
0.00284284 	0 	0 	0 	-0.0123837 	-5.29988e-12 	0
0.00285285 	0 	0 	0 	-0.0123837 	-5.24316e-12 	0
0.00286286 	0 	0 	0 	-0.0123837 	-5.18644e-12 	0
0.00287287 	0 	0 	0 	-0.0123837 	-5.12971e-12 	0
0.00288288 	0 	0 	0 	-0.0123837 	-5.07299e-12 	0
0.00289289 	0 	0 	0 	-0.0123837 	-5.01627e-12 	0
0.0029029 	0 	0 	0 	-0.0123837 	-4.95955e-12 	0
0.00291291 	0 	0 	0 	-0.0123837 	-4.90283e-12 	0
0.00292292 	0 	0 	0 	-0.0123837 	-4.84611e-12 	0
0.00293293 	0 	0 	0 	-0.0123837 	-4.78939e-12 	0
0.00294294 	0 	0 	0 	-0.0123837 	-4.73267e-12 	0
0.00295295 	0 	0 	0 	-0.0123837 	-4.67595e-12 	0
0.00296296 	0 	0 	0 	-0.0123837 	-4.61923e-12 	0
0.00297297 	0 	0 	0 	-0.0123837 	-4.56251e-12 	0
0.00298298 	0 	0 	0 	-0.0123837 	-4.50579e-12 	0
0.00299299 	0 	0 	0 	-0.0123837 	-4.44906e-12 	0
0.003003 	0 	0 	0 	-0.0123837 	-4.39552e-12 	0
0.00301301 	0 	0 	0 	-0.0123837 	-4.34937e-12 	0
0.00302302 	0 	0 	0 	-0.0123837 	-4.30322e-12 	0
0.00303303 	0 	0 	0 	-0.0123837 	-4.25707e-12 	0
0.00304304 	0 	0 	0 	-0.0123837 	-4.21093e-12 	0
0.00305305 	0 	0 	0 	-0.0123837 	-4.16478e-12 	0
0.00306306 	0 	0 	0 	-0.0123837 	-4.11863e-12 	0
0.00307307 	0 	0 	0 	-0.0123837 	-4.07249e-12 	0
0.00308308 	0 	0 	0 	-0.0123837 	-4.02634e-12 	0
0.00309309 	0 	0 	0 	-0.0123837 	-3.98019e-12 	0
0.0031031 	0 	0 	0 	-0.0123837 	-3.93404e-12 	0
0.00311311 	0 	0 	0 	-0.0123837 	-3.8879e-12 	0
0.00312312 	0 	0 	0 	-0.0123837 	-3.84175e-12 	0
0.00313313 	0 	0 	0 	-0.0123837 	-3.7956e-12 	0
0.00314314 	0 	0 	0 	-0.0123837 	-3.74946e-12 	0
0.00315315 	0 	0 	0 	-0.0123837 	-3.70331e-12 	0
0.00316316 	0 	0 	0 	-0.0123837 	-3.65716e-12 	0
0.00317317 	0 	0 	0 	-0.0123837 	-3.61101e-12 	0
0.00318318 	0 	0 	0 	-0.0123837 	-3.56487e-12 	0
0.00319319 	0 	0 	0 	-0.0123837 	-3.51872e-12 	0
0.0032032 	0 	0 	0 	-0.0123837 	-3.47257e-12 	0
0.00321321 	0 	0 	0 	-0.0123837 	-3.42643e-12 	0
0.00322322 	0 	0 	0 	-0.0123837 	-3.38028e-12 	0
0.00323323 	0 	0 	0 	-0.0123837 	-3.33413e-12 	0
0.00324324 	0 	0 	0 	-0.0123837 	-3.28798e-12 	0
0.00325325 	0 	0 	0 	-0.0123837 	-3.24184e-12 	0
0.00326326 	0 	0 	0 	-0.0123837 	-3.19569e-12 	0
0.00327327 	0 	0 	0 	-0.0123837 	-3.14954e-12 	0
0.00328328 	0 	0 	0 	-0.0123837 	-3.1034e-12 	0
0.00329329 	0 	0 	0 	-0.0123837 	-3.05725e-12 	0
0.0033033 	0 	0 	0 	-0.0123837 	-3.0111e-12 	0
0.00331331 	0 	0 	0 	-0.0123837 	-2.96495e-12 	0
0.00332332 	0 	0 	0 	-0.0123837 	-2.91881e-12 	0
0.00333333 	0 	0 	0 	-0.0123837 	-2.87266e-12 	0
0.00334334 	0 	0 	0 	-0.0123837 	-2.82651e-12 	0
0.00335335 	0 	0 	0 	-0.0123837 	-2.78037e-12 	0
0.00336336 	0 	0 	0 	-0.0123837 	-2.73422e-12 	0
0.00337337 	0 	0 	0 	-0.0123837 	-2.68807e-12 	0
0.00338338 	0 	0 	0 	-0.0123837 	-2.64192e-12 	0
0.00339339 	0 	0 	0 	-0.0123837 	-2.59578e-12 	0
0.0034034 	0 	0 	0 	-0.0123837 	-2.54963e-12 	0
0.00341341 	0 	0 	0 	-0.0123837 	-2.50348e-12 	0
0.00342342 	0 	0 	0 	-0.0123837 	-2.45734e-12 	0
0.00343343 	0 	0 	0 	-0.0123837 	-2.41119e-12 	0
0.00344344 	0 	0 	0 	-0.0123837 	-2.36504e-12 	0
0.00345345 	0 	0 	0 	-0.0123837 	-2.31889e-12 	0
0.00346346 	0 	0 	0 	-0.0123837 	-2.27275e-12 	0
0.00347347 	0 	0 	0 	-0.0123837 	-2.2266e-12 	0
0.00348348 	0 	0 	0 	-0.0123837 	-2.18045e-12 	0
0.00349349 	0 	0 	0 	-0.0123837 	-2.13431e-12 	0
0.0035035 	0 	0 	0 	-0.0123837 	-2.09083e-12 	0
0.00351351 	0 	0 	0 	-0.0123837 	-2.05231e-12 	0
0.00352352 	0 	0 	0 	-0.0123837 	-2.0138e-12 	0
0.00353353 	0 	0 	0 	-0.0123837 	-1.97528e-12 	0
0.00354354 	0 	0 	0 	-0.0123837 	-1.93677e-12 	0
0.00355355 	0 	0 	0 	-0.0123837 	-1.89825e-12 	0
0.00356356 	0 	0 	0 	-0.0123837 	-1.85974e-12 	0
0.00357357 	0 	0 	0 	-0.0123837 	-1.82122e-12 	0
0.00358358 	0 	0 	0 	-0.0123837 	-1.78271e-12 	0
0.00359359 	0 	0 	0 	-0.0123837 	-1.74419e-12 	0
0.0036036 	0 	0 	0 	-0.0123837 	-1.70568e-12 	0
0.00361361 	0 	0 	0 	-0.0123837 	-1.66717e-12 	0
0.00362362 	0 	0 	0 	-0.0123837 	-1.62865e-12 	0
0.00363363 	0 	0 	0 	-0.0123837 	-1.59014e-12 	0
0.00364364 	0 	0 	0 	-0.0123837 	-1.55162e-12 	0
0.00365365 	0 	0 	0 	-0.0123837 	-1.51311e-12 	0
0.00366366 	0 	0 	0 	-0.0123837 	-1.47459e-12 	0
0.00367367 	0 	0 	0 	-0.0123837 	-1.43608e-12 	0
0.00368368 	0 	0 	0 	-0.0123837 	-1.39756e-12 	0
0.00369369 	0 	0 	0 	-0.0123837 	-1.35905e-12 	0
0.0037037 	0 	0 	0 	-0.0123837 	-1.32053e-12 	0
0.00371371 	0 	0 	0 	-0.0123837 	-1.28202e-12 	0
0.00372372 	0 	0 	0 	-0.0123837 	-1.2435e-12 	0
0.00373373 	0 	0 	0 	-0.0123837 	-1.20499e-12 	0
0.00374374 	0 	0 	0 	-0.0123837 	-1.16647e-12 	0
0.00375375 	0 	0 	0 	-0.0123837 	-1.12796e-12 	0
0.00376376 	0 	0 	0 	-0.0123837 	-1.08944e-12 	0
0.00377377 	0 	0 	0 	-0.0123837 	-1.05093e-12 	0
0.00378378 	0 	0 	0 	-0.0123837 	-1.01241e-12 	0
0.00379379 	0 	0 	0 	-0.0123837 	-9.73895e-13 	0
0.0038038 	0 	0 	0 	-0.0123837 	-9.35381e-13 	0
0.00381381 	0 	0 	0 	-0.0123837 	-8.96866e-13 	0
0.00382382 	0 	0 	0 	-0.0123837 	-8.58351e-13 	0
0.00383383 	0 	0 	0 	-0.0123837 	-8.19836e-13 	0
0.00384384 	0 	0 	0 	-0.0123837 	-7.81321e-13 	0
0.00385385 	0 	0 	0 	-0.0123837 	-7.42806e-13 	0
0.00386386 	0 	0 	0 	-0.0123837 	-7.04291e-13 	0
0.00387387 	0 	0 	0 	-0.0123837 	-6.65776e-13 	0
0.00388388 	0 	0 	0 	-0.0123837 	-6.27261e-13 	0
0.00389389 	0 	0 	0 	-0.0123837 	-5.88746e-13 	0
0.0039039 	0 	0 	0 	-0.0123837 	-5.50231e-13 	0
0.00391391 	0 	0 	0 	-0.0123837 	-5.11716e-13 	0
0.00392392 	0 	0 	0 	-0.0123837 	-4.73201e-13 	0
0.00393393 	0 	0 	0 	-0.0123837 	-4.34686e-13 	0
0.00394394 	0 	0 	0 	-0.0123837 	-3.96171e-13 	0
0.00395395 	0 	0 	0 	-0.0123837 	-3.57656e-13 	0
0.00396396 	0 	0 	0 	-0.0123837 	-3.19141e-13 	0
0.00397397 	0 	0 	0 	-0.0123837 	-2.80626e-13 	0
0.00398398 	0 	0 	0 	-0.0123837 	-2.42111e-13 	0
0.00399399 	0 	0 	0 	-0.0123837 	-2.03596e-13 	0
0.004004 	0 	0 	0 	-0.0123837 	-1.67451e-13 	0
0.00401401 	0 	0 	0 	-0.0123837 	-1.3486e-13 	0
0.00402402 	0 	0 	0 	-0.0123837 	-1.0227e-13 	0
0.00403403 	0 	0 	0 	-0.0123837 	-6.96793e-14 	0
0.00404404 	0 	0 	0 	-0.0123837 	-3.70888e-14 	0
0.00405405 	0 	0 	0 	-0.0123837 	-4.49835e-15 	0
0.00406406 	0 	0 	0 	-0.0123837 	2.80921e-14 	0
0.00407407 	0 	0 	0 	-0.0123837 	6.06826e-14 	0
0.00408408 	0 	0 	0 	-0.0123837 	9.32731e-14 	0
0.00409409 	0 	0 	0 	-0.0123837 	1.25864e-13 	0
0.0041041 	0 	0 	0 	-0.0123837 	1.58454e-13 	0
0.00411411 	0 	0 	0 	-0.0123837 	1.91045e-13 	0
0.00412412 	0 	0 	0 	-0.0123837 	2.23635e-13 	0
0.00413413 	0 	0 	0 	-0.0123837 	2.56226e-13 	0
0.00414414 	0 	0 	0 	-0.0123837 	2.88816e-13 	0
0.00415415 	0 	0 	0 	-0.0123837 	3.21407e-13 	0
0.00416416 	0 	0 	0 	-0.0123837 	3.53997e-13 	0
0.00417417 	0 	0 	0 	-0.0123837 	3.86588e-13 	0
0.00418418 	0 	0 	0 	-0.0123837 	4.19178e-13 	0
0.00419419 	0 	0 	0 	-0.0123837 	4.51769e-13 	0
0.0042042 	0 	0 	0 	-0.0123837 	4.84359e-13 	0
0.00421421 	0 	0 	0 	-0.0123837 	5.16949e-13 	0
0.00422422 	0 	0 	0 	-0.0123837 	5.4954e-13 	0
0.00423423 	0 	0 	0 	-0.0123837 	5.8213e-13 	0
0.00424424 	0 	0 	0 	-0.0123837 	6.14721e-13 	0
0.00425425 	0 	0 	0 	-0.0123837 	6.47311e-13 	0
0.00426426 	0 	0 	0 	-0.0123837 	6.79902e-13 	0
0.00427427 	0 	0 	0 	-0.0123837 	7.12492e-13 	0
0.00428428 	0 	0 	0 	-0.0123837 	7.45083e-13 	0
0.00429429 	0 	0 	0 	-0.0123837 	7.77673e-13 	0
0.0043043 	0 	0 	0 	-0.0123837 	8.10264e-13 	0
0.00431431 	0 	0 	0 	-0.0123837 	8.42854e-13 	0
0.00432432 	0 	0 	0 	-0.0123837 	8.75445e-13 	0
0.00433433 	0 	0 	0 	-0.0123837 	9.08035e-13 	0
0.00434434 	0 	0 	0 	-0.0123837 	9.40626e-13 	0
0.00435435 	0 	0 	0 	-0.0123837 	9.73216e-13 	0
0.00436436 	0 	0 	0 	-0.0123837 	1.00581e-12 	0
0.00437437 	0 	0 	0 	-0.0123837 	1.0384e-12 	0
0.00438438 	0 	0 	0 	-0.0123837 	1.07099e-12 	0
0.00439439 	0 	0 	0 	-0.0123837 	1.10358e-12 	0
0.0044044 	0 	0 	0 	-0.0123837 	1.13617e-12 	0
0.00441441 	0 	0 	0 	-0.0123837 	1.16876e-12 	0
0.00442442 	0 	0 	0 	-0.0123837 	1.20135e-12 	0
0.00443443 	0 	0 	0 	-0.0123837 	1.23394e-12 	0
0.00444444 	0 	0 	0 	-0.0123837 	1.26653e-12 	0
0.00445445 	0 	0 	0 	-0.0123837 	1.29912e-12 	0
0.00446446 	0 	0 	0 	-0.0123837 	1.33171e-12 	0
0.00447447 	0 	0 	0 	-0.0123837 	1.3643e-12 	0
0.00448448 	0 	0 	0 	-0.0123837 	1.39689e-12 	0
0.00449449 	0 	0 	0 	-0.0123837 	1.42948e-12 	0
0.0045045 	0 	0 	0 	-0.0123837 	1.46017e-12 	0
0.00451451 	0 	0 	0 	-0.0123837 	1.48854e-12 	0
0.00452452 	0 	0 	0 	-0.0123837 	1.5169e-12 	0
0.00453453 	0 	0 	0 	-0.0123837 	1.54527e-12 	0
0.00454454 	0 	0 	0 	-0.0123837 	1.57363e-12 	0
0.00455455 	0 	0 	0 	-0.0123837 	1.602e-12 	0
0.00456456 	0 	0 	0 	-0.0123837 	1.63036e-12 	0
0.00457457 	0 	0 	0 	-0.0123837 	1.65873e-12 	0
0.00458458 	0 	0 	0 	-0.0123837 	1.68709e-12 	0
0.00459459 	0 	0 	0 	-0.0123837 	1.71546e-12 	0
0.0046046 	0 	0 	0 	-0.0123837 	1.74382e-12 	0
0.00461461 	0 	0 	0 	-0.0123837 	1.77219e-12 	0
0.00462462 	0 	0 	0 	-0.0123837 	1.80055e-12 	0
0.00463463 	0 	0 	0 	-0.0123837 	1.82892e-12 	0
0.00464464 	0 	0 	0 	-0.0123837 	1.85729e-12 	0
0.00465465 	0 	0 	0 	-0.0123837 	1.88565e-12 	0
0.00466466 	0 	0 	0 	-0.0123837 	1.91402e-12 	0
0.00467467 	0 	0 	0 	-0.0123837 	1.94238e-12 	0
0.00468468 	0 	0 	0 	-0.0123837 	1.97075e-12 	0
0.00469469 	0 	0 	0 	-0.0123837 	1.99911e-12 	0
0.0047047 	0 	0 	0 	-0.0123837 	2.02748e-12 	0
0.00471471 	0 	0 	0 	-0.0123837 	2.05584e-12 	0
0.00472472 	0 	0 	0 	-0.0123837 	2.08421e-12 	0
0.00473473 	0 	0 	0 	-0.0123837 	2.11257e-12 	0
0.00474474 	0 	0 	0 	-0.0123837 	2.14094e-12 	0
0.00475475 	0 	0 	0 	-0.0123837 	2.1693e-12 	0
0.00476476 	0 	0 	0 	-0.0123837 	2.19767e-12 	0
0.00477477 	0 	0 	0 	-0.0123837 	2.22603e-12 	0
0.00478478 	0 	0 	0 	-0.0123837 	2.2544e-12 	0
0.00479479 	0 	0 	0 	-0.0123837 	2.28276e-12 	0
0.0048048 	0 	0 	0 	-0.0123837 	2.31113e-12 	0
0.00481481 	0 	0 	0 	-0.0123837 	2.33949e-12 	0
0.00482482 	0 	0 	0 	-0.0123837 	2.36786e-12 	0
0.00483483 	0 	0 	0 	-0.0123837 	2.39622e-12 	0
0.00484484 	0 	0 	0 	-0.0123837 	2.42459e-12 	0
0.00485485 	0 	0 	0 	-0.0123837 	2.45295e-12 	0
0.00486486 	0 	0 	0 	-0.0123837 	2.48132e-12 	0
0.00487487 	0 	0 	0 	-0.0123837 	2.50968e-12 	0
0.00488488 	0 	0 	0 	-0.0123837 	2.53805e-12 	0
0.00489489 	0 	0 	0 	-0.0123837 	2.56642e-12 	0
0.0049049 	0 	0 	0 	-0.0123837 	2.59478e-12 	0
0.00491491 	0 	0 	0 	-0.0123837 	2.62315e-12 	0
0.00492492 	0 	0 	0 	-0.0123837 	2.65151e-12 	0
0.00493493 	0 	0 	0 	-0.0123837 	2.67988e-12 	0
0.00494494 	0 	0 	0 	-0.0123837 	2.70824e-12 	0
0.00495495 	0 	0 	0 	-0.0123837 	2.73661e-12 	0
0.00496496 	0 	0 	0 	-0.0123837 	2.76497e-12 	0
0.00497497 	0 	0 	0 	-0.0123837 	2.79334e-12 	0
0.00498498 	0 	0 	0 	-0.0123837 	2.8217e-12 	0
0.00499499 	0 	0 	0 	-0.0123837 	2.85007e-12 	0
0.00500501 	0 	0 	0 	-0.0123837 	2.87714e-12 	0
0.00501502 	0 	0 	0 	-0.0123837 	2.90293e-12 	0
0.00502503 	0 	0 	0 	-0.0123837 	2.92871e-12 	0
0.00503504 	0 	0 	0 	-0.0123837 	2.9545e-12 	0
0.00504505 	0 	0 	0 	-0.0123837 	2.98028e-12 	0
0.00505506 	0 	0 	0 	-0.0123837 	3.00607e-12 	0
0.00506507 	0 	0 	0 	-0.0123837 	3.03185e-12 	0
0.00507508 	0 	0 	0 	-0.0123837 	3.05764e-12 	0
0.00508509 	0 	0 	0 	-0.0123837 	3.08342e-12 	0
0.0050951 	0 	0 	0 	-0.0123837 	3.10921e-12 	0
0.00510511 	0 	0 	0 	-0.0123837 	3.13499e-12 	0
0.00511512 	0 	0 	0 	-0.0123837 	3.16078e-12 	0
0.00512513 	0 	0 	0 	-0.0123837 	3.18656e-12 	0
0.00513514 	0 	0 	0 	-0.0123837 	3.21235e-12 	0
0.00514515 	0 	0 	0 	-0.0123837 	3.23813e-12 	0
0.00515516 	0 	0 	0 	-0.0123837 	3.26392e-12 	0
0.00516517 	0 	0 	0 	-0.0123837 	3.2897e-12 	0
0.00517518 	0 	0 	0 	-0.0123837 	3.31549e-12 	0
0.00518519 	0 	0 	0 	-0.0123837 	3.34127e-12 	0
0.0051952 	0 	0 	0 	-0.0123837 	3.36706e-12 	0
0.00520521 	0 	0 	0 	-0.0123837 	3.39284e-12 	0
0.00521522 	0 	0 	0 	-0.0123837 	3.41863e-12 	0
0.00522523 	0 	0 	0 	-0.0123837 	3.44441e-12 	0
0.00523524 	0 	0 	0 	-0.0123837 	3.47019e-12 	0
0.00524525 	0 	0 	0 	-0.0123837 	3.49598e-12 	0
0.00525526 	0 	0 	0 	-0.0123837 	3.52176e-12 	0
0.00526527 	0 	0 	0 	-0.0123837 	3.54755e-12 	0
0.00527528 	0 	0 	0 	-0.0123837 	3.57333e-12 	0
0.00528529 	0 	0 	0 	-0.0123837 	3.59912e-12 	0
0.0052953 	0 	0 	0 	-0.0123837 	3.6249e-12 	0
0.00530531 	0 	0 	0 	-0.0123837 	3.65069e-12 	0
0.00531532 	0 	0 	0 	-0.0123837 	3.67647e-12 	0
0.00532533 	0 	0 	0 	-0.0123837 	3.70226e-12 	0
0.00533534 	0 	0 	0 	-0.0123837 	3.72804e-12 	0
0.00534535 	0 	0 	0 	-0.0123837 	3.75383e-12 	0
0.00535536 	0 	0 	0 	-0.0123837 	3.77961e-12 	0
0.00536537 	0 	0 	0 	-0.0123837 	3.8054e-12 	0
0.00537538 	0 	0 	0 	-0.0123837 	3.83118e-12 	0
0.00538539 	0 	0 	0 	-0.0123837 	3.85697e-12 	0
0.0053954 	0 	0 	0 	-0.0123837 	3.88275e-12 	0
0.00540541 	0 	0 	0 	-0.0123837 	3.90854e-12 	0
0.00541542 	0 	0 	0 	-0.0123837 	3.93432e-12 	0
0.00542543 	0 	0 	0 	-0.0123837 	3.96011e-12 	0
0.00543544 	0 	0 	0 	-0.0123837 	3.98589e-12 	0
0.00544545 	0 	0 	0 	-0.0123837 	4.01168e-12 	0
0.00545546 	0 	0 	0 	-0.0123837 	4.03746e-12 	0
0.00546547 	0 	0 	0 	-0.0123837 	4.06325e-12 	0
0.00547548 	0 	0 	0 	-0.0123837 	4.08903e-12 	0
0.00548549 	0 	0 	0 	-0.0123837 	4.11482e-12 	0
0.0054955 	0 	0 	0 	-0.0123837 	4.1406e-12 	0
0.00550551 	0 	0 	0 	-0.0123837 	4.16583e-12 	0
0.00551552 	0 	0 	0 	-0.0123837 	4.19059e-12 	0
0.00552553 	0 	0 	0 	-0.0123837 	4.21535e-12 	0
0.00553554 	0 	0 	0 	-0.0123837 	4.24012e-12 	0
0.00554555 	0 	0 	0 	-0.0123837 	4.26488e-12 	0
0.00555556 	0 	0 	0 	-0.0123837 	4.28964e-12 	0
0.00556557 	0 	0 	0 	-0.0123837 	4.31441e-12 	0
0.00557558 	0 	0 	0 	-0.0123837 	4.33917e-12 	0
0.00558559 	0 	0 	0 	-0.0123837 	4.36393e-12 	0
0.0055956 	0 	0 	0 	-0.0123837 	4.3887e-12 	0
0.00560561 	0 	0 	0 	-0.0123837 	4.41346e-12 	0
0.00561562 	0 	0 	0 	-0.0123837 	4.43823e-12 	0
0.00562563 	0 	0 	0 	-0.0123837 	4.46299e-12 	0
0.00563564 	0 	0 	0 	-0.0123837 	4.48775e-12 	0
0.00564565 	0 	0 	0 	-0.0123837 	4.51252e-12 	0
0.00565566 	0 	0 	0 	-0.0123837 	4.53728e-12 	0
0.00566567 	0 	0 	0 	-0.0123837 	4.56204e-12 	0
0.00567568 	0 	0 	0 	-0.0123837 	4.58681e-12 	0
0.00568569 	0 	0 	0 	-0.0123837 	4.61157e-12 	0
0.0056957 	0 	0 	0 	-0.0123837 	4.63633e-12 	0
0.00570571 	0 	0 	0 	-0.0123837 	4.6611e-12 	0
0.00571572 	0 	0 	0 	-0.0123837 	4.68586e-12 	0
0.00572573 	0 	0 	0 	-0.0123837 	4.71063e-12 	0
0.00573574 	0 	0 	0 	-0.0123837 	4.73539e-12 	0
0.00574575 	0 	0 	0 	-0.0123837 	4.76015e-12 	0
0.00575576 	0 	0 	0 	-0.0123837 	4.78492e-12 	0
0.00576577 	0 	0 	0 	-0.0123837 	4.80968e-12 	0
0.00577578 	0 	0 	0 	-0.0123837 	4.83444e-12 	0
0.00578579 	0 	0 	0 	-0.0123837 	4.85921e-12 	0
0.0057958 	0 	0 	0 	-0.0123837 	4.88397e-12 	0
0.00580581 	0 	0 	0 	-0.0123837 	4.90873e-12 	0
0.00581582 	0 	0 	0 	-0.0123837 	4.9335e-12 	0
0.00582583 	0 	0 	0 	-0.0123837 	4.95826e-12 	0
0.00583584 	0 	0 	0 	-0.0123837 	4.98303e-12 	0
0.00584585 	0 	0 	0 	-0.0123837 	5.00779e-12 	0
0.00585586 	0 	0 	0 	-0.0123837 	5.03255e-12 	0
0.00586587 	0 	0 	0 	-0.0123837 	5.05732e-12 	0
0.00587588 	0 	0 	0 	-0.0123837 	5.08208e-12 	0
0.00588589 	0 	0 	0 	-0.0123837 	5.10684e-12 	0
0.0058959 	0 	0 	0 	-0.0123837 	5.13161e-12 	0
0.00590591 	0 	0 	0 	-0.0123837 	5.15637e-12 	0
0.00591592 	0 	0 	0 	-0.0123837 	5.18114e-12 	0
0.00592593 	0 	0 	0 	-0.0123837 	5.2059e-12 	0
0.00593594 	0 	0 	0 	-0.0123837 	5.23066e-12 	0
0.00594595 	0 	0 	0 	-0.0123837 	5.25543e-12 	0
0.00595596 	0 	0 	0 	-0.0123837 	5.28019e-12 	0
0.00596597 	0 	0 	0 	-0.0123837 	5.30495e-12 	0
0.00597598 	0 	0 	0 	-0.0123837 	5.32972e-12 	0
0.00598599 	0 	0 	0 	-0.0123837 	5.35448e-12 	0
0.005996 	0 	0 	0 	-0.0123837 	5.37924e-12 	0
0.00600601 	0 	0 	0 	-0.0123837 	5.40454e-12 	0
0.00601602 	0 	0 	0 	-0.0123837 	5.4302e-12 	0
0.00602603 	0 	0 	0 	-0.0123837 	5.45585e-12 	0
0.00603604 	0 	0 	0 	-0.0123837 	5.4815e-12 	0
0.00604605 	0 	0 	0 	-0.0123837 	5.50715e-12 	0
0.00605606 	0 	0 	0 	-0.0123837 	5.53281e-12 	0
0.00606607 	0 	0 	0 	-0.0123837 	5.55846e-12 	0
0.00607608 	0 	0 	0 	-0.0123837 	5.58411e-12 	0
0.00608609 	0 	0 	0 	-0.0123837 	5.60977e-12 	0
0.0060961 	0 	0 	0 	-0.0123837 	5.63542e-12 	0
0.00610611 	0 	0 	0 	-0.0123837 	5.66107e-12 	0
0.00611612 	0 	0 	0 	-0.0123837 	5.68673e-12 	0
0.00612613 	0 	0 	0 	-0.0123837 	5.71238e-12 	0
0.00613614 	0 	0 	0 	-0.0123837 	5.73803e-12 	0
0.00614615 	0 	0 	0 	-0.0123837 	5.76369e-12 	0
0.00615616 	0 	0 	0 	-0.0123837 	5.78934e-12 	0
0.00616617 	0 	0 	0 	-0.0123837 	5.81499e-12 	0
0.00617618 	0 	0 	0 	-0.0123837 	5.84065e-12 	0
0.00618619 	0 	0 	0 	-0.0123837 	5.8663e-12 	0
0.0061962 	0 	0 	0 	-0.0123837 	5.89195e-12 	0
0.00620621 	0 	0 	0 	-0.0123837 	5.9176e-12 	0
0.00621622 	0 	0 	0 	-0.0123837 	5.94326e-12 	0
0.00622623 	0 	0 	0 	-0.0123837 	5.96891e-12 	0
0.00623624 	0 	0 	0 	-0.0123837 	5.99456e-12 	0
0.00624625 	0 	0 	0 	-0.0123837 	6.02022e-12 	0
0.00625626 	0 	0 	0 	-0.0123837 	6.04587e-12 	0
0.00626627 	0 	0 	0 	-0.0123837 	6.07152e-12 	0
0.00627628 	0 	0 	0 	-0.0123837 	6.09718e-12 	0
0.00628629 	0 	0 	0 	-0.0123837 	6.12283e-12 	0
0.0062963 	0 	0 	0 	-0.0123837 	6.14848e-12 	0
0.00630631 	0 	0 	0 	-0.0123837 	6.17414e-12 	0
0.00631632 	0 	0 	0 	-0.0123837 	6.19979e-12 	0
0.00632633 	0 	0 	0 	-0.0123837 	6.22544e-12 	0
0.00633634 	0 	0 	0 	-0.0123837 	6.2511e-12 	0
0.00634635 	0 	0 	0 	-0.0123837 	6.27675e-12 	0
0.00635636 	0 	0 	0 	-0.0123837 	6.3024e-12 	0
0.00636637 	0 	0 	0 	-0.0123837 	6.32806e-12 	0
0.00637638 	0 	0 	0 	-0.0123837 	6.35371e-12 	0
0.00638639 	0 	0 	0 	-0.0123837 	6.37936e-12 	0
0.0063964 	0 	0 	0 	-0.0123837 	6.40501e-12 	0
0.00640641 	0 	0 	0 	-0.0123837 	6.43067e-12 	0
0.00641642 	0 	0 	0 	-0.0123837 	6.45632e-12 	0
0.00642643 	0 	0 	0 	-0.0123837 	6.48197e-12 	0
0.00643644 	0 	0 	0 	-0.0123837 	6.50763e-12 	0
0.00644645 	0 	0 	0 	-0.0123837 	6.53328e-12 	0
0.00645646 	0 	0 	0 	-0.0123837 	6.55893e-12 	0
0.00646647 	0 	0 	0 	-0.0123837 	6.58459e-12 	0
0.00647648 	0 	0 	0 	-0.0123837 	6.61024e-12 	0
0.00648649 	0 	0 	0 	-0.0123837 	6.63589e-12 	0
0.0064965 	0 	0 	0 	-0.0123837 	6.66155e-12 	0
0.00650651 	0 	0 	0 	-0.0123837 	6.68964e-12 	0
0.00651652 	0 	0 	0 	-0.0123837 	6.71904e-12 	0
0.00652653 	0 	0 	0 	-0.0123837 	6.74844e-12 	0
0.00653654 	0 	0 	0 	-0.0123837 	6.77784e-12 	0
0.00654655 	0 	0 	0 	-0.0123837 	6.80724e-12 	0
0.00655656 	0 	0 	0 	-0.0123837 	6.83664e-12 	0
0.00656657 	0 	0 	0 	-0.0123837 	6.86605e-12 	0
0.00657658 	0 	0 	0 	-0.0123837 	6.89545e-12 	0
0.00658659 	0 	0 	0 	-0.0123837 	6.92485e-12 	0
0.0065966 	0 	0 	0 	-0.0123837 	6.95425e-12 	0
0.00660661 	0 	0 	0 	-0.0123837 	6.98365e-12 	0
0.00661662 	0 	0 	0 	-0.0123837 	7.01305e-12 	0
0.00662663 	0 	0 	0 	-0.0123837 	7.04246e-12 	0
0.00663664 	0 	0 	0 	-0.0123837 	7.07186e-12 	0
0.00664665 	0 	0 	0 	-0.0123837 	7.10126e-12 	0
0.00665666 	0 	0 	0 	-0.0123837 	7.13066e-12 	0
0.00666667 	0 	0 	0 	-0.0123837 	7.16006e-12 	0
0.00667668 	0 	0 	0 	-0.0123837 	7.18947e-12 	0
0.00668669 	0 	0 	0 	-0.0123837 	7.21887e-12 	0
0.0066967 	0 	0 	0 	-0.0123837 	7.24827e-12 	0
0.00670671 	0 	0 	0 	-0.0123837 	7.27767e-12 	0
0.00671672 	0 	0 	0 	-0.0123837 	7.30707e-12 	0
0.00672673 	0 	0 	0 	-0.0123837 	7.33647e-12 	0
0.00673674 	0 	0 	0 	-0.0123837 	7.36588e-12 	0
0.00674675 	0 	0 	0 	-0.0123837 	7.39528e-12 	0
0.00675676 	0 	0 	0 	-0.0123837 	7.42468e-12 	0
0.00676677 	0 	0 	0 	-0.0123837 	7.45408e-12 	0
0.00677678 	0 	0 	0 	-0.0123837 	7.48348e-12 	0
0.00678679 	0 	0 	0 	-0.0123837 	7.51288e-12 	0
0.0067968 	0 	0 	0 	-0.0123837 	7.54229e-12 	0
0.00680681 	0 	0 	0 	-0.0123837 	7.57169e-12 	0
0.00681682 	0 	0 	0 	-0.0123837 	7.60109e-12 	0
0.00682683 	0 	0 	0 	-0.0123837 	7.63049e-12 	0
0.00683684 	0 	0 	0 	-0.0123837 	7.65989e-12 	0
0.00684685 	0 	0 	0 	-0.0123837 	7.68929e-12 	0
0.00685686 	0 	0 	0 	-0.0123837 	7.7187e-12 	0
0.00686687 	0 	0 	0 	-0.0123837 	7.7481e-12 	0
0.00687688 	0 	0 	0 	-0.0123837 	7.7775e-12 	0
0.00688689 	0 	0 	0 	-0.0123837 	7.8069e-12 	0
0.0068969 	0 	0 	0 	-0.0123837 	7.8363e-12 	0
0.00690691 	0 	0 	0 	-0.0123837 	7.8657e-12 	0
0.00691692 	0 	0 	0 	-0.0123837 	7.89511e-12 	0
0.00692693 	0 	0 	0 	-0.0123837 	7.92451e-12 	0
0.00693694 	0 	0 	0 	-0.0123837 	7.95391e-12 	0
0.00694695 	0 	0 	0 	-0.0123837 	7.98331e-12 	0
0.00695696 	0 	0 	0 	-0.0123837 	8.01271e-12 	0
0.00696697 	0 	0 	0 	-0.0123837 	8.04211e-12 	0
0.00697698 	0 	0 	0 	-0.0123837 	8.07152e-12 	0
0.00698699 	0 	0 	0 	-0.0123837 	8.10092e-12 	0
0.006997 	0 	0 	0 	-0.0123837 	8.13032e-12 	0
0.00700701 	0 	0 	0 	-0.0123837 	8.16208e-12 	0
0.00701702 	0 	0 	0 	-0.0123837 	8.19485e-12 	0
0.00702703 	0 	0 	0 	-0.0123837 	8.22761e-12 	0
0.00703704 	0 	0 	0 	-0.0123837 	8.26038e-12 	0
0.00704705 	0 	0 	0 	-0.0123837 	8.29315e-12 	0
0.00705706 	0 	0 	0 	-0.0123837 	8.32592e-12 	0
0.00706707 	0 	0 	0 	-0.0123837 	8.35869e-12 	0
0.00707708 	0 	0 	0 	-0.0123837 	8.39145e-12 	0
0.00708709 	0 	0 	0 	-0.0123837 	8.42422e-12 	0
0.0070971 	0 	0 	0 	-0.0123837 	8.45699e-12 	0
0.00710711 	0 	0 	0 	-0.0123837 	8.48976e-12 	0
0.00711712 	0 	0 	0 	-0.0123837 	8.52253e-12 	0
0.00712713 	0 	0 	0 	-0.0123837 	8.5553e-12 	0
0.00713714 	0 	0 	0 	-0.0123837 	8.58806e-12 	0
0.00714715 	0 	0 	0 	-0.0123837 	8.62083e-12 	0
0.00715716 	0 	0 	0 	-0.0123837 	8.6536e-12 	0
0.00716717 	0 	0 	0 	-0.0123837 	8.68637e-12 	0
0.00717718 	0 	0 	0 	-0.0123837 	8.71914e-12 	0
0.00718719 	0 	0 	0 	-0.0123837 	8.7519e-12 	0
0.0071972 	0 	0 	0 	-0.0123837 	8.78467e-12 	0
0.00720721 	0 	0 	0 	-0.0123837 	8.81744e-12 	0
0.00721722 	0 	0 	0 	-0.0123837 	8.85021e-12 	0
0.00722723 	0 	0 	0 	-0.0123837 	8.88298e-12 	0
0.00723724 	0 	0 	0 	-0.0123837 	8.91575e-12 	0
0.00724725 	0 	0 	0 	-0.0123837 	8.94851e-12 	0
0.00725726 	0 	0 	0 	-0.0123837 	8.98128e-12 	0
0.00726727 	0 	0 	0 	-0.0123837 	9.01405e-12 	0
0.00727728 	0 	0 	0 	-0.0123837 	9.04682e-12 	0
0.00728729 	0 	0 	0 	-0.0123837 	9.07959e-12 	0
0.0072973 	0 	0 	0 	-0.0123837 	9.11235e-12 	0
0.00730731 	0 	0 	0 	-0.0123837 	9.14512e-12 	0
0.00731732 	0 	0 	0 	-0.0123837 	9.17789e-12 	0
0.00732733 	0 	0 	0 	-0.0123837 	9.21066e-12 	0
0.00733734 	0 	0 	0 	-0.0123837 	9.24343e-12 	0
0.00734735 	0 	0 	0 	-0.0123837 	9.2762e-12 	0
0.00735736 	0 	0 	0 	-0.0123837 	9.30896e-12 	0
0.00736737 	0 	0 	0 	-0.0123837 	9.34173e-12 	0
0.00737738 	0 	0 	0 	-0.0123837 	9.3745e-12 	0
0.00738739 	0 	0 	0 	-0.0123837 	9.40727e-12 	0
0.0073974 	0 	0 	0 	-0.0123837 	9.44004e-12 	0
0.00740741 	0 	0 	0 	-0.0123837 	9.4728e-12 	0
0.00741742 	0 	0 	0 	-0.0123837 	9.50557e-12 	0
0.00742743 	0 	0 	0 	-0.0123837 	9.53834e-12 	0
0.00743744 	0 	0 	0 	-0.0123837 	9.57111e-12 	0
0.00744745 	0 	0 	0 	-0.0123837 	9.60388e-12 	0
0.00745746 	0 	0 	0 	-0.0123837 	9.63665e-12 	0
0.00746747 	0 	0 	0 	-0.0123837 	9.66941e-12 	0
0.00747748 	0 	0 	0 	-0.0123837 	9.70218e-12 	0
0.00748749 	0 	0 	0 	-0.0123837 	9.73495e-12 	0
0.0074975 	0 	0 	0 	-0.0123837 	9.76772e-12 	0
0.00750751 	0 	0 	0 	-0.0123837 	9.80705e-12 	0
0.00751752 	0 	0 	0 	-0.0123837 	9.84858e-12 	0
0.00752753 	0 	0 	0 	-0.0123837 	9.8901e-12 	0
0.00753754 	0 	0 	0 	-0.0123837 	9.93163e-12 	0
0.00754755 	0 	0 	0 	-0.0123837 	9.97316e-12 	0
0.00755756 	0 	0 	0 	-0.0123837 	1.00147e-11 	0
0.00756757 	0 	0 	0 	-0.0123837 	1.00562e-11 	0
0.00757758 	0 	0 	0 	-0.0123837 	1.00977e-11 	0
0.00758759 	0 	0 	0 	-0.0123837 	1.01393e-11 	0
0.0075976 	0 	0 	0 	-0.0123837 	1.01808e-11 	0
0.00760761 	0 	0 	0 	-0.0123837 	1.02223e-11 	0
0.00761762 	0 	0 	0 	-0.0123837 	1.02638e-11 	0
0.00762763 	0 	0 	0 	-0.0123837 	1.03054e-11 	0
0.00763764 	0 	0 	0 	-0.0123837 	1.03469e-11 	0
0.00764765 	0 	0 	0 	-0.0123837 	1.03884e-11 	0
0.00765766 	0 	0 	0 	-0.0123837 	1.04299e-11 	0
0.00766767 	0 	0 	0 	-0.0123837 	1.04715e-11 	0
0.00767768 	0 	0 	0 	-0.0123837 	1.0513e-11 	0
0.00768769 	0 	0 	0 	-0.0123837 	1.05545e-11 	0
0.0076977 	0 	0 	0 	-0.0123837 	1.0596e-11 	0
0.00770771 	0 	0 	0 	-0.0123837 	1.06376e-11 	0
0.00771772 	0 	0 	0 	-0.0123837 	1.06791e-11 	0
0.00772773 	0 	0 	0 	-0.0123837 	1.07206e-11 	0
0.00773774 	0 	0 	0 	-0.0123837 	1.07621e-11 	0
0.00774775 	0 	0 	0 	-0.0123837 	1.08037e-11 	0
0.00775776 	0 	0 	0 	-0.0123837 	1.08452e-11 	0
0.00776777 	0 	0 	0 	-0.0123837 	1.08867e-11 	0
0.00777778 	0 	0 	0 	-0.0123837 	1.09282e-11 	0
0.00778779 	0 	0 	0 	-0.0123837 	1.09698e-11 	0
0.0077978 	0 	0 	0 	-0.0123837 	1.10113e-11 	0
0.00780781 	0 	0 	0 	-0.0123837 	1.10528e-11 	0
0.00781782 	0 	0 	0 	-0.0123837 	1.10943e-11 	0
0.00782783 	0 	0 	0 	-0.0123837 	1.11359e-11 	0
0.00783784 	0 	0 	0 	-0.0123837 	1.11774e-11 	0
0.00784785 	0 	0 	0 	-0.0123837 	1.12189e-11 	0
0.00785786 	0 	0 	0 	-0.0123837 	1.12604e-11 	0
0.00786787 	0 	0 	0 	-0.0123837 	1.1302e-11 	0
0.00787788 	0 	0 	0 	-0.0123837 	1.13435e-11 	0
0.00788789 	0 	0 	0 	-0.0123837 	1.1385e-11 	0
0.0078979 	0 	0 	0 	-0.0123837 	1.14265e-11 	0
0.00790791 	0 	0 	0 	-0.0123837 	1.14681e-11 	0
0.00791792 	0 	0 	0 	-0.0123837 	1.15096e-11 	0
0.00792793 	0 	0 	0 	-0.0123837 	1.15511e-11 	0
0.00793794 	0 	0 	0 	-0.0123837 	1.15926e-11 	0
0.00794795 	0 	0 	0 	-0.0123837 	1.16342e-11 	0
0.00795796 	0 	0 	0 	-0.0123837 	1.16757e-11 	0
0.00796797 	0 	0 	0 	-0.0123837 	1.17172e-11 	0
0.00797798 	0 	0 	0 	-0.0123837 	1.17587e-11 	0
0.00798799 	0 	0 	0 	-0.0123837 	1.18003e-11 	0
0.007998 	0 	0 	0 	-0.0123837 	1.18418e-11 	0
0.00800801 	0 	0 	0 	-0.0123837 	1.18904e-11 	0
0.00801802 	0 	0 	0 	-0.0123837 	1.19407e-11 	0
0.00802803 	0 	0 	0 	-0.0123837 	1.19911e-11 	0
0.00803804 	0 	0 	0 	-0.0123837 	1.20415e-11 	0
0.00804805 	0 	0 	0 	-0.0123837 	1.20918e-11 	0
0.00805806 	0 	0 	0 	-0.0123837 	1.21422e-11 	0
0.00806807 	0 	0 	0 	-0.0123837 	1.21926e-11 	0
0.00807808 	0 	0 	0 	-0.0123837 	1.22429e-11 	0
0.00808809 	0 	0 	0 	-0.0123837 	1.22933e-11 	0
0.0080981 	0 	0 	0 	-0.0123837 	1.23436e-11 	0
0.00810811 	0 	0 	0 	-0.0123837 	1.2394e-11 	0
0.00811812 	0 	0 	0 	-0.0123837 	1.24444e-11 	0
0.00812813 	0 	0 	0 	-0.0123837 	1.24947e-11 	0
0.00813814 	0 	0 	0 	-0.0123837 	1.25451e-11 	0
0.00814815 	0 	0 	0 	-0.0123837 	1.25954e-11 	0
0.00815816 	0 	0 	0 	-0.0123837 	1.26458e-11 	0
0.00816817 	0 	0 	0 	-0.0123837 	1.26962e-11 	0
0.00817818 	0 	0 	0 	-0.0123837 	1.27465e-11 	0
0.00818819 	0 	0 	0 	-0.0123837 	1.27969e-11 	0
0.0081982 	0 	0 	0 	-0.0123837 	1.28472e-11 	0
0.00820821 	0 	0 	0 	-0.0123837 	1.28976e-11 	0
0.00821822 	0 	0 	0 	-0.0123837 	1.2948e-11 	0
0.00822823 	0 	0 	0 	-0.0123837 	1.29983e-11 	0
0.00823824 	0 	0 	0 	-0.0123837 	1.30487e-11 	0
0.00824825 	0 	0 	0 	-0.0123837 	1.3099e-11 	0
0.00825826 	0 	0 	0 	-0.0123837 	1.31494e-11 	0
0.00826827 	0 	0 	0 	-0.0123837 	1.31998e-11 	0
0.00827828 	0 	0 	0 	-0.0123837 	1.32501e-11 	0
0.00828829 	0 	0 	0 	-0.0123837 	1.33005e-11 	0
0.0082983 	0 	0 	0 	-0.0123837 	1.33508e-11 	0
0.00830831 	0 	0 	0 	-0.0123837 	1.34012e-11 	0
0.00831832 	0 	0 	0 	-0.0123837 	1.34516e-11 	0
0.00832833 	0 	0 	0 	-0.0123837 	1.35019e-11 	0
0.00833834 	0 	0 	0 	-0.0123837 	1.35523e-11 	0
0.00834835 	0 	0 	0 	-0.0123837 	1.36026e-11 	0
0.00835836 	0 	0 	0 	-0.0123837 	1.3653e-11 	0
0.00836837 	0 	0 	0 	-0.0123837 	1.37034e-11 	0
0.00837838 	0 	0 	0 	-0.0123837 	1.37537e-11 	0
0.00838839 	0 	0 	0 	-0.0123837 	1.38041e-11 	0
0.0083984 	0 	0 	0 	-0.0123837 	1.38544e-11 	0
0.00840841 	0 	0 	0 	-0.0123837 	1.39048e-11 	0
0.00841842 	0 	0 	0 	-0.0123837 	1.39552e-11 	0
0.00842843 	0 	0 	0 	-0.0123837 	1.40055e-11 	0
0.00843844 	0 	0 	0 	-0.0123837 	1.40559e-11 	0
0.00844845 	0 	0 	0 	-0.0123837 	1.41062e-11 	0
0.00845846 	0 	0 	0 	-0.0123837 	1.41566e-11 	0
0.00846847 	0 	0 	0 	-0.0123837 	1.4207e-11 	0
0.00847848 	0 	0 	0 	-0.0123837 	1.42573e-11 	0
0.00848849 	0 	0 	0 	-0.0123837 	1.43077e-11 	0
0.0084985 	0 	0 	0 	-0.0123837 	1.4358e-11 	0
0.00850851 	0 	0 	0 	-0.0123837 	1.44409e-11 	0
0.00851852 	0 	0 	0 	-0.0123837 	1.45295e-11 	0
0.00852853 	0 	0 	0 	-0.0123837 	1.46181e-11 	0
0.00853854 	0 	0 	0 	-0.0123837 	1.47067e-11 	0
0.00854855 	0 	0 	0 	-0.0123837 	1.47953e-11 	0
0.00855856 	0 	0 	0 	-0.0123837 	1.48839e-11 	0
0.00856857 	0 	0 	0 	-0.0123837 	1.49725e-11 	0
0.00857858 	0 	0 	0 	-0.0123837 	1.50611e-11 	0
0.00858859 	0 	0 	0 	-0.0123837 	1.51497e-11 	0
0.0085986 	0 	0 	0 	-0.0123837 	1.52383e-11 	0
0.00860861 	0 	0 	0 	-0.0123837 	1.53269e-11 	0
0.00861862 	0 	0 	0 	-0.0123837 	1.54155e-11 	0
0.00862863 	0 	0 	0 	-0.0123837 	1.55041e-11 	0
0.00863864 	0 	0 	0 	-0.0123837 	1.55927e-11 	0
0.00864865 	0 	0 	0 	-0.0123837 	1.56813e-11 	0
0.00865866 	0 	0 	0 	-0.0123837 	1.57699e-11 	0
0.00866867 	0 	0 	0 	-0.0123837 	1.58585e-11 	0
0.00867868 	0 	0 	0 	-0.0123837 	1.59471e-11 	0
0.00868869 	0 	0 	0 	-0.0123837 	1.60357e-11 	0
0.0086987 	0 	0 	0 	-0.0123837 	1.61243e-11 	0
0.00870871 	0 	0 	0 	-0.0123837 	1.62129e-11 	0
0.00871872 	0 	0 	0 	-0.0123837 	1.63015e-11 	0
0.00872873 	0 	0 	0 	-0.0123837 	1.63901e-11 	0
0.00873874 	0 	0 	0 	-0.0123837 	1.64787e-11 	0
0.00874875 	0 	0 	0 	-0.0123837 	1.65673e-11 	0
0.00875876 	0 	0 	0 	-0.0123837 	1.66559e-11 	0
0.00876877 	0 	0 	0 	-0.0123837 	1.67445e-11 	0
0.00877878 	0 	0 	0 	-0.0123837 	1.68331e-11 	0
0.00878879 	0 	0 	0 	-0.0123837 	1.69217e-11 	0
0.0087988 	0 	0 	0 	-0.0123837 	1.70103e-11 	0
0.00880881 	0 	0 	0 	-0.0123837 	1.70989e-11 	0
0.00881882 	0 	0 	0 	-0.0123837 	1.71875e-11 	0
0.00882883 	0 	0 	0 	-0.0123837 	1.72761e-11 	0
0.00883884 	0 	0 	0 	-0.0123837 	1.73647e-11 	0
0.00884885 	0 	0 	0 	-0.0123837 	1.74533e-11 	0
0.00885886 	0 	0 	0 	-0.0123837 	1.75419e-11 	0
0.00886887 	0 	0 	0 	-0.0123837 	1.76305e-11 	0
0.00887888 	0 	0 	0 	-0.0123837 	1.77191e-11 	0
0.00888889 	0 	0 	0 	-0.0123837 	1.78077e-11 	0
0.0088989 	0 	0 	0 	-0.0123837 	1.78963e-11 	0
0.00890891 	0 	0 	0 	-0.0123837 	1.79849e-11 	0
0.00891892 	0 	0 	0 	-0.0123837 	1.80735e-11 	0
0.00892893 	0 	0 	0 	-0.0123837 	1.8162e-11 	0
0.00893894 	0 	0 	0 	-0.0123837 	1.82506e-11 	0
0.00894895 	0 	0 	0 	-0.0123837 	1.83392e-11 	0
0.00895896 	0 	0 	0 	-0.0123837 	1.84278e-11 	0
0.00896897 	0 	0 	0 	-0.0123837 	1.85164e-11 	0
0.00897898 	0 	0 	0 	-0.0123837 	1.8605e-11 	0
0.00898899 	0 	0 	0 	-0.0123837 	1.86936e-11 	0
0.008999 	0 	0 	0 	-0.0123837 	1.87822e-11 	0
0.00900901 	0 	0 	0 	-0.0123837 	1.87026e-11 	0
0.00901902 	0 	0 	0 	-0.0123837 	1.86042e-11 	0
0.00902903 	0 	0 	0 	-0.0123837 	1.85058e-11 	0
0.00903904 	0 	0 	0 	-0.0123837 	1.84074e-11 	0
0.00904905 	0 	0 	0 	-0.0123837 	1.8309e-11 	0
0.00905906 	0 	0 	0 	-0.0123837 	1.82107e-11 	0
0.00906907 	0 	0 	0 	-0.0123837 	1.81123e-11 	0
0.00907908 	0 	0 	0 	-0.0123837 	1.80139e-11 	0
0.00908909 	0 	0 	0 	-0.0123837 	1.79155e-11 	0
0.0090991 	0 	0 	0 	-0.0123837 	1.78171e-11 	0
0.00910911 	0 	0 	0 	-0.0123837 	1.77188e-11 	0
0.00911912 	0 	0 	0 	-0.0123837 	1.76204e-11 	0
0.00912913 	0 	0 	0 	-0.0123837 	1.7522e-11 	0
0.00913914 	0 	0 	0 	-0.0123837 	1.74236e-11 	0
0.00914915 	0 	0 	0 	-0.0123837 	1.73253e-11 	0
0.00915916 	0 	0 	0 	-0.0123837 	1.72269e-11 	0
0.00916917 	0 	0 	0 	-0.0123837 	1.71285e-11 	0
0.00917918 	0 	0 	0 	-0.0123837 	1.70301e-11 	0
0.00918919 	0 	0 	0 	-0.0123837 	1.69317e-11 	0
0.0091992 	0 	0 	0 	-0.0123837 	1.68334e-11 	0
0.00920921 	0 	0 	0 	-0.0123837 	1.6735e-11 	0
0.00921922 	0 	0 	0 	-0.0123837 	1.66366e-11 	0
0.00922923 	0 	0 	0 	-0.0123837 	1.65382e-11 	0
0.00923924 	0 	0 	0 	-0.0123837 	1.64398e-11 	0
0.00924925 	0 	0 	0 	-0.0123837 	1.63415e-11 	0
0.00925926 	0 	0 	0 	-0.0123837 	1.62431e-11 	0
0.00926927 	0 	0 	0 	-0.0123837 	1.61447e-11 	0
0.00927928 	0 	0 	0 	-0.0123837 	1.60463e-11 	0
0.00928929 	0 	0 	0 	-0.0123837 	1.59479e-11 	0
0.0092993 	0 	0 	0 	-0.0123837 	1.58496e-11 	0
0.00930931 	0 	0 	0 	-0.0123837 	1.57512e-11 	0
0.00931932 	0 	0 	0 	-0.0123837 	1.56528e-11 	0
0.00932933 	0 	0 	0 	-0.0123837 	1.55544e-11 	0
0.00933934 	0 	0 	0 	-0.0123837 	1.54561e-11 	0
0.00934935 	0 	0 	0 	-0.0123837 	1.53577e-11 	0
0.00935936 	0 	0 	0 	-0.0123837 	1.52593e-11 	0
0.00936937 	0 	0 	0 	-0.0123837 	1.51609e-11 	0
0.00937938 	0 	0 	0 	-0.0123837 	1.50625e-11 	0
0.00938939 	0 	0 	0 	-0.0123837 	1.49642e-11 	0
0.0093994 	0 	0 	0 	-0.0123837 	1.48658e-11 	0
0.00940941 	0 	0 	0 	-0.0123837 	1.47674e-11 	0
0.00941942 	0 	0 	0 	-0.0123837 	1.4669e-11 	0
0.00942943 	0 	0 	0 	-0.0123837 	1.45706e-11 	0
0.00943944 	0 	0 	0 	-0.0123837 	1.44723e-11 	0
0.00944945 	0 	0 	0 	-0.0123837 	1.43739e-11 	0
0.00945946 	0 	0 	0 	-0.0123837 	1.42755e-11 	0
0.00946947 	0 	0 	0 	-0.0123837 	1.41771e-11 	0
0.00947948 	0 	0 	0 	-0.0123837 	1.40787e-11 	0
0.00948949 	0 	0 	0 	-0.0123837 	1.39804e-11 	0
0.0094995 	0 	0 	0 	-0.0123837 	1.3882e-11 	0
0.00950951 	0 	0 	0 	-0.0123837 	1.34001e-11 	0
0.00951952 	0 	0 	0 	-0.0123837 	1.2898e-11 	0
0.00952953 	0 	0 	0 	-0.0123837 	1.23959e-11 	0
0.00953954 	0 	0 	0 	-0.0123837 	1.18938e-11 	0
0.00954955 	0 	0 	0 	-0.0123837 	1.13917e-11 	0
0.00955956 	0 	0 	0 	-0.0123837 	1.08896e-11 	0
0.00956957 	0 	0 	0 	-0.0123837 	1.03875e-11 	0
0.00957958 	0 	0 	0 	-0.0123837 	9.88541e-12 	0
0.00958959 	0 	0 	0 	-0.0123837 	9.38332e-12 	0
0.0095996 	0 	0 	0 	-0.0123837 	8.88122e-12 	0
0.00960961 	0 	0 	0 	-0.0123837 	8.37913e-12 	0
0.00961962 	0 	0 	0 	-0.0123837 	7.87703e-12 	0
0.00962963 	0 	0 	0 	-0.0123837 	7.37494e-12 	0
0.00963964 	0 	0 	0 	-0.0123837 	6.87284e-12 	0
0.00964965 	0 	0 	0 	-0.0123837 	6.37075e-12 	0
0.00965966 	0 	0 	0 	-0.0123837 	5.86865e-12 	0
0.00966967 	0 	0 	0 	-0.0123837 	5.36656e-12 	0
0.00967968 	0 	0 	0 	-0.0123837 	4.86446e-12 	0
0.00968969 	0 	0 	0 	-0.0123837 	4.36237e-12 	0
0.0096997 	0 	0 	0 	-0.0123837 	3.86027e-12 	0
0.00970971 	0 	0 	0 	-0.0123837 	3.35818e-12 	0
0.00971972 	0 	0 	0 	-0.0123837 	2.85608e-12 	0
0.00972973 	0 	0 	0 	-0.0123837 	2.35399e-12 	0
0.00973974 	0 	0 	0 	-0.0123837 	1.85189e-12 	0
0.00974975 	0 	0 	0 	-0.0123837 	1.3498e-12 	0
0.00975976 	0 	0 	0 	-0.0123837 	8.47702e-13 	0
0.00976977 	0 	0 	0 	-0.0123837 	3.45607e-13 	0
0.00977978 	0 	0 	0 	-0.0123837 	-1.56488e-13 	0
0.00978979 	0 	0 	0 	-0.0123837 	-6.58583e-13 	0
0.0097998 	0 	0 	0 	-0.0123837 	-1.16068e-12 	0
0.00980981 	0 	0 	0 	-0.0123837 	-1.66277e-12 	0
0.00981982 	0 	0 	0 	-0.0123837 	-2.16487e-12 	0
0.00982983 	0 	0 	0 	-0.0123837 	-2.66696e-12 	0
0.00983984 	0 	0 	0 	-0.0123837 	-3.16906e-12 	0
0.00984985 	0 	0 	0 	-0.0123837 	-3.67115e-12 	0
0.00985986 	0 	0 	0 	-0.0123837 	-4.17325e-12 	0
0.00986987 	0 	0 	0 	-0.0123837 	-4.67534e-12 	0
0.00987988 	0 	0 	0 	-0.0123837 	-5.17744e-12 	0
0.00988989 	0 	0 	0 	-0.0123837 	-5.67953e-12 	0
0.0098999 	0 	0 	0 	-0.0123837 	-6.18163e-12 	0
0.00990991 	0 	0 	0 	-0.0123837 	-6.68372e-12 	0
0.00991992 	0 	0 	0 	-0.0123837 	-7.18582e-12 	0
0.00992993 	0 	0 	0 	-0.0123837 	-7.68791e-12 	0
0.00993994 	0 	0 	0 	-0.0123837 	-8.19001e-12 	0
0.00994995 	0 	0 	0 	-0.0123837 	-8.6921e-12 	0
0.00995996 	0 	0 	0 	-0.0123837 	-9.1942e-12 	0
0.00996997 	0 	0 	0 	-0.0123837 	-9.69629e-12 	0
0.00997998 	0 	0 	0 	-0.0123837 	-1.01984e-11 	0
0.00998999 	0 	0 	0 	-0.0123837 	-1.07005e-11 	0
0.01 	0 	0 	0 	-0.0123837 	-1.12026e-11 	0
