/*--------------------------------*- C++ -*----------------------------------*\
  =========                 |
  \\      /  F ield         | OpenFOAM: The Open Source CFD Toolbox
   \\    /   O peration     | Website:  https://openfoam.org
    \\  /    A nd           | Version:  6
     \\/     M anipulation  |
\*---------------------------------------------------------------------------*/
FoamFile
{
    version     2.0;
    format      ascii;
    class       vectorField;
    location    "constant/polyMesh";
    object      points;
}
// * * * * * * * * * * * * * * * * * * * * * * * * * * * * * * * * * * * * * //


2940
(
(0 0 0)
(0.0005 0 0)
(0.001 0 0)
(0.0015 0 0)
(0.002 0 0)
(0.0025 0 0)
(0.003 0 0)
(0.0035 0 0)
(0.004 0 0)
(0.0045 0 0)
(0.005 0 0)
(0.0055 0 0)
(0.006 0 0)
(0.0065 0 0)
(0.007 0 0)
(0.0075 0 0)
(0.008 0 0)
(0.0085 0 0)
(0.009 0 0)
(0.0095 0 0)
(0.01 0 0)
(0 0.0016 0)
(0.0005 0.0016 0)
(0.001 0.0016 0)
(0.0015 0.0016 0)
(0.002 0.0016 0)
(0.0025 0.0016 0)
(0.003 0.0016 0)
(0.0035 0.0016 0)
(0.004 0.0016 0)
(0.0045 0.0016 0)
(0.005 0.0016 0)
(0.0055 0.0016 0)
(0.006 0.0016 0)
(0.0065 0.0016 0)
(0.007 0.0016 0)
(0.0075 0.0016 0)
(0.008 0.0016 0)
(0.0085 0.0016 0)
(0.009 0.0016 0)
(0.0095 0.0016 0)
(0.01 0.0016 0)
(0 0 0.01)
(0.0005 0 0.01)
(0.001 0 0.01)
(0.0015 0 0.01)
(0.002 0 0.01)
(0.0025 0 0.01)
(0.003 0 0.01)
(0.0035 0 0.01)
(0.004 0 0.01)
(0.0045 0 0.01)
(0.005 0 0.01)
(0.0055 0 0.01)
(0.006 0 0.01)
(0.0065 0 0.01)
(0.007 0 0.01)
(0.0075 0 0.01)
(0.008 0 0.01)
(0.0085 0 0.01)
(0.009 0 0.01)
(0.0095 0 0.01)
(0.01 0 0.01)
(0 0.0016 0.01)
(0.0005 0.0016 0.01)
(0.001 0.0016 0.01)
(0.0015 0.0016 0.01)
(0.002 0.0016 0.01)
(0.0025 0.0016 0.01)
(0.003 0.0016 0.01)
(0.0035 0.0016 0.01)
(0.004 0.0016 0.01)
(0.0045 0.0016 0.01)
(0.005 0.0016 0.01)
(0.0055 0.0016 0.01)
(0.006 0.0016 0.01)
(0.0065 0.0016 0.01)
(0.007 0.0016 0.01)
(0.0075 0.0016 0.01)
(0.008 0.0016 0.01)
(0.0085 0.0016 0.01)
(0.009 0.0016 0.01)
(0.0095 0.0016 0.01)
(0.01 0.0016 0.01)
(0 0.0029 0)
(0.0005 0.0029 0)
(0.001 0.0029 0)
(0.0015 0.0029 0)
(0.002 0.0029 0)
(0.0025 0.0029 0)
(0.003 0.0029 0)
(0.0035 0.0029 0)
(0.004 0.0029 0)
(0.0045 0.0029 0)
(0.005 0.0029 0)
(0.0055 0.0029 0)
(0.006 0.0029 0)
(0.0065 0.0029 0)
(0.007 0.0029 0)
(0.0075 0.0029 0)
(0.008 0.0029 0)
(0.0085 0.0029 0)
(0.009 0.0029 0)
(0.0095 0.0029 0)
(0.01 0.0029 0)
(0 0.0042 0)
(0.0005 0.0042 0)
(0.001 0.0042 0)
(0.0015 0.0042 0)
(0.002 0.0042 0)
(0.0025 0.0042 0)
(0.003 0.0042 0)
(0.0035 0.0042 0)
(0.004 0.0042 0)
(0.0045 0.0042 0)
(0.005 0.0042 0)
(0.0055 0.0042 0)
(0.006 0.0042 0)
(0.0065 0.0042 0)
(0.007 0.0042 0)
(0.0075 0.0042 0)
(0.008 0.0042 0)
(0.0085 0.0042 0)
(0.009 0.0042 0)
(0.0095 0.0042 0)
(0.01 0.0042 0)
(0 0.0055 0)
(0.0005 0.0055 0)
(0.001 0.0055 0)
(0.0015 0.0055 0)
(0.002 0.0055 0)
(0.0025 0.0055 0)
(0.003 0.0055 0)
(0.0035 0.0055 0)
(0.004 0.0055 0)
(0.0045 0.0055 0)
(0.005 0.0055 0)
(0.0055 0.0055 0)
(0.006 0.0055 0)
(0.0065 0.0055 0)
(0.007 0.0055 0)
(0.0075 0.0055 0)
(0.008 0.0055 0)
(0.0085 0.0055 0)
(0.009 0.0055 0)
(0.0095 0.0055 0)
(0.01 0.0055 0)
(0 0.0068 0)
(0.0005 0.0068 0)
(0.001 0.0068 0)
(0.0015 0.0068 0)
(0.002 0.0068 0)
(0.0025 0.0068 0)
(0.003 0.0068 0)
(0.0035 0.0068 0)
(0.004 0.0068 0)
(0.0045 0.0068 0)
(0.005 0.0068 0)
(0.0055 0.0068 0)
(0.006 0.0068 0)
(0.0065 0.0068 0)
(0.007 0.0068 0)
(0.0075 0.0068 0)
(0.008 0.0068 0)
(0.0085 0.0068 0)
(0.009 0.0068 0)
(0.0095 0.0068 0)
(0.01 0.0068 0)
(0 0.0081 0)
(0.0005 0.0081 0)
(0.001 0.0081 0)
(0.0015 0.0081 0)
(0.002 0.0081 0)
(0.0025 0.0081 0)
(0.003 0.0081 0)
(0.0035 0.0081 0)
(0.004 0.0081 0)
(0.0045 0.0081 0)
(0.005 0.0081 0)
(0.0055 0.0081 0)
(0.006 0.0081 0)
(0.0065 0.0081 0)
(0.007 0.0081 0)
(0.0075 0.0081 0)
(0.008 0.0081 0)
(0.0085 0.0081 0)
(0.009 0.0081 0)
(0.0095 0.0081 0)
(0.01 0.0081 0)
(0 0.0094 0)
(0.0005 0.0094 0)
(0.001 0.0094 0)
(0.0015 0.0094 0)
(0.002 0.0094 0)
(0.0025 0.0094 0)
(0.003 0.0094 0)
(0.0035 0.0094 0)
(0.004 0.0094 0)
(0.0045 0.0094 0)
(0.005 0.0094 0)
(0.0055 0.0094 0)
(0.006 0.0094 0)
(0.0065 0.0094 0)
(0.007 0.0094 0)
(0.0075 0.0094 0)
(0.008 0.0094 0)
(0.0085 0.0094 0)
(0.009 0.0094 0)
(0.0095 0.0094 0)
(0.01 0.0094 0)
(0 0.0107 0)
(0.0005 0.0107 0)
(0.001 0.0107 0)
(0.0015 0.0107 0)
(0.002 0.0107 0)
(0.0025 0.0107 0)
(0.003 0.0107 0)
(0.0035 0.0107 0)
(0.004 0.0107 0)
(0.0045 0.0107 0)
(0.005 0.0107 0)
(0.0055 0.0107 0)
(0.006 0.0107 0)
(0.0065 0.0107 0)
(0.007 0.0107 0)
(0.0075 0.0107 0)
(0.008 0.0107 0)
(0.0085 0.0107 0)
(0.009 0.0107 0)
(0.0095 0.0107 0)
(0.01 0.0107 0)
(0 0.012 0)
(0.0005 0.012 0)
(0.001 0.012 0)
(0.0015 0.012 0)
(0.002 0.012 0)
(0.0025 0.012 0)
(0.003 0.012 0)
(0.0035 0.012 0)
(0.004 0.012 0)
(0.0045 0.012 0)
(0.005 0.012 0)
(0.0055 0.012 0)
(0.006 0.012 0)
(0.0065 0.012 0)
(0.007 0.012 0)
(0.0075 0.012 0)
(0.008 0.012 0)
(0.0085 0.012 0)
(0.009 0.012 0)
(0.0095 0.012 0)
(0.01 0.012 0)
(0 0.0133 0)
(0.0005 0.0133 0)
(0.001 0.0133 0)
(0.0015 0.0133 0)
(0.002 0.0133 0)
(0.0025 0.0133 0)
(0.003 0.0133 0)
(0.0035 0.0133 0)
(0.004 0.0133 0)
(0.0045 0.0133 0)
(0.005 0.0133 0)
(0.0055 0.0133 0)
(0.006 0.0133 0)
(0.0065 0.0133 0)
(0.007 0.0133 0)
(0.0075 0.0133 0)
(0.008 0.0133 0)
(0.0085 0.0133 0)
(0.009 0.0133 0)
(0.0095 0.0133 0)
(0.01 0.0133 0)
(0 0.0146 0)
(0.0005 0.0146 0)
(0.001 0.0146 0)
(0.0015 0.0146 0)
(0.002 0.0146 0)
(0.0025 0.0146 0)
(0.003 0.0146 0)
(0.0035 0.0146 0)
(0.004 0.0146 0)
(0.0045 0.0146 0)
(0.005 0.0146 0)
(0.0055 0.0146 0)
(0.006 0.0146 0)
(0.0065 0.0146 0)
(0.007 0.0146 0)
(0.0075 0.0146 0)
(0.008 0.0146 0)
(0.0085 0.0146 0)
(0.009 0.0146 0)
(0.0095 0.0146 0)
(0.01 0.0146 0)
(0 0.0159 0)
(0.0005 0.0159 0)
(0.001 0.0159 0)
(0.0015 0.0159 0)
(0.002 0.0159 0)
(0.0025 0.0159 0)
(0.003 0.0159 0)
(0.0035 0.0159 0)
(0.004 0.0159 0)
(0.0045 0.0159 0)
(0.005 0.0159 0)
(0.0055 0.0159 0)
(0.006 0.0159 0)
(0.0065 0.0159 0)
(0.007 0.0159 0)
(0.0075 0.0159 0)
(0.008 0.0159 0)
(0.0085 0.0159 0)
(0.009 0.0159 0)
(0.0095 0.0159 0)
(0.01 0.0159 0)
(0 0.0172 0)
(0.0005 0.0172 0)
(0.001 0.0172 0)
(0.0015 0.0172 0)
(0.002 0.0172 0)
(0.0025 0.0172 0)
(0.003 0.0172 0)
(0.0035 0.0172 0)
(0.004 0.0172 0)
(0.0045 0.0172 0)
(0.005 0.0172 0)
(0.0055 0.0172 0)
(0.006 0.0172 0)
(0.0065 0.0172 0)
(0.007 0.0172 0)
(0.0075 0.0172 0)
(0.008 0.0172 0)
(0.0085 0.0172 0)
(0.009 0.0172 0)
(0.0095 0.0172 0)
(0.01 0.0172 0)
(0 0.0185 0)
(0.0005 0.0185 0)
(0.001 0.0185 0)
(0.0015 0.0185 0)
(0.002 0.0185 0)
(0.0025 0.0185 0)
(0.003 0.0185 0)
(0.0035 0.0185 0)
(0.004 0.0185 0)
(0.0045 0.0185 0)
(0.005 0.0185 0)
(0.0055 0.0185 0)
(0.006 0.0185 0)
(0.0065 0.0185 0)
(0.007 0.0185 0)
(0.0075 0.0185 0)
(0.008 0.0185 0)
(0.0085 0.0185 0)
(0.009 0.0185 0)
(0.0095 0.0185 0)
(0.01 0.0185 0)
(0 0.0198 0)
(0.0005 0.0198 0)
(0.001 0.0198 0)
(0.0015 0.0198 0)
(0.002 0.0198 0)
(0.0025 0.0198 0)
(0.003 0.0198 0)
(0.0035 0.0198 0)
(0.004 0.0198 0)
(0.0045 0.0198 0)
(0.005 0.0198 0)
(0.0055 0.0198 0)
(0.006 0.0198 0)
(0.0065 0.0198 0)
(0.007 0.0198 0)
(0.0075 0.0198 0)
(0.008 0.0198 0)
(0.0085 0.0198 0)
(0.009 0.0198 0)
(0.0095 0.0198 0)
(0.01 0.0198 0)
(0 0.0211 0)
(0.0005 0.0211 0)
(0.001 0.0211 0)
(0.0015 0.0211 0)
(0.002 0.0211 0)
(0.0025 0.0211 0)
(0.003 0.0211 0)
(0.0035 0.0211 0)
(0.004 0.0211 0)
(0.0045 0.0211 0)
(0.005 0.0211 0)
(0.0055 0.0211 0)
(0.006 0.0211 0)
(0.0065 0.0211 0)
(0.007 0.0211 0)
(0.0075 0.0211 0)
(0.008 0.0211 0)
(0.0085 0.0211 0)
(0.009 0.0211 0)
(0.0095 0.0211 0)
(0.01 0.0211 0)
(0 0.0224 0)
(0.0005 0.0224 0)
(0.001 0.0224 0)
(0.0015 0.0224 0)
(0.002 0.0224 0)
(0.0025 0.0224 0)
(0.003 0.0224 0)
(0.0035 0.0224 0)
(0.004 0.0224 0)
(0.0045 0.0224 0)
(0.005 0.0224 0)
(0.0055 0.0224 0)
(0.006 0.0224 0)
(0.0065 0.0224 0)
(0.007 0.0224 0)
(0.0075 0.0224 0)
(0.008 0.0224 0)
(0.0085 0.0224 0)
(0.009 0.0224 0)
(0.0095 0.0224 0)
(0.01 0.0224 0)
(0 0.0237 0)
(0.0005 0.0237 0)
(0.001 0.0237 0)
(0.0015 0.0237 0)
(0.002 0.0237 0)
(0.0025 0.0237 0)
(0.003 0.0237 0)
(0.0035 0.0237 0)
(0.004 0.0237 0)
(0.0045 0.0237 0)
(0.005 0.0237 0)
(0.0055 0.0237 0)
(0.006 0.0237 0)
(0.0065 0.0237 0)
(0.007 0.0237 0)
(0.0075 0.0237 0)
(0.008 0.0237 0)
(0.0085 0.0237 0)
(0.009 0.0237 0)
(0.0095 0.0237 0)
(0.01 0.0237 0)
(0 0.025 0)
(0.0005 0.025 0)
(0.001 0.025 0)
(0.0015 0.025 0)
(0.002 0.025 0)
(0.0025 0.025 0)
(0.003 0.025 0)
(0.0035 0.025 0)
(0.004 0.025 0)
(0.0045 0.025 0)
(0.005 0.025 0)
(0.0055 0.025 0)
(0.006 0.025 0)
(0.0065 0.025 0)
(0.007 0.025 0)
(0.0075 0.025 0)
(0.008 0.025 0)
(0.0085 0.025 0)
(0.009 0.025 0)
(0.0095 0.025 0)
(0.01 0.025 0)
(0 0.0029 0.01)
(0.0005 0.0029 0.01)
(0.001 0.0029 0.01)
(0.0015 0.0029 0.01)
(0.002 0.0029 0.01)
(0.0025 0.0029 0.01)
(0.003 0.0029 0.01)
(0.0035 0.0029 0.01)
(0.004 0.0029 0.01)
(0.0045 0.0029 0.01)
(0.005 0.0029 0.01)
(0.0055 0.0029 0.01)
(0.006 0.0029 0.01)
(0.0065 0.0029 0.01)
(0.007 0.0029 0.01)
(0.0075 0.0029 0.01)
(0.008 0.0029 0.01)
(0.0085 0.0029 0.01)
(0.009 0.0029 0.01)
(0.0095 0.0029 0.01)
(0.01 0.0029 0.01)
(0 0.0042 0.01)
(0.0005 0.0042 0.01)
(0.001 0.0042 0.01)
(0.0015 0.0042 0.01)
(0.002 0.0042 0.01)
(0.0025 0.0042 0.01)
(0.003 0.0042 0.01)
(0.0035 0.0042 0.01)
(0.004 0.0042 0.01)
(0.0045 0.0042 0.01)
(0.005 0.0042 0.01)
(0.0055 0.0042 0.01)
(0.006 0.0042 0.01)
(0.0065 0.0042 0.01)
(0.007 0.0042 0.01)
(0.0075 0.0042 0.01)
(0.008 0.0042 0.01)
(0.0085 0.0042 0.01)
(0.009 0.0042 0.01)
(0.0095 0.0042 0.01)
(0.01 0.0042 0.01)
(0 0.0055 0.01)
(0.0005 0.0055 0.01)
(0.001 0.0055 0.01)
(0.0015 0.0055 0.01)
(0.002 0.0055 0.01)
(0.0025 0.0055 0.01)
(0.003 0.0055 0.01)
(0.0035 0.0055 0.01)
(0.004 0.0055 0.01)
(0.0045 0.0055 0.01)
(0.005 0.0055 0.01)
(0.0055 0.0055 0.01)
(0.006 0.0055 0.01)
(0.0065 0.0055 0.01)
(0.007 0.0055 0.01)
(0.0075 0.0055 0.01)
(0.008 0.0055 0.01)
(0.0085 0.0055 0.01)
(0.009 0.0055 0.01)
(0.0095 0.0055 0.01)
(0.01 0.0055 0.01)
(0 0.0068 0.01)
(0.0005 0.0068 0.01)
(0.001 0.0068 0.01)
(0.0015 0.0068 0.01)
(0.002 0.0068 0.01)
(0.0025 0.0068 0.01)
(0.003 0.0068 0.01)
(0.0035 0.0068 0.01)
(0.004 0.0068 0.01)
(0.0045 0.0068 0.01)
(0.005 0.0068 0.01)
(0.0055 0.0068 0.01)
(0.006 0.0068 0.01)
(0.0065 0.0068 0.01)
(0.007 0.0068 0.01)
(0.0075 0.0068 0.01)
(0.008 0.0068 0.01)
(0.0085 0.0068 0.01)
(0.009 0.0068 0.01)
(0.0095 0.0068 0.01)
(0.01 0.0068 0.01)
(0 0.0081 0.01)
(0.0005 0.0081 0.01)
(0.001 0.0081 0.01)
(0.0015 0.0081 0.01)
(0.002 0.0081 0.01)
(0.0025 0.0081 0.01)
(0.003 0.0081 0.01)
(0.0035 0.0081 0.01)
(0.004 0.0081 0.01)
(0.0045 0.0081 0.01)
(0.005 0.0081 0.01)
(0.0055 0.0081 0.01)
(0.006 0.0081 0.01)
(0.0065 0.0081 0.01)
(0.007 0.0081 0.01)
(0.0075 0.0081 0.01)
(0.008 0.0081 0.01)
(0.0085 0.0081 0.01)
(0.009 0.0081 0.01)
(0.0095 0.0081 0.01)
(0.01 0.0081 0.01)
(0 0.0094 0.01)
(0.0005 0.0094 0.01)
(0.001 0.0094 0.01)
(0.0015 0.0094 0.01)
(0.002 0.0094 0.01)
(0.0025 0.0094 0.01)
(0.003 0.0094 0.01)
(0.0035 0.0094 0.01)
(0.004 0.0094 0.01)
(0.0045 0.0094 0.01)
(0.005 0.0094 0.01)
(0.0055 0.0094 0.01)
(0.006 0.0094 0.01)
(0.0065 0.0094 0.01)
(0.007 0.0094 0.01)
(0.0075 0.0094 0.01)
(0.008 0.0094 0.01)
(0.0085 0.0094 0.01)
(0.009 0.0094 0.01)
(0.0095 0.0094 0.01)
(0.01 0.0094 0.01)
(0 0.0107 0.01)
(0.0005 0.0107 0.01)
(0.001 0.0107 0.01)
(0.0015 0.0107 0.01)
(0.002 0.0107 0.01)
(0.0025 0.0107 0.01)
(0.003 0.0107 0.01)
(0.0035 0.0107 0.01)
(0.004 0.0107 0.01)
(0.0045 0.0107 0.01)
(0.005 0.0107 0.01)
(0.0055 0.0107 0.01)
(0.006 0.0107 0.01)
(0.0065 0.0107 0.01)
(0.007 0.0107 0.01)
(0.0075 0.0107 0.01)
(0.008 0.0107 0.01)
(0.0085 0.0107 0.01)
(0.009 0.0107 0.01)
(0.0095 0.0107 0.01)
(0.01 0.0107 0.01)
(0 0.012 0.01)
(0.0005 0.012 0.01)
(0.001 0.012 0.01)
(0.0015 0.012 0.01)
(0.002 0.012 0.01)
(0.0025 0.012 0.01)
(0.003 0.012 0.01)
(0.0035 0.012 0.01)
(0.004 0.012 0.01)
(0.0045 0.012 0.01)
(0.005 0.012 0.01)
(0.0055 0.012 0.01)
(0.006 0.012 0.01)
(0.0065 0.012 0.01)
(0.007 0.012 0.01)
(0.0075 0.012 0.01)
(0.008 0.012 0.01)
(0.0085 0.012 0.01)
(0.009 0.012 0.01)
(0.0095 0.012 0.01)
(0.01 0.012 0.01)
(0 0.0133 0.01)
(0.0005 0.0133 0.01)
(0.001 0.0133 0.01)
(0.0015 0.0133 0.01)
(0.002 0.0133 0.01)
(0.0025 0.0133 0.01)
(0.003 0.0133 0.01)
(0.0035 0.0133 0.01)
(0.004 0.0133 0.01)
(0.0045 0.0133 0.01)
(0.005 0.0133 0.01)
(0.0055 0.0133 0.01)
(0.006 0.0133 0.01)
(0.0065 0.0133 0.01)
(0.007 0.0133 0.01)
(0.0075 0.0133 0.01)
(0.008 0.0133 0.01)
(0.0085 0.0133 0.01)
(0.009 0.0133 0.01)
(0.0095 0.0133 0.01)
(0.01 0.0133 0.01)
(0 0.0146 0.01)
(0.0005 0.0146 0.01)
(0.001 0.0146 0.01)
(0.0015 0.0146 0.01)
(0.002 0.0146 0.01)
(0.0025 0.0146 0.01)
(0.003 0.0146 0.01)
(0.0035 0.0146 0.01)
(0.004 0.0146 0.01)
(0.0045 0.0146 0.01)
(0.005 0.0146 0.01)
(0.0055 0.0146 0.01)
(0.006 0.0146 0.01)
(0.0065 0.0146 0.01)
(0.007 0.0146 0.01)
(0.0075 0.0146 0.01)
(0.008 0.0146 0.01)
(0.0085 0.0146 0.01)
(0.009 0.0146 0.01)
(0.0095 0.0146 0.01)
(0.01 0.0146 0.01)
(0 0.0159 0.01)
(0.0005 0.0159 0.01)
(0.001 0.0159 0.01)
(0.0015 0.0159 0.01)
(0.002 0.0159 0.01)
(0.0025 0.0159 0.01)
(0.003 0.0159 0.01)
(0.0035 0.0159 0.01)
(0.004 0.0159 0.01)
(0.0045 0.0159 0.01)
(0.005 0.0159 0.01)
(0.0055 0.0159 0.01)
(0.006 0.0159 0.01)
(0.0065 0.0159 0.01)
(0.007 0.0159 0.01)
(0.0075 0.0159 0.01)
(0.008 0.0159 0.01)
(0.0085 0.0159 0.01)
(0.009 0.0159 0.01)
(0.0095 0.0159 0.01)
(0.01 0.0159 0.01)
(0 0.0172 0.01)
(0.0005 0.0172 0.01)
(0.001 0.0172 0.01)
(0.0015 0.0172 0.01)
(0.002 0.0172 0.01)
(0.0025 0.0172 0.01)
(0.003 0.0172 0.01)
(0.0035 0.0172 0.01)
(0.004 0.0172 0.01)
(0.0045 0.0172 0.01)
(0.005 0.0172 0.01)
(0.0055 0.0172 0.01)
(0.006 0.0172 0.01)
(0.0065 0.0172 0.01)
(0.007 0.0172 0.01)
(0.0075 0.0172 0.01)
(0.008 0.0172 0.01)
(0.0085 0.0172 0.01)
(0.009 0.0172 0.01)
(0.0095 0.0172 0.01)
(0.01 0.0172 0.01)
(0 0.0185 0.01)
(0.0005 0.0185 0.01)
(0.001 0.0185 0.01)
(0.0015 0.0185 0.01)
(0.002 0.0185 0.01)
(0.0025 0.0185 0.01)
(0.003 0.0185 0.01)
(0.0035 0.0185 0.01)
(0.004 0.0185 0.01)
(0.0045 0.0185 0.01)
(0.005 0.0185 0.01)
(0.0055 0.0185 0.01)
(0.006 0.0185 0.01)
(0.0065 0.0185 0.01)
(0.007 0.0185 0.01)
(0.0075 0.0185 0.01)
(0.008 0.0185 0.01)
(0.0085 0.0185 0.01)
(0.009 0.0185 0.01)
(0.0095 0.0185 0.01)
(0.01 0.0185 0.01)
(0 0.0198 0.01)
(0.0005 0.0198 0.01)
(0.001 0.0198 0.01)
(0.0015 0.0198 0.01)
(0.002 0.0198 0.01)
(0.0025 0.0198 0.01)
(0.003 0.0198 0.01)
(0.0035 0.0198 0.01)
(0.004 0.0198 0.01)
(0.0045 0.0198 0.01)
(0.005 0.0198 0.01)
(0.0055 0.0198 0.01)
(0.006 0.0198 0.01)
(0.0065 0.0198 0.01)
(0.007 0.0198 0.01)
(0.0075 0.0198 0.01)
(0.008 0.0198 0.01)
(0.0085 0.0198 0.01)
(0.009 0.0198 0.01)
(0.0095 0.0198 0.01)
(0.01 0.0198 0.01)
(0 0.0211 0.01)
(0.0005 0.0211 0.01)
(0.001 0.0211 0.01)
(0.0015 0.0211 0.01)
(0.002 0.0211 0.01)
(0.0025 0.0211 0.01)
(0.003 0.0211 0.01)
(0.0035 0.0211 0.01)
(0.004 0.0211 0.01)
(0.0045 0.0211 0.01)
(0.005 0.0211 0.01)
(0.0055 0.0211 0.01)
(0.006 0.0211 0.01)
(0.0065 0.0211 0.01)
(0.007 0.0211 0.01)
(0.0075 0.0211 0.01)
(0.008 0.0211 0.01)
(0.0085 0.0211 0.01)
(0.009 0.0211 0.01)
(0.0095 0.0211 0.01)
(0.01 0.0211 0.01)
(0 0.0224 0.01)
(0.0005 0.0224 0.01)
(0.001 0.0224 0.01)
(0.0015 0.0224 0.01)
(0.002 0.0224 0.01)
(0.0025 0.0224 0.01)
(0.003 0.0224 0.01)
(0.0035 0.0224 0.01)
(0.004 0.0224 0.01)
(0.0045 0.0224 0.01)
(0.005 0.0224 0.01)
(0.0055 0.0224 0.01)
(0.006 0.0224 0.01)
(0.0065 0.0224 0.01)
(0.007 0.0224 0.01)
(0.0075 0.0224 0.01)
(0.008 0.0224 0.01)
(0.0085 0.0224 0.01)
(0.009 0.0224 0.01)
(0.0095 0.0224 0.01)
(0.01 0.0224 0.01)
(0 0.0237 0.01)
(0.0005 0.0237 0.01)
(0.001 0.0237 0.01)
(0.0015 0.0237 0.01)
(0.002 0.0237 0.01)
(0.0025 0.0237 0.01)
(0.003 0.0237 0.01)
(0.0035 0.0237 0.01)
(0.004 0.0237 0.01)
(0.0045 0.0237 0.01)
(0.005 0.0237 0.01)
(0.0055 0.0237 0.01)
(0.006 0.0237 0.01)
(0.0065 0.0237 0.01)
(0.007 0.0237 0.01)
(0.0075 0.0237 0.01)
(0.008 0.0237 0.01)
(0.0085 0.0237 0.01)
(0.009 0.0237 0.01)
(0.0095 0.0237 0.01)
(0.01 0.0237 0.01)
(0 0.025 0.01)
(0.0005 0.025 0.01)
(0.001 0.025 0.01)
(0.0015 0.025 0.01)
(0.002 0.025 0.01)
(0.0025 0.025 0.01)
(0.003 0.025 0.01)
(0.0035 0.025 0.01)
(0.004 0.025 0.01)
(0.0045 0.025 0.01)
(0.005 0.025 0.01)
(0.0055 0.025 0.01)
(0.006 0.025 0.01)
(0.0065 0.025 0.01)
(0.007 0.025 0.01)
(0.0075 0.025 0.01)
(0.008 0.025 0.01)
(0.0085 0.025 0.01)
(0.009 0.025 0.01)
(0.0095 0.025 0.01)
(0.01 0.025 0.01)
(0 0.02630711715 0)
(0.0005 0.02630711715 0)
(0.001 0.02630711715 0)
(0.0015 0.02630711715 0)
(0.002 0.02630711715 0)
(0.0025 0.02630711715 0)
(0.003 0.02630711715 0)
(0.0035 0.02630711715 0)
(0.004 0.02630711715 0)
(0.0045 0.02630711715 0)
(0.005 0.02630711715 0)
(0.0055 0.02630711715 0)
(0.006 0.02630711715 0)
(0.0065 0.02630711715 0)
(0.007 0.02630711715 0)
(0.0075 0.02630711715 0)
(0.008 0.02630711715 0)
(0.0085 0.02630711715 0)
(0.009 0.02630711715 0)
(0.0095 0.02630711715 0)
(0.01 0.02630711715 0)
(0 0.02767979121 0)
(0.0005 0.02767979121 0)
(0.001 0.02767979121 0)
(0.0015 0.02767979121 0)
(0.002 0.02767979121 0)
(0.0025 0.02767979121 0)
(0.003 0.02767979121 0)
(0.0035 0.02767979121 0)
(0.004 0.02767979121 0)
(0.0045 0.02767979121 0)
(0.005 0.02767979121 0)
(0.0055 0.02767979121 0)
(0.006 0.02767979121 0)
(0.0065 0.02767979121 0)
(0.007 0.02767979121 0)
(0.0075 0.02767979121 0)
(0.008 0.02767979121 0)
(0.0085 0.02767979121 0)
(0.009 0.02767979121 0)
(0.0095 0.02767979121 0)
(0.01 0.02767979121 0)
(0 0.0291213101 0)
(0.0005 0.0291213101 0)
(0.001 0.0291213101 0)
(0.0015 0.0291213101 0)
(0.002 0.0291213101 0)
(0.0025 0.0291213101 0)
(0.003 0.0291213101 0)
(0.0035 0.0291213101 0)
(0.004 0.0291213101 0)
(0.0045 0.0291213101 0)
(0.005 0.0291213101 0)
(0.0055 0.0291213101 0)
(0.006 0.0291213101 0)
(0.0065 0.0291213101 0)
(0.007 0.0291213101 0)
(0.0075 0.0291213101 0)
(0.008 0.0291213101 0)
(0.0085 0.0291213101 0)
(0.009 0.0291213101 0)
(0.0095 0.0291213101 0)
(0.01 0.0291213101 0)
(0 0.03063512665 0)
(0.0005 0.03063512665 0)
(0.001 0.03063512665 0)
(0.0015 0.03063512665 0)
(0.002 0.03063512665 0)
(0.0025 0.03063512665 0)
(0.003 0.03063512665 0)
(0.0035 0.03063512665 0)
(0.004 0.03063512665 0)
(0.0045 0.03063512665 0)
(0.005 0.03063512665 0)
(0.0055 0.03063512665 0)
(0.006 0.03063512665 0)
(0.0065 0.03063512665 0)
(0.007 0.03063512665 0)
(0.0075 0.03063512665 0)
(0.008 0.03063512665 0)
(0.0085 0.03063512665 0)
(0.009 0.03063512665 0)
(0.0095 0.03063512665 0)
(0.01 0.03063512665 0)
(0 0.03222486687 0)
(0.0005 0.03222486687 0)
(0.001 0.03222486687 0)
(0.0015 0.03222486687 0)
(0.002 0.03222486687 0)
(0.0025 0.03222486687 0)
(0.003 0.03222486687 0)
(0.0035 0.03222486687 0)
(0.004 0.03222486687 0)
(0.0045 0.03222486687 0)
(0.005 0.03222486687 0)
(0.0055 0.03222486687 0)
(0.006 0.03222486687 0)
(0.0065 0.03222486687 0)
(0.007 0.03222486687 0)
(0.0075 0.03222486687 0)
(0.008 0.03222486687 0)
(0.0085 0.03222486687 0)
(0.009 0.03222486687 0)
(0.0095 0.03222486687 0)
(0.01 0.03222486687 0)
(0 0.03389433862 0)
(0.0005 0.03389433862 0)
(0.001 0.03389433862 0)
(0.0015 0.03389433862 0)
(0.002 0.03389433862 0)
(0.0025 0.03389433862 0)
(0.003 0.03389433862 0)
(0.0035 0.03389433862 0)
(0.004 0.03389433862 0)
(0.0045 0.03389433862 0)
(0.005 0.03389433862 0)
(0.0055 0.03389433862 0)
(0.006 0.03389433862 0)
(0.0065 0.03389433862 0)
(0.007 0.03389433862 0)
(0.0075 0.03389433862 0)
(0.008 0.03389433862 0)
(0.0085 0.03389433862 0)
(0.009 0.03389433862 0)
(0.0095 0.03389433862 0)
(0.01 0.03389433862 0)
(0 0.03564754073 0)
(0.0005 0.03564754073 0)
(0.001 0.03564754073 0)
(0.0015 0.03564754073 0)
(0.002 0.03564754073 0)
(0.0025 0.03564754073 0)
(0.003 0.03564754073 0)
(0.0035 0.03564754073 0)
(0.004 0.03564754073 0)
(0.0045 0.03564754073 0)
(0.005 0.03564754073 0)
(0.0055 0.03564754073 0)
(0.006 0.03564754073 0)
(0.0065 0.03564754073 0)
(0.007 0.03564754073 0)
(0.0075 0.03564754073 0)
(0.008 0.03564754073 0)
(0.0085 0.03564754073 0)
(0.009 0.03564754073 0)
(0.0095 0.03564754073 0)
(0.01 0.03564754073 0)
(0 0.03748867261 0)
(0.0005 0.03748867261 0)
(0.001 0.03748867261 0)
(0.0015 0.03748867261 0)
(0.002 0.03748867261 0)
(0.0025 0.03748867261 0)
(0.003 0.03748867261 0)
(0.0035 0.03748867261 0)
(0.004 0.03748867261 0)
(0.0045 0.03748867261 0)
(0.005 0.03748867261 0)
(0.0055 0.03748867261 0)
(0.006 0.03748867261 0)
(0.0065 0.03748867261 0)
(0.007 0.03748867261 0)
(0.0075 0.03748867261 0)
(0.008 0.03748867261 0)
(0.0085 0.03748867261 0)
(0.009 0.03748867261 0)
(0.0095 0.03748867261 0)
(0.01 0.03748867261 0)
(0 0.03942214427 0)
(0.0005 0.03942214427 0)
(0.001 0.03942214427 0)
(0.0015 0.03942214427 0)
(0.002 0.03942214427 0)
(0.0025 0.03942214427 0)
(0.003 0.03942214427 0)
(0.0035 0.03942214427 0)
(0.004 0.03942214427 0)
(0.0045 0.03942214427 0)
(0.005 0.03942214427 0)
(0.0055 0.03942214427 0)
(0.006 0.03942214427 0)
(0.0065 0.03942214427 0)
(0.007 0.03942214427 0)
(0.0075 0.03942214427 0)
(0.008 0.03942214427 0)
(0.0085 0.03942214427 0)
(0.009 0.03942214427 0)
(0.0095 0.03942214427 0)
(0.01 0.03942214427 0)
(0 0.04145258689 0)
(0.0005 0.04145258689 0)
(0.001 0.04145258689 0)
(0.0015 0.04145258689 0)
(0.002 0.04145258689 0)
(0.0025 0.04145258689 0)
(0.003 0.04145258689 0)
(0.0035 0.04145258689 0)
(0.004 0.04145258689 0)
(0.0045 0.04145258689 0)
(0.005 0.04145258689 0)
(0.0055 0.04145258689 0)
(0.006 0.04145258689 0)
(0.0065 0.04145258689 0)
(0.007 0.04145258689 0)
(0.0075 0.04145258689 0)
(0.008 0.04145258689 0)
(0.0085 0.04145258689 0)
(0.009 0.04145258689 0)
(0.0095 0.04145258689 0)
(0.01 0.04145258689 0)
(0 0.04358486394 0)
(0.0005 0.04358486394 0)
(0.001 0.04358486394 0)
(0.0015 0.04358486394 0)
(0.002 0.04358486394 0)
(0.0025 0.04358486394 0)
(0.003 0.04358486394 0)
(0.0035 0.04358486394 0)
(0.004 0.04358486394 0)
(0.0045 0.04358486394 0)
(0.005 0.04358486394 0)
(0.0055 0.04358486394 0)
(0.006 0.04358486394 0)
(0.0065 0.04358486394 0)
(0.007 0.04358486394 0)
(0.0075 0.04358486394 0)
(0.008 0.04358486394 0)
(0.0085 0.04358486394 0)
(0.009 0.04358486394 0)
(0.0095 0.04358486394 0)
(0.01 0.04358486394 0)
(0 0.04582408281 0)
(0.0005 0.04582408281 0)
(0.001 0.04582408281 0)
(0.0015 0.04582408281 0)
(0.002 0.04582408281 0)
(0.0025 0.04582408281 0)
(0.003 0.04582408281 0)
(0.0035 0.04582408281 0)
(0.004 0.04582408281 0)
(0.0045 0.04582408281 0)
(0.005 0.04582408281 0)
(0.0055 0.04582408281 0)
(0.006 0.04582408281 0)
(0.0065 0.04582408281 0)
(0.007 0.04582408281 0)
(0.0075 0.04582408281 0)
(0.008 0.04582408281 0)
(0.0085 0.04582408281 0)
(0.009 0.04582408281 0)
(0.0095 0.04582408281 0)
(0.01 0.04582408281 0)
(0 0.04817560704 0)
(0.0005 0.04817560704 0)
(0.001 0.04817560704 0)
(0.0015 0.04817560704 0)
(0.002 0.04817560704 0)
(0.0025 0.04817560704 0)
(0.003 0.04817560704 0)
(0.0035 0.04817560704 0)
(0.004 0.04817560704 0)
(0.0045 0.04817560704 0)
(0.005 0.04817560704 0)
(0.0055 0.04817560704 0)
(0.006 0.04817560704 0)
(0.0065 0.04817560704 0)
(0.007 0.04817560704 0)
(0.0075 0.04817560704 0)
(0.008 0.04817560704 0)
(0.0085 0.04817560704 0)
(0.009 0.04817560704 0)
(0.0095 0.04817560704 0)
(0.01 0.04817560704 0)
(0 0.05064506916 0)
(0.0005 0.05064506916 0)
(0.001 0.05064506916 0)
(0.0015 0.05064506916 0)
(0.002 0.05064506916 0)
(0.0025 0.05064506916 0)
(0.003 0.05064506916 0)
(0.0035 0.05064506916 0)
(0.004 0.05064506916 0)
(0.0045 0.05064506916 0)
(0.005 0.05064506916 0)
(0.0055 0.05064506916 0)
(0.006 0.05064506916 0)
(0.0065 0.05064506916 0)
(0.007 0.05064506916 0)
(0.0075 0.05064506916 0)
(0.008 0.05064506916 0)
(0.0085 0.05064506916 0)
(0.009 0.05064506916 0)
(0.0095 0.05064506916 0)
(0.01 0.05064506916 0)
(0 0.05323838422 0)
(0.0005 0.05323838422 0)
(0.001 0.05323838422 0)
(0.0015 0.05323838422 0)
(0.002 0.05323838422 0)
(0.0025 0.05323838422 0)
(0.003 0.05323838422 0)
(0.0035 0.05323838422 0)
(0.004 0.05323838422 0)
(0.0045 0.05323838422 0)
(0.005 0.05323838422 0)
(0.0055 0.05323838422 0)
(0.006 0.05323838422 0)
(0.0065 0.05323838422 0)
(0.007 0.05323838422 0)
(0.0075 0.05323838422 0)
(0.008 0.05323838422 0)
(0.0085 0.05323838422 0)
(0.009 0.05323838422 0)
(0.0095 0.05323838422 0)
(0.01 0.05323838422 0)
(0 0.0559617639 0)
(0.0005 0.0559617639 0)
(0.001 0.0559617639 0)
(0.0015 0.0559617639 0)
(0.002 0.0559617639 0)
(0.0025 0.0559617639 0)
(0.003 0.0559617639 0)
(0.0035 0.0559617639 0)
(0.004 0.0559617639 0)
(0.0045 0.0559617639 0)
(0.005 0.0559617639 0)
(0.0055 0.0559617639 0)
(0.006 0.0559617639 0)
(0.0065 0.0559617639 0)
(0.007 0.0559617639 0)
(0.0075 0.0559617639 0)
(0.008 0.0559617639 0)
(0.0085 0.0559617639 0)
(0.009 0.0559617639 0)
(0.0095 0.0559617639 0)
(0.01 0.0559617639 0)
(0 0.05882173145 0)
(0.0005 0.05882173145 0)
(0.001 0.05882173145 0)
(0.0015 0.05882173145 0)
(0.002 0.05882173145 0)
(0.0025 0.05882173145 0)
(0.003 0.05882173145 0)
(0.0035 0.05882173145 0)
(0.004 0.05882173145 0)
(0.0045 0.05882173145 0)
(0.005 0.05882173145 0)
(0.0055 0.05882173145 0)
(0.006 0.05882173145 0)
(0.0065 0.05882173145 0)
(0.007 0.05882173145 0)
(0.0075 0.05882173145 0)
(0.008 0.05882173145 0)
(0.0085 0.05882173145 0)
(0.009 0.05882173145 0)
(0.0095 0.05882173145 0)
(0.01 0.05882173145 0)
(0 0.06182513726 0)
(0.0005 0.06182513726 0)
(0.001 0.06182513726 0)
(0.0015 0.06182513726 0)
(0.002 0.06182513726 0)
(0.0025 0.06182513726 0)
(0.003 0.06182513726 0)
(0.0035 0.06182513726 0)
(0.004 0.06182513726 0)
(0.0045 0.06182513726 0)
(0.005 0.06182513726 0)
(0.0055 0.06182513726 0)
(0.006 0.06182513726 0)
(0.0065 0.06182513726 0)
(0.007 0.06182513726 0)
(0.0075 0.06182513726 0)
(0.008 0.06182513726 0)
(0.0085 0.06182513726 0)
(0.009 0.06182513726 0)
(0.0095 0.06182513726 0)
(0.01 0.06182513726 0)
(0 0.06497917532 0)
(0.0005 0.06497917532 0)
(0.001 0.06497917532 0)
(0.0015 0.06497917532 0)
(0.002 0.06497917532 0)
(0.0025 0.06497917532 0)
(0.003 0.06497917532 0)
(0.0035 0.06497917532 0)
(0.004 0.06497917532 0)
(0.0045 0.06497917532 0)
(0.005 0.06497917532 0)
(0.0055 0.06497917532 0)
(0.006 0.06497917532 0)
(0.0065 0.06497917532 0)
(0.007 0.06497917532 0)
(0.0075 0.06497917532 0)
(0.008 0.06497917532 0)
(0.0085 0.06497917532 0)
(0.009 0.06497917532 0)
(0.0095 0.06497917532 0)
(0.01 0.06497917532 0)
(0 0.06829140039 0)
(0.0005 0.06829140039 0)
(0.001 0.06829140039 0)
(0.0015 0.06829140039 0)
(0.002 0.06829140039 0)
(0.0025 0.06829140039 0)
(0.003 0.06829140039 0)
(0.0035 0.06829140039 0)
(0.004 0.06829140039 0)
(0.0045 0.06829140039 0)
(0.005 0.06829140039 0)
(0.0055 0.06829140039 0)
(0.006 0.06829140039 0)
(0.0065 0.06829140039 0)
(0.007 0.06829140039 0)
(0.0075 0.06829140039 0)
(0.008 0.06829140039 0)
(0.0085 0.06829140039 0)
(0.009 0.06829140039 0)
(0.0095 0.06829140039 0)
(0.01 0.06829140039 0)
(0 0.07176974617 0)
(0.0005 0.07176974617 0)
(0.001 0.07176974617 0)
(0.0015 0.07176974617 0)
(0.002 0.07176974617 0)
(0.0025 0.07176974617 0)
(0.003 0.07176974617 0)
(0.0035 0.07176974617 0)
(0.004 0.07176974617 0)
(0.0045 0.07176974617 0)
(0.005 0.07176974617 0)
(0.0055 0.07176974617 0)
(0.006 0.07176974617 0)
(0.0065 0.07176974617 0)
(0.007 0.07176974617 0)
(0.0075 0.07176974617 0)
(0.008 0.07176974617 0)
(0.0085 0.07176974617 0)
(0.009 0.07176974617 0)
(0.0095 0.07176974617 0)
(0.01 0.07176974617 0)
(0 0.07542254424 0)
(0.0005 0.07542254424 0)
(0.001 0.07542254424 0)
(0.0015 0.07542254424 0)
(0.002 0.07542254424 0)
(0.0025 0.07542254424 0)
(0.003 0.07542254424 0)
(0.0035 0.07542254424 0)
(0.004 0.07542254424 0)
(0.0045 0.07542254424 0)
(0.005 0.07542254424 0)
(0.0055 0.07542254424 0)
(0.006 0.07542254424 0)
(0.0065 0.07542254424 0)
(0.007 0.07542254424 0)
(0.0075 0.07542254424 0)
(0.008 0.07542254424 0)
(0.0085 0.07542254424 0)
(0.009 0.07542254424 0)
(0.0095 0.07542254424 0)
(0.01 0.07542254424 0)
(0 0.07925854405 0)
(0.0005 0.07925854405 0)
(0.001 0.07925854405 0)
(0.0015 0.07925854405 0)
(0.002 0.07925854405 0)
(0.0025 0.07925854405 0)
(0.003 0.07925854405 0)
(0.0035 0.07925854405 0)
(0.004 0.07925854405 0)
(0.0045 0.07925854405 0)
(0.005 0.07925854405 0)
(0.0055 0.07925854405 0)
(0.006 0.07925854405 0)
(0.0065 0.07925854405 0)
(0.007 0.07925854405 0)
(0.0075 0.07925854405 0)
(0.008 0.07925854405 0)
(0.0085 0.07925854405 0)
(0.009 0.07925854405 0)
(0.0095 0.07925854405 0)
(0.01 0.07925854405 0)
(0 0.08328693386 0)
(0.0005 0.08328693386 0)
(0.001 0.08328693386 0)
(0.0015 0.08328693386 0)
(0.002 0.08328693386 0)
(0.0025 0.08328693386 0)
(0.003 0.08328693386 0)
(0.0035 0.08328693386 0)
(0.004 0.08328693386 0)
(0.0045 0.08328693386 0)
(0.005 0.08328693386 0)
(0.0055 0.08328693386 0)
(0.006 0.08328693386 0)
(0.0065 0.08328693386 0)
(0.007 0.08328693386 0)
(0.0075 0.08328693386 0)
(0.008 0.08328693386 0)
(0.0085 0.08328693386 0)
(0.009 0.08328693386 0)
(0.0095 0.08328693386 0)
(0.01 0.08328693386 0)
(0 0.08751736276 0)
(0.0005 0.08751736276 0)
(0.001 0.08751736276 0)
(0.0015 0.08751736276 0)
(0.002 0.08751736276 0)
(0.0025 0.08751736276 0)
(0.003 0.08751736276 0)
(0.0035 0.08751736276 0)
(0.004 0.08751736276 0)
(0.0045 0.08751736276 0)
(0.005 0.08751736276 0)
(0.0055 0.08751736276 0)
(0.006 0.08751736276 0)
(0.0065 0.08751736276 0)
(0.007 0.08751736276 0)
(0.0075 0.08751736276 0)
(0.008 0.08751736276 0)
(0.0085 0.08751736276 0)
(0.009 0.08751736276 0)
(0.0095 0.08751736276 0)
(0.01 0.08751736276 0)
(0 0.09195996379 0)
(0.0005 0.09195996379 0)
(0.001 0.09195996379 0)
(0.0015 0.09195996379 0)
(0.002 0.09195996379 0)
(0.0025 0.09195996379 0)
(0.003 0.09195996379 0)
(0.0035 0.09195996379 0)
(0.004 0.09195996379 0)
(0.0045 0.09195996379 0)
(0.005 0.09195996379 0)
(0.0055 0.09195996379 0)
(0.006 0.09195996379 0)
(0.0065 0.09195996379 0)
(0.007 0.09195996379 0)
(0.0075 0.09195996379 0)
(0.008 0.09195996379 0)
(0.0085 0.09195996379 0)
(0.009 0.09195996379 0)
(0.0095 0.09195996379 0)
(0.01 0.09195996379 0)
(0 0.09662537818 0)
(0.0005 0.09662537818 0)
(0.001 0.09662537818 0)
(0.0015 0.09662537818 0)
(0.002 0.09662537818 0)
(0.0025 0.09662537818 0)
(0.003 0.09662537818 0)
(0.0035 0.09662537818 0)
(0.004 0.09662537818 0)
(0.0045 0.09662537818 0)
(0.005 0.09662537818 0)
(0.0055 0.09662537818 0)
(0.006 0.09662537818 0)
(0.0065 0.09662537818 0)
(0.007 0.09662537818 0)
(0.0075 0.09662537818 0)
(0.008 0.09662537818 0)
(0.0085 0.09662537818 0)
(0.009 0.09662537818 0)
(0.0095 0.09662537818 0)
(0.01 0.09662537818 0)
(0 0.1015247809 0)
(0.0005 0.1015247809 0)
(0.001 0.1015247809 0)
(0.0015 0.1015247809 0)
(0.002 0.1015247809 0)
(0.0025 0.1015247809 0)
(0.003 0.1015247809 0)
(0.0035 0.1015247809 0)
(0.004 0.1015247809 0)
(0.0045 0.1015247809 0)
(0.005 0.1015247809 0)
(0.0055 0.1015247809 0)
(0.006 0.1015247809 0)
(0.0065 0.1015247809 0)
(0.007 0.1015247809 0)
(0.0075 0.1015247809 0)
(0.008 0.1015247809 0)
(0.0085 0.1015247809 0)
(0.009 0.1015247809 0)
(0.0095 0.1015247809 0)
(0.01 0.1015247809 0)
(0 0.1066699073 0)
(0.0005 0.1066699073 0)
(0.001 0.1066699073 0)
(0.0015 0.1066699073 0)
(0.002 0.1066699073 0)
(0.0025 0.1066699073 0)
(0.003 0.1066699073 0)
(0.0035 0.1066699073 0)
(0.004 0.1066699073 0)
(0.0045 0.1066699073 0)
(0.005 0.1066699073 0)
(0.0055 0.1066699073 0)
(0.006 0.1066699073 0)
(0.0065 0.1066699073 0)
(0.007 0.1066699073 0)
(0.0075 0.1066699073 0)
(0.008 0.1066699073 0)
(0.0085 0.1066699073 0)
(0.009 0.1066699073 0)
(0.0095 0.1066699073 0)
(0.01 0.1066699073 0)
(0 0.1120730814 0)
(0.0005 0.1120730814 0)
(0.001 0.1120730814 0)
(0.0015 0.1120730814 0)
(0.002 0.1120730814 0)
(0.0025 0.1120730814 0)
(0.003 0.1120730814 0)
(0.0035 0.1120730814 0)
(0.004 0.1120730814 0)
(0.0045 0.1120730814 0)
(0.005 0.1120730814 0)
(0.0055 0.1120730814 0)
(0.006 0.1120730814 0)
(0.0065 0.1120730814 0)
(0.007 0.1120730814 0)
(0.0075 0.1120730814 0)
(0.008 0.1120730814 0)
(0.0085 0.1120730814 0)
(0.009 0.1120730814 0)
(0.0095 0.1120730814 0)
(0.01 0.1120730814 0)
(0 0.1177472452 0)
(0.0005 0.1177472452 0)
(0.001 0.1177472452 0)
(0.0015 0.1177472452 0)
(0.002 0.1177472452 0)
(0.0025 0.1177472452 0)
(0.003 0.1177472452 0)
(0.0035 0.1177472452 0)
(0.004 0.1177472452 0)
(0.0045 0.1177472452 0)
(0.005 0.1177472452 0)
(0.0055 0.1177472452 0)
(0.006 0.1177472452 0)
(0.0065 0.1177472452 0)
(0.007 0.1177472452 0)
(0.0075 0.1177472452 0)
(0.008 0.1177472452 0)
(0.0085 0.1177472452 0)
(0.009 0.1177472452 0)
(0.0095 0.1177472452 0)
(0.01 0.1177472452 0)
(0 0.12370599 0)
(0.0005 0.12370599 0)
(0.001 0.12370599 0)
(0.0015 0.12370599 0)
(0.002 0.12370599 0)
(0.0025 0.12370599 0)
(0.003 0.12370599 0)
(0.0035 0.12370599 0)
(0.004 0.12370599 0)
(0.0045 0.12370599 0)
(0.005 0.12370599 0)
(0.0055 0.12370599 0)
(0.006 0.12370599 0)
(0.0065 0.12370599 0)
(0.007 0.12370599 0)
(0.0075 0.12370599 0)
(0.008 0.12370599 0)
(0.0085 0.12370599 0)
(0.009 0.12370599 0)
(0.0095 0.12370599 0)
(0.01 0.12370599 0)
(0 0.1299635885 0)
(0.0005 0.1299635885 0)
(0.001 0.1299635885 0)
(0.0015 0.1299635885 0)
(0.002 0.1299635885 0)
(0.0025 0.1299635885 0)
(0.003 0.1299635885 0)
(0.0035 0.1299635885 0)
(0.004 0.1299635885 0)
(0.0045 0.1299635885 0)
(0.005 0.1299635885 0)
(0.0055 0.1299635885 0)
(0.006 0.1299635885 0)
(0.0065 0.1299635885 0)
(0.007 0.1299635885 0)
(0.0075 0.1299635885 0)
(0.008 0.1299635885 0)
(0.0085 0.1299635885 0)
(0.009 0.1299635885 0)
(0.0095 0.1299635885 0)
(0.01 0.1299635885 0)
(0 0.1365350294 0)
(0.0005 0.1365350294 0)
(0.001 0.1365350294 0)
(0.0015 0.1365350294 0)
(0.002 0.1365350294 0)
(0.0025 0.1365350294 0)
(0.003 0.1365350294 0)
(0.0035 0.1365350294 0)
(0.004 0.1365350294 0)
(0.0045 0.1365350294 0)
(0.005 0.1365350294 0)
(0.0055 0.1365350294 0)
(0.006 0.1365350294 0)
(0.0065 0.1365350294 0)
(0.007 0.1365350294 0)
(0.0075 0.1365350294 0)
(0.008 0.1365350294 0)
(0.0085 0.1365350294 0)
(0.009 0.1365350294 0)
(0.0095 0.1365350294 0)
(0.01 0.1365350294 0)
(0 0.1434360531 0)
(0.0005 0.1434360531 0)
(0.001 0.1434360531 0)
(0.0015 0.1434360531 0)
(0.002 0.1434360531 0)
(0.0025 0.1434360531 0)
(0.003 0.1434360531 0)
(0.0035 0.1434360531 0)
(0.004 0.1434360531 0)
(0.0045 0.1434360531 0)
(0.005 0.1434360531 0)
(0.0055 0.1434360531 0)
(0.006 0.1434360531 0)
(0.0065 0.1434360531 0)
(0.007 0.1434360531 0)
(0.0075 0.1434360531 0)
(0.008 0.1434360531 0)
(0.0085 0.1434360531 0)
(0.009 0.1434360531 0)
(0.0095 0.1434360531 0)
(0.01 0.1434360531 0)
(0 0.1506831895 0)
(0.0005 0.1506831895 0)
(0.001 0.1506831895 0)
(0.0015 0.1506831895 0)
(0.002 0.1506831895 0)
(0.0025 0.1506831895 0)
(0.003 0.1506831895 0)
(0.0035 0.1506831895 0)
(0.004 0.1506831895 0)
(0.0045 0.1506831895 0)
(0.005 0.1506831895 0)
(0.0055 0.1506831895 0)
(0.006 0.1506831895 0)
(0.0065 0.1506831895 0)
(0.007 0.1506831895 0)
(0.0075 0.1506831895 0)
(0.008 0.1506831895 0)
(0.0085 0.1506831895 0)
(0.009 0.1506831895 0)
(0.0095 0.1506831895 0)
(0.01 0.1506831895 0)
(0 0.1582937973 0)
(0.0005 0.1582937973 0)
(0.001 0.1582937973 0)
(0.0015 0.1582937973 0)
(0.002 0.1582937973 0)
(0.0025 0.1582937973 0)
(0.003 0.1582937973 0)
(0.0035 0.1582937973 0)
(0.004 0.1582937973 0)
(0.0045 0.1582937973 0)
(0.005 0.1582937973 0)
(0.0055 0.1582937973 0)
(0.006 0.1582937973 0)
(0.0065 0.1582937973 0)
(0.007 0.1582937973 0)
(0.0075 0.1582937973 0)
(0.008 0.1582937973 0)
(0.0085 0.1582937973 0)
(0.009 0.1582937973 0)
(0.0095 0.1582937973 0)
(0.01 0.1582937973 0)
(0 0.1662861061 0)
(0.0005 0.1662861061 0)
(0.001 0.1662861061 0)
(0.0015 0.1662861061 0)
(0.002 0.1662861061 0)
(0.0025 0.1662861061 0)
(0.003 0.1662861061 0)
(0.0035 0.1662861061 0)
(0.004 0.1662861061 0)
(0.0045 0.1662861061 0)
(0.005 0.1662861061 0)
(0.0055 0.1662861061 0)
(0.006 0.1662861061 0)
(0.0065 0.1662861061 0)
(0.007 0.1662861061 0)
(0.0075 0.1662861061 0)
(0.008 0.1662861061 0)
(0.0085 0.1662861061 0)
(0.009 0.1662861061 0)
(0.0095 0.1662861061 0)
(0.01 0.1662861061 0)
(0 0.1746792597 0)
(0.0005 0.1746792597 0)
(0.001 0.1746792597 0)
(0.0015 0.1746792597 0)
(0.002 0.1746792597 0)
(0.0025 0.1746792597 0)
(0.003 0.1746792597 0)
(0.0035 0.1746792597 0)
(0.004 0.1746792597 0)
(0.0045 0.1746792597 0)
(0.005 0.1746792597 0)
(0.0055 0.1746792597 0)
(0.006 0.1746792597 0)
(0.0065 0.1746792597 0)
(0.007 0.1746792597 0)
(0.0075 0.1746792597 0)
(0.008 0.1746792597 0)
(0.0085 0.1746792597 0)
(0.009 0.1746792597 0)
(0.0095 0.1746792597 0)
(0.01 0.1746792597 0)
(0 0.1834933618 0)
(0.0005 0.1834933618 0)
(0.001 0.1834933618 0)
(0.0015 0.1834933618 0)
(0.002 0.1834933618 0)
(0.0025 0.1834933618 0)
(0.003 0.1834933618 0)
(0.0035 0.1834933618 0)
(0.004 0.1834933618 0)
(0.0045 0.1834933618 0)
(0.005 0.1834933618 0)
(0.0055 0.1834933618 0)
(0.006 0.1834933618 0)
(0.0065 0.1834933618 0)
(0.007 0.1834933618 0)
(0.0075 0.1834933618 0)
(0.008 0.1834933618 0)
(0.0085 0.1834933618 0)
(0.009 0.1834933618 0)
(0.0095 0.1834933618 0)
(0.01 0.1834933618 0)
(0 0.1927495248 0)
(0.0005 0.1927495248 0)
(0.001 0.1927495248 0)
(0.0015 0.1927495248 0)
(0.002 0.1927495248 0)
(0.0025 0.1927495248 0)
(0.003 0.1927495248 0)
(0.0035 0.1927495248 0)
(0.004 0.1927495248 0)
(0.0045 0.1927495248 0)
(0.005 0.1927495248 0)
(0.0055 0.1927495248 0)
(0.006 0.1927495248 0)
(0.0065 0.1927495248 0)
(0.007 0.1927495248 0)
(0.0075 0.1927495248 0)
(0.008 0.1927495248 0)
(0.0085 0.1927495248 0)
(0.009 0.1927495248 0)
(0.0095 0.1927495248 0)
(0.01 0.1927495248 0)
(0 0.2024699196 0)
(0.0005 0.2024699196 0)
(0.001 0.2024699196 0)
(0.0015 0.2024699196 0)
(0.002 0.2024699196 0)
(0.0025 0.2024699196 0)
(0.003 0.2024699196 0)
(0.0035 0.2024699196 0)
(0.004 0.2024699196 0)
(0.0045 0.2024699196 0)
(0.005 0.2024699196 0)
(0.0055 0.2024699196 0)
(0.006 0.2024699196 0)
(0.0065 0.2024699196 0)
(0.007 0.2024699196 0)
(0.0075 0.2024699196 0)
(0.008 0.2024699196 0)
(0.0085 0.2024699196 0)
(0.009 0.2024699196 0)
(0.0095 0.2024699196 0)
(0.01 0.2024699196 0)
(0 0.2126778292 0)
(0.0005 0.2126778292 0)
(0.001 0.2126778292 0)
(0.0015 0.2126778292 0)
(0.002 0.2126778292 0)
(0.0025 0.2126778292 0)
(0.003 0.2126778292 0)
(0.0035 0.2126778292 0)
(0.004 0.2126778292 0)
(0.0045 0.2126778292 0)
(0.005 0.2126778292 0)
(0.0055 0.2126778292 0)
(0.006 0.2126778292 0)
(0.0065 0.2126778292 0)
(0.007 0.2126778292 0)
(0.0075 0.2126778292 0)
(0.008 0.2126778292 0)
(0.0085 0.2126778292 0)
(0.009 0.2126778292 0)
(0.0095 0.2126778292 0)
(0.01 0.2126778292 0)
(0 0.2233977043 0)
(0.0005 0.2233977043 0)
(0.001 0.2233977043 0)
(0.0015 0.2233977043 0)
(0.002 0.2233977043 0)
(0.0025 0.2233977043 0)
(0.003 0.2233977043 0)
(0.0035 0.2233977043 0)
(0.004 0.2233977043 0)
(0.0045 0.2233977043 0)
(0.005 0.2233977043 0)
(0.0055 0.2233977043 0)
(0.006 0.2233977043 0)
(0.0065 0.2233977043 0)
(0.007 0.2233977043 0)
(0.0075 0.2233977043 0)
(0.008 0.2233977043 0)
(0.0085 0.2233977043 0)
(0.009 0.2233977043 0)
(0.0095 0.2233977043 0)
(0.01 0.2233977043 0)
(0 0.234655222 0)
(0.0005 0.234655222 0)
(0.001 0.234655222 0)
(0.0015 0.234655222 0)
(0.002 0.234655222 0)
(0.0025 0.234655222 0)
(0.003 0.234655222 0)
(0.0035 0.234655222 0)
(0.004 0.234655222 0)
(0.0045 0.234655222 0)
(0.005 0.234655222 0)
(0.0055 0.234655222 0)
(0.006 0.234655222 0)
(0.0065 0.234655222 0)
(0.007 0.234655222 0)
(0.0075 0.234655222 0)
(0.008 0.234655222 0)
(0.0085 0.234655222 0)
(0.009 0.234655222 0)
(0.0095 0.234655222 0)
(0.01 0.234655222 0)
(0 0.2464773472 0)
(0.0005 0.2464773472 0)
(0.001 0.2464773472 0)
(0.0015 0.2464773472 0)
(0.002 0.2464773472 0)
(0.0025 0.2464773472 0)
(0.003 0.2464773472 0)
(0.0035 0.2464773472 0)
(0.004 0.2464773472 0)
(0.0045 0.2464773472 0)
(0.005 0.2464773472 0)
(0.0055 0.2464773472 0)
(0.006 0.2464773472 0)
(0.0065 0.2464773472 0)
(0.007 0.2464773472 0)
(0.0075 0.2464773472 0)
(0.008 0.2464773472 0)
(0.0085 0.2464773472 0)
(0.009 0.2464773472 0)
(0.0095 0.2464773472 0)
(0.01 0.2464773472 0)
(0 0.2588923969 0)
(0.0005 0.2588923969 0)
(0.001 0.2588923969 0)
(0.0015 0.2588923969 0)
(0.002 0.2588923969 0)
(0.0025 0.2588923969 0)
(0.003 0.2588923969 0)
(0.0035 0.2588923969 0)
(0.004 0.2588923969 0)
(0.0045 0.2588923969 0)
(0.005 0.2588923969 0)
(0.0055 0.2588923969 0)
(0.006 0.2588923969 0)
(0.0065 0.2588923969 0)
(0.007 0.2588923969 0)
(0.0075 0.2588923969 0)
(0.008 0.2588923969 0)
(0.0085 0.2588923969 0)
(0.009 0.2588923969 0)
(0.0095 0.2588923969 0)
(0.01 0.2588923969 0)
(0 0.2719301086 0)
(0.0005 0.2719301086 0)
(0.001 0.2719301086 0)
(0.0015 0.2719301086 0)
(0.002 0.2719301086 0)
(0.0025 0.2719301086 0)
(0.003 0.2719301086 0)
(0.0035 0.2719301086 0)
(0.004 0.2719301086 0)
(0.0045 0.2719301086 0)
(0.005 0.2719301086 0)
(0.0055 0.2719301086 0)
(0.006 0.2719301086 0)
(0.0065 0.2719301086 0)
(0.007 0.2719301086 0)
(0.0075 0.2719301086 0)
(0.008 0.2719301086 0)
(0.0085 0.2719301086 0)
(0.009 0.2719301086 0)
(0.0095 0.2719301086 0)
(0.01 0.2719301086 0)
(0 0.2856217113 0)
(0.0005 0.2856217113 0)
(0.001 0.2856217113 0)
(0.0015 0.2856217113 0)
(0.002 0.2856217113 0)
(0.0025 0.2856217113 0)
(0.003 0.2856217113 0)
(0.0035 0.2856217113 0)
(0.004 0.2856217113 0)
(0.0045 0.2856217113 0)
(0.005 0.2856217113 0)
(0.0055 0.2856217113 0)
(0.006 0.2856217113 0)
(0.0065 0.2856217113 0)
(0.007 0.2856217113 0)
(0.0075 0.2856217113 0)
(0.008 0.2856217113 0)
(0.0085 0.2856217113 0)
(0.009 0.2856217113 0)
(0.0095 0.2856217113 0)
(0.01 0.2856217113 0)
(0 0.3 0)
(0.0005 0.3 0)
(0.001 0.3 0)
(0.0015 0.3 0)
(0.002 0.3 0)
(0.0025 0.3 0)
(0.003 0.3 0)
(0.0035 0.3 0)
(0.004 0.3 0)
(0.0045 0.3 0)
(0.005 0.3 0)
(0.0055 0.3 0)
(0.006 0.3 0)
(0.0065 0.3 0)
(0.007 0.3 0)
(0.0075 0.3 0)
(0.008 0.3 0)
(0.0085 0.3 0)
(0.009 0.3 0)
(0.0095 0.3 0)
(0.01 0.3 0)
(0 0.02630711715 0.01)
(0.0005 0.02630711715 0.01)
(0.001 0.02630711715 0.01)
(0.0015 0.02630711715 0.01)
(0.002 0.02630711715 0.01)
(0.0025 0.02630711715 0.01)
(0.003 0.02630711715 0.01)
(0.0035 0.02630711715 0.01)
(0.004 0.02630711715 0.01)
(0.0045 0.02630711715 0.01)
(0.005 0.02630711715 0.01)
(0.0055 0.02630711715 0.01)
(0.006 0.02630711715 0.01)
(0.0065 0.02630711715 0.01)
(0.007 0.02630711715 0.01)
(0.0075 0.02630711715 0.01)
(0.008 0.02630711715 0.01)
(0.0085 0.02630711715 0.01)
(0.009 0.02630711715 0.01)
(0.0095 0.02630711715 0.01)
(0.01 0.02630711715 0.01)
(0 0.02767979121 0.01)
(0.0005 0.02767979121 0.01)
(0.001 0.02767979121 0.01)
(0.0015 0.02767979121 0.01)
(0.002 0.02767979121 0.01)
(0.0025 0.02767979121 0.01)
(0.003 0.02767979121 0.01)
(0.0035 0.02767979121 0.01)
(0.004 0.02767979121 0.01)
(0.0045 0.02767979121 0.01)
(0.005 0.02767979121 0.01)
(0.0055 0.02767979121 0.01)
(0.006 0.02767979121 0.01)
(0.0065 0.02767979121 0.01)
(0.007 0.02767979121 0.01)
(0.0075 0.02767979121 0.01)
(0.008 0.02767979121 0.01)
(0.0085 0.02767979121 0.01)
(0.009 0.02767979121 0.01)
(0.0095 0.02767979121 0.01)
(0.01 0.02767979121 0.01)
(0 0.0291213101 0.01)
(0.0005 0.0291213101 0.01)
(0.001 0.0291213101 0.01)
(0.0015 0.0291213101 0.01)
(0.002 0.0291213101 0.01)
(0.0025 0.0291213101 0.01)
(0.003 0.0291213101 0.01)
(0.0035 0.0291213101 0.01)
(0.004 0.0291213101 0.01)
(0.0045 0.0291213101 0.01)
(0.005 0.0291213101 0.01)
(0.0055 0.0291213101 0.01)
(0.006 0.0291213101 0.01)
(0.0065 0.0291213101 0.01)
(0.007 0.0291213101 0.01)
(0.0075 0.0291213101 0.01)
(0.008 0.0291213101 0.01)
(0.0085 0.0291213101 0.01)
(0.009 0.0291213101 0.01)
(0.0095 0.0291213101 0.01)
(0.01 0.0291213101 0.01)
(0 0.03063512665 0.01)
(0.0005 0.03063512665 0.01)
(0.001 0.03063512665 0.01)
(0.0015 0.03063512665 0.01)
(0.002 0.03063512665 0.01)
(0.0025 0.03063512665 0.01)
(0.003 0.03063512665 0.01)
(0.0035 0.03063512665 0.01)
(0.004 0.03063512665 0.01)
(0.0045 0.03063512665 0.01)
(0.005 0.03063512665 0.01)
(0.0055 0.03063512665 0.01)
(0.006 0.03063512665 0.01)
(0.0065 0.03063512665 0.01)
(0.007 0.03063512665 0.01)
(0.0075 0.03063512665 0.01)
(0.008 0.03063512665 0.01)
(0.0085 0.03063512665 0.01)
(0.009 0.03063512665 0.01)
(0.0095 0.03063512665 0.01)
(0.01 0.03063512665 0.01)
(0 0.03222486687 0.01)
(0.0005 0.03222486687 0.01)
(0.001 0.03222486687 0.01)
(0.0015 0.03222486687 0.01)
(0.002 0.03222486687 0.01)
(0.0025 0.03222486687 0.01)
(0.003 0.03222486687 0.01)
(0.0035 0.03222486687 0.01)
(0.004 0.03222486687 0.01)
(0.0045 0.03222486687 0.01)
(0.005 0.03222486687 0.01)
(0.0055 0.03222486687 0.01)
(0.006 0.03222486687 0.01)
(0.0065 0.03222486687 0.01)
(0.007 0.03222486687 0.01)
(0.0075 0.03222486687 0.01)
(0.008 0.03222486687 0.01)
(0.0085 0.03222486687 0.01)
(0.009 0.03222486687 0.01)
(0.0095 0.03222486687 0.01)
(0.01 0.03222486687 0.01)
(0 0.03389433862 0.01)
(0.0005 0.03389433862 0.01)
(0.001 0.03389433862 0.01)
(0.0015 0.03389433862 0.01)
(0.002 0.03389433862 0.01)
(0.0025 0.03389433862 0.01)
(0.003 0.03389433862 0.01)
(0.0035 0.03389433862 0.01)
(0.004 0.03389433862 0.01)
(0.0045 0.03389433862 0.01)
(0.005 0.03389433862 0.01)
(0.0055 0.03389433862 0.01)
(0.006 0.03389433862 0.01)
(0.0065 0.03389433862 0.01)
(0.007 0.03389433862 0.01)
(0.0075 0.03389433862 0.01)
(0.008 0.03389433862 0.01)
(0.0085 0.03389433862 0.01)
(0.009 0.03389433862 0.01)
(0.0095 0.03389433862 0.01)
(0.01 0.03389433862 0.01)
(0 0.03564754073 0.01)
(0.0005 0.03564754073 0.01)
(0.001 0.03564754073 0.01)
(0.0015 0.03564754073 0.01)
(0.002 0.03564754073 0.01)
(0.0025 0.03564754073 0.01)
(0.003 0.03564754073 0.01)
(0.0035 0.03564754073 0.01)
(0.004 0.03564754073 0.01)
(0.0045 0.03564754073 0.01)
(0.005 0.03564754073 0.01)
(0.0055 0.03564754073 0.01)
(0.006 0.03564754073 0.01)
(0.0065 0.03564754073 0.01)
(0.007 0.03564754073 0.01)
(0.0075 0.03564754073 0.01)
(0.008 0.03564754073 0.01)
(0.0085 0.03564754073 0.01)
(0.009 0.03564754073 0.01)
(0.0095 0.03564754073 0.01)
(0.01 0.03564754073 0.01)
(0 0.03748867261 0.01)
(0.0005 0.03748867261 0.01)
(0.001 0.03748867261 0.01)
(0.0015 0.03748867261 0.01)
(0.002 0.03748867261 0.01)
(0.0025 0.03748867261 0.01)
(0.003 0.03748867261 0.01)
(0.0035 0.03748867261 0.01)
(0.004 0.03748867261 0.01)
(0.0045 0.03748867261 0.01)
(0.005 0.03748867261 0.01)
(0.0055 0.03748867261 0.01)
(0.006 0.03748867261 0.01)
(0.0065 0.03748867261 0.01)
(0.007 0.03748867261 0.01)
(0.0075 0.03748867261 0.01)
(0.008 0.03748867261 0.01)
(0.0085 0.03748867261 0.01)
(0.009 0.03748867261 0.01)
(0.0095 0.03748867261 0.01)
(0.01 0.03748867261 0.01)
(0 0.03942214427 0.01)
(0.0005 0.03942214427 0.01)
(0.001 0.03942214427 0.01)
(0.0015 0.03942214427 0.01)
(0.002 0.03942214427 0.01)
(0.0025 0.03942214427 0.01)
(0.003 0.03942214427 0.01)
(0.0035 0.03942214427 0.01)
(0.004 0.03942214427 0.01)
(0.0045 0.03942214427 0.01)
(0.005 0.03942214427 0.01)
(0.0055 0.03942214427 0.01)
(0.006 0.03942214427 0.01)
(0.0065 0.03942214427 0.01)
(0.007 0.03942214427 0.01)
(0.0075 0.03942214427 0.01)
(0.008 0.03942214427 0.01)
(0.0085 0.03942214427 0.01)
(0.009 0.03942214427 0.01)
(0.0095 0.03942214427 0.01)
(0.01 0.03942214427 0.01)
(0 0.04145258689 0.01)
(0.0005 0.04145258689 0.01)
(0.001 0.04145258689 0.01)
(0.0015 0.04145258689 0.01)
(0.002 0.04145258689 0.01)
(0.0025 0.04145258689 0.01)
(0.003 0.04145258689 0.01)
(0.0035 0.04145258689 0.01)
(0.004 0.04145258689 0.01)
(0.0045 0.04145258689 0.01)
(0.005 0.04145258689 0.01)
(0.0055 0.04145258689 0.01)
(0.006 0.04145258689 0.01)
(0.0065 0.04145258689 0.01)
(0.007 0.04145258689 0.01)
(0.0075 0.04145258689 0.01)
(0.008 0.04145258689 0.01)
(0.0085 0.04145258689 0.01)
(0.009 0.04145258689 0.01)
(0.0095 0.04145258689 0.01)
(0.01 0.04145258689 0.01)
(0 0.04358486394 0.01)
(0.0005 0.04358486394 0.01)
(0.001 0.04358486394 0.01)
(0.0015 0.04358486394 0.01)
(0.002 0.04358486394 0.01)
(0.0025 0.04358486394 0.01)
(0.003 0.04358486394 0.01)
(0.0035 0.04358486394 0.01)
(0.004 0.04358486394 0.01)
(0.0045 0.04358486394 0.01)
(0.005 0.04358486394 0.01)
(0.0055 0.04358486394 0.01)
(0.006 0.04358486394 0.01)
(0.0065 0.04358486394 0.01)
(0.007 0.04358486394 0.01)
(0.0075 0.04358486394 0.01)
(0.008 0.04358486394 0.01)
(0.0085 0.04358486394 0.01)
(0.009 0.04358486394 0.01)
(0.0095 0.04358486394 0.01)
(0.01 0.04358486394 0.01)
(0 0.04582408281 0.01)
(0.0005 0.04582408281 0.01)
(0.001 0.04582408281 0.01)
(0.0015 0.04582408281 0.01)
(0.002 0.04582408281 0.01)
(0.0025 0.04582408281 0.01)
(0.003 0.04582408281 0.01)
(0.0035 0.04582408281 0.01)
(0.004 0.04582408281 0.01)
(0.0045 0.04582408281 0.01)
(0.005 0.04582408281 0.01)
(0.0055 0.04582408281 0.01)
(0.006 0.04582408281 0.01)
(0.0065 0.04582408281 0.01)
(0.007 0.04582408281 0.01)
(0.0075 0.04582408281 0.01)
(0.008 0.04582408281 0.01)
(0.0085 0.04582408281 0.01)
(0.009 0.04582408281 0.01)
(0.0095 0.04582408281 0.01)
(0.01 0.04582408281 0.01)
(0 0.04817560704 0.01)
(0.0005 0.04817560704 0.01)
(0.001 0.04817560704 0.01)
(0.0015 0.04817560704 0.01)
(0.002 0.04817560704 0.01)
(0.0025 0.04817560704 0.01)
(0.003 0.04817560704 0.01)
(0.0035 0.04817560704 0.01)
(0.004 0.04817560704 0.01)
(0.0045 0.04817560704 0.01)
(0.005 0.04817560704 0.01)
(0.0055 0.04817560704 0.01)
(0.006 0.04817560704 0.01)
(0.0065 0.04817560704 0.01)
(0.007 0.04817560704 0.01)
(0.0075 0.04817560704 0.01)
(0.008 0.04817560704 0.01)
(0.0085 0.04817560704 0.01)
(0.009 0.04817560704 0.01)
(0.0095 0.04817560704 0.01)
(0.01 0.04817560704 0.01)
(0 0.05064506916 0.01)
(0.0005 0.05064506916 0.01)
(0.001 0.05064506916 0.01)
(0.0015 0.05064506916 0.01)
(0.002 0.05064506916 0.01)
(0.0025 0.05064506916 0.01)
(0.003 0.05064506916 0.01)
(0.0035 0.05064506916 0.01)
(0.004 0.05064506916 0.01)
(0.0045 0.05064506916 0.01)
(0.005 0.05064506916 0.01)
(0.0055 0.05064506916 0.01)
(0.006 0.05064506916 0.01)
(0.0065 0.05064506916 0.01)
(0.007 0.05064506916 0.01)
(0.0075 0.05064506916 0.01)
(0.008 0.05064506916 0.01)
(0.0085 0.05064506916 0.01)
(0.009 0.05064506916 0.01)
(0.0095 0.05064506916 0.01)
(0.01 0.05064506916 0.01)
(0 0.05323838422 0.01)
(0.0005 0.05323838422 0.01)
(0.001 0.05323838422 0.01)
(0.0015 0.05323838422 0.01)
(0.002 0.05323838422 0.01)
(0.0025 0.05323838422 0.01)
(0.003 0.05323838422 0.01)
(0.0035 0.05323838422 0.01)
(0.004 0.05323838422 0.01)
(0.0045 0.05323838422 0.01)
(0.005 0.05323838422 0.01)
(0.0055 0.05323838422 0.01)
(0.006 0.05323838422 0.01)
(0.0065 0.05323838422 0.01)
(0.007 0.05323838422 0.01)
(0.0075 0.05323838422 0.01)
(0.008 0.05323838422 0.01)
(0.0085 0.05323838422 0.01)
(0.009 0.05323838422 0.01)
(0.0095 0.05323838422 0.01)
(0.01 0.05323838422 0.01)
(0 0.0559617639 0.01)
(0.0005 0.0559617639 0.01)
(0.001 0.0559617639 0.01)
(0.0015 0.0559617639 0.01)
(0.002 0.0559617639 0.01)
(0.0025 0.0559617639 0.01)
(0.003 0.0559617639 0.01)
(0.0035 0.0559617639 0.01)
(0.004 0.0559617639 0.01)
(0.0045 0.0559617639 0.01)
(0.005 0.0559617639 0.01)
(0.0055 0.0559617639 0.01)
(0.006 0.0559617639 0.01)
(0.0065 0.0559617639 0.01)
(0.007 0.0559617639 0.01)
(0.0075 0.0559617639 0.01)
(0.008 0.0559617639 0.01)
(0.0085 0.0559617639 0.01)
(0.009 0.0559617639 0.01)
(0.0095 0.0559617639 0.01)
(0.01 0.0559617639 0.01)
(0 0.05882173145 0.01)
(0.0005 0.05882173145 0.01)
(0.001 0.05882173145 0.01)
(0.0015 0.05882173145 0.01)
(0.002 0.05882173145 0.01)
(0.0025 0.05882173145 0.01)
(0.003 0.05882173145 0.01)
(0.0035 0.05882173145 0.01)
(0.004 0.05882173145 0.01)
(0.0045 0.05882173145 0.01)
(0.005 0.05882173145 0.01)
(0.0055 0.05882173145 0.01)
(0.006 0.05882173145 0.01)
(0.0065 0.05882173145 0.01)
(0.007 0.05882173145 0.01)
(0.0075 0.05882173145 0.01)
(0.008 0.05882173145 0.01)
(0.0085 0.05882173145 0.01)
(0.009 0.05882173145 0.01)
(0.0095 0.05882173145 0.01)
(0.01 0.05882173145 0.01)
(0 0.06182513726 0.01)
(0.0005 0.06182513726 0.01)
(0.001 0.06182513726 0.01)
(0.0015 0.06182513726 0.01)
(0.002 0.06182513726 0.01)
(0.0025 0.06182513726 0.01)
(0.003 0.06182513726 0.01)
(0.0035 0.06182513726 0.01)
(0.004 0.06182513726 0.01)
(0.0045 0.06182513726 0.01)
(0.005 0.06182513726 0.01)
(0.0055 0.06182513726 0.01)
(0.006 0.06182513726 0.01)
(0.0065 0.06182513726 0.01)
(0.007 0.06182513726 0.01)
(0.0075 0.06182513726 0.01)
(0.008 0.06182513726 0.01)
(0.0085 0.06182513726 0.01)
(0.009 0.06182513726 0.01)
(0.0095 0.06182513726 0.01)
(0.01 0.06182513726 0.01)
(0 0.06497917532 0.01)
(0.0005 0.06497917532 0.01)
(0.001 0.06497917532 0.01)
(0.0015 0.06497917532 0.01)
(0.002 0.06497917532 0.01)
(0.0025 0.06497917532 0.01)
(0.003 0.06497917532 0.01)
(0.0035 0.06497917532 0.01)
(0.004 0.06497917532 0.01)
(0.0045 0.06497917532 0.01)
(0.005 0.06497917532 0.01)
(0.0055 0.06497917532 0.01)
(0.006 0.06497917532 0.01)
(0.0065 0.06497917532 0.01)
(0.007 0.06497917532 0.01)
(0.0075 0.06497917532 0.01)
(0.008 0.06497917532 0.01)
(0.0085 0.06497917532 0.01)
(0.009 0.06497917532 0.01)
(0.0095 0.06497917532 0.01)
(0.01 0.06497917532 0.01)
(0 0.06829140039 0.01)
(0.0005 0.06829140039 0.01)
(0.001 0.06829140039 0.01)
(0.0015 0.06829140039 0.01)
(0.002 0.06829140039 0.01)
(0.0025 0.06829140039 0.01)
(0.003 0.06829140039 0.01)
(0.0035 0.06829140039 0.01)
(0.004 0.06829140039 0.01)
(0.0045 0.06829140039 0.01)
(0.005 0.06829140039 0.01)
(0.0055 0.06829140039 0.01)
(0.006 0.06829140039 0.01)
(0.0065 0.06829140039 0.01)
(0.007 0.06829140039 0.01)
(0.0075 0.06829140039 0.01)
(0.008 0.06829140039 0.01)
(0.0085 0.06829140039 0.01)
(0.009 0.06829140039 0.01)
(0.0095 0.06829140039 0.01)
(0.01 0.06829140039 0.01)
(0 0.07176974617 0.01)
(0.0005 0.07176974617 0.01)
(0.001 0.07176974617 0.01)
(0.0015 0.07176974617 0.01)
(0.002 0.07176974617 0.01)
(0.0025 0.07176974617 0.01)
(0.003 0.07176974617 0.01)
(0.0035 0.07176974617 0.01)
(0.004 0.07176974617 0.01)
(0.0045 0.07176974617 0.01)
(0.005 0.07176974617 0.01)
(0.0055 0.07176974617 0.01)
(0.006 0.07176974617 0.01)
(0.0065 0.07176974617 0.01)
(0.007 0.07176974617 0.01)
(0.0075 0.07176974617 0.01)
(0.008 0.07176974617 0.01)
(0.0085 0.07176974617 0.01)
(0.009 0.07176974617 0.01)
(0.0095 0.07176974617 0.01)
(0.01 0.07176974617 0.01)
(0 0.07542254424 0.01)
(0.0005 0.07542254424 0.01)
(0.001 0.07542254424 0.01)
(0.0015 0.07542254424 0.01)
(0.002 0.07542254424 0.01)
(0.0025 0.07542254424 0.01)
(0.003 0.07542254424 0.01)
(0.0035 0.07542254424 0.01)
(0.004 0.07542254424 0.01)
(0.0045 0.07542254424 0.01)
(0.005 0.07542254424 0.01)
(0.0055 0.07542254424 0.01)
(0.006 0.07542254424 0.01)
(0.0065 0.07542254424 0.01)
(0.007 0.07542254424 0.01)
(0.0075 0.07542254424 0.01)
(0.008 0.07542254424 0.01)
(0.0085 0.07542254424 0.01)
(0.009 0.07542254424 0.01)
(0.0095 0.07542254424 0.01)
(0.01 0.07542254424 0.01)
(0 0.07925854405 0.01)
(0.0005 0.07925854405 0.01)
(0.001 0.07925854405 0.01)
(0.0015 0.07925854405 0.01)
(0.002 0.07925854405 0.01)
(0.0025 0.07925854405 0.01)
(0.003 0.07925854405 0.01)
(0.0035 0.07925854405 0.01)
(0.004 0.07925854405 0.01)
(0.0045 0.07925854405 0.01)
(0.005 0.07925854405 0.01)
(0.0055 0.07925854405 0.01)
(0.006 0.07925854405 0.01)
(0.0065 0.07925854405 0.01)
(0.007 0.07925854405 0.01)
(0.0075 0.07925854405 0.01)
(0.008 0.07925854405 0.01)
(0.0085 0.07925854405 0.01)
(0.009 0.07925854405 0.01)
(0.0095 0.07925854405 0.01)
(0.01 0.07925854405 0.01)
(0 0.08328693386 0.01)
(0.0005 0.08328693386 0.01)
(0.001 0.08328693386 0.01)
(0.0015 0.08328693386 0.01)
(0.002 0.08328693386 0.01)
(0.0025 0.08328693386 0.01)
(0.003 0.08328693386 0.01)
(0.0035 0.08328693386 0.01)
(0.004 0.08328693386 0.01)
(0.0045 0.08328693386 0.01)
(0.005 0.08328693386 0.01)
(0.0055 0.08328693386 0.01)
(0.006 0.08328693386 0.01)
(0.0065 0.08328693386 0.01)
(0.007 0.08328693386 0.01)
(0.0075 0.08328693386 0.01)
(0.008 0.08328693386 0.01)
(0.0085 0.08328693386 0.01)
(0.009 0.08328693386 0.01)
(0.0095 0.08328693386 0.01)
(0.01 0.08328693386 0.01)
(0 0.08751736276 0.01)
(0.0005 0.08751736276 0.01)
(0.001 0.08751736276 0.01)
(0.0015 0.08751736276 0.01)
(0.002 0.08751736276 0.01)
(0.0025 0.08751736276 0.01)
(0.003 0.08751736276 0.01)
(0.0035 0.08751736276 0.01)
(0.004 0.08751736276 0.01)
(0.0045 0.08751736276 0.01)
(0.005 0.08751736276 0.01)
(0.0055 0.08751736276 0.01)
(0.006 0.08751736276 0.01)
(0.0065 0.08751736276 0.01)
(0.007 0.08751736276 0.01)
(0.0075 0.08751736276 0.01)
(0.008 0.08751736276 0.01)
(0.0085 0.08751736276 0.01)
(0.009 0.08751736276 0.01)
(0.0095 0.08751736276 0.01)
(0.01 0.08751736276 0.01)
(0 0.09195996379 0.01)
(0.0005 0.09195996379 0.01)
(0.001 0.09195996379 0.01)
(0.0015 0.09195996379 0.01)
(0.002 0.09195996379 0.01)
(0.0025 0.09195996379 0.01)
(0.003 0.09195996379 0.01)
(0.0035 0.09195996379 0.01)
(0.004 0.09195996379 0.01)
(0.0045 0.09195996379 0.01)
(0.005 0.09195996379 0.01)
(0.0055 0.09195996379 0.01)
(0.006 0.09195996379 0.01)
(0.0065 0.09195996379 0.01)
(0.007 0.09195996379 0.01)
(0.0075 0.09195996379 0.01)
(0.008 0.09195996379 0.01)
(0.0085 0.09195996379 0.01)
(0.009 0.09195996379 0.01)
(0.0095 0.09195996379 0.01)
(0.01 0.09195996379 0.01)
(0 0.09662537818 0.01)
(0.0005 0.09662537818 0.01)
(0.001 0.09662537818 0.01)
(0.0015 0.09662537818 0.01)
(0.002 0.09662537818 0.01)
(0.0025 0.09662537818 0.01)
(0.003 0.09662537818 0.01)
(0.0035 0.09662537818 0.01)
(0.004 0.09662537818 0.01)
(0.0045 0.09662537818 0.01)
(0.005 0.09662537818 0.01)
(0.0055 0.09662537818 0.01)
(0.006 0.09662537818 0.01)
(0.0065 0.09662537818 0.01)
(0.007 0.09662537818 0.01)
(0.0075 0.09662537818 0.01)
(0.008 0.09662537818 0.01)
(0.0085 0.09662537818 0.01)
(0.009 0.09662537818 0.01)
(0.0095 0.09662537818 0.01)
(0.01 0.09662537818 0.01)
(0 0.1015247809 0.01)
(0.0005 0.1015247809 0.01)
(0.001 0.1015247809 0.01)
(0.0015 0.1015247809 0.01)
(0.002 0.1015247809 0.01)
(0.0025 0.1015247809 0.01)
(0.003 0.1015247809 0.01)
(0.0035 0.1015247809 0.01)
(0.004 0.1015247809 0.01)
(0.0045 0.1015247809 0.01)
(0.005 0.1015247809 0.01)
(0.0055 0.1015247809 0.01)
(0.006 0.1015247809 0.01)
(0.0065 0.1015247809 0.01)
(0.007 0.1015247809 0.01)
(0.0075 0.1015247809 0.01)
(0.008 0.1015247809 0.01)
(0.0085 0.1015247809 0.01)
(0.009 0.1015247809 0.01)
(0.0095 0.1015247809 0.01)
(0.01 0.1015247809 0.01)
(0 0.1066699073 0.01)
(0.0005 0.1066699073 0.01)
(0.001 0.1066699073 0.01)
(0.0015 0.1066699073 0.01)
(0.002 0.1066699073 0.01)
(0.0025 0.1066699073 0.01)
(0.003 0.1066699073 0.01)
(0.0035 0.1066699073 0.01)
(0.004 0.1066699073 0.01)
(0.0045 0.1066699073 0.01)
(0.005 0.1066699073 0.01)
(0.0055 0.1066699073 0.01)
(0.006 0.1066699073 0.01)
(0.0065 0.1066699073 0.01)
(0.007 0.1066699073 0.01)
(0.0075 0.1066699073 0.01)
(0.008 0.1066699073 0.01)
(0.0085 0.1066699073 0.01)
(0.009 0.1066699073 0.01)
(0.0095 0.1066699073 0.01)
(0.01 0.1066699073 0.01)
(0 0.1120730814 0.01)
(0.0005 0.1120730814 0.01)
(0.001 0.1120730814 0.01)
(0.0015 0.1120730814 0.01)
(0.002 0.1120730814 0.01)
(0.0025 0.1120730814 0.01)
(0.003 0.1120730814 0.01)
(0.0035 0.1120730814 0.01)
(0.004 0.1120730814 0.01)
(0.0045 0.1120730814 0.01)
(0.005 0.1120730814 0.01)
(0.0055 0.1120730814 0.01)
(0.006 0.1120730814 0.01)
(0.0065 0.1120730814 0.01)
(0.007 0.1120730814 0.01)
(0.0075 0.1120730814 0.01)
(0.008 0.1120730814 0.01)
(0.0085 0.1120730814 0.01)
(0.009 0.1120730814 0.01)
(0.0095 0.1120730814 0.01)
(0.01 0.1120730814 0.01)
(0 0.1177472452 0.01)
(0.0005 0.1177472452 0.01)
(0.001 0.1177472452 0.01)
(0.0015 0.1177472452 0.01)
(0.002 0.1177472452 0.01)
(0.0025 0.1177472452 0.01)
(0.003 0.1177472452 0.01)
(0.0035 0.1177472452 0.01)
(0.004 0.1177472452 0.01)
(0.0045 0.1177472452 0.01)
(0.005 0.1177472452 0.01)
(0.0055 0.1177472452 0.01)
(0.006 0.1177472452 0.01)
(0.0065 0.1177472452 0.01)
(0.007 0.1177472452 0.01)
(0.0075 0.1177472452 0.01)
(0.008 0.1177472452 0.01)
(0.0085 0.1177472452 0.01)
(0.009 0.1177472452 0.01)
(0.0095 0.1177472452 0.01)
(0.01 0.1177472452 0.01)
(0 0.12370599 0.01)
(0.0005 0.12370599 0.01)
(0.001 0.12370599 0.01)
(0.0015 0.12370599 0.01)
(0.002 0.12370599 0.01)
(0.0025 0.12370599 0.01)
(0.003 0.12370599 0.01)
(0.0035 0.12370599 0.01)
(0.004 0.12370599 0.01)
(0.0045 0.12370599 0.01)
(0.005 0.12370599 0.01)
(0.0055 0.12370599 0.01)
(0.006 0.12370599 0.01)
(0.0065 0.12370599 0.01)
(0.007 0.12370599 0.01)
(0.0075 0.12370599 0.01)
(0.008 0.12370599 0.01)
(0.0085 0.12370599 0.01)
(0.009 0.12370599 0.01)
(0.0095 0.12370599 0.01)
(0.01 0.12370599 0.01)
(0 0.1299635885 0.01)
(0.0005 0.1299635885 0.01)
(0.001 0.1299635885 0.01)
(0.0015 0.1299635885 0.01)
(0.002 0.1299635885 0.01)
(0.0025 0.1299635885 0.01)
(0.003 0.1299635885 0.01)
(0.0035 0.1299635885 0.01)
(0.004 0.1299635885 0.01)
(0.0045 0.1299635885 0.01)
(0.005 0.1299635885 0.01)
(0.0055 0.1299635885 0.01)
(0.006 0.1299635885 0.01)
(0.0065 0.1299635885 0.01)
(0.007 0.1299635885 0.01)
(0.0075 0.1299635885 0.01)
(0.008 0.1299635885 0.01)
(0.0085 0.1299635885 0.01)
(0.009 0.1299635885 0.01)
(0.0095 0.1299635885 0.01)
(0.01 0.1299635885 0.01)
(0 0.1365350294 0.01)
(0.0005 0.1365350294 0.01)
(0.001 0.1365350294 0.01)
(0.0015 0.1365350294 0.01)
(0.002 0.1365350294 0.01)
(0.0025 0.1365350294 0.01)
(0.003 0.1365350294 0.01)
(0.0035 0.1365350294 0.01)
(0.004 0.1365350294 0.01)
(0.0045 0.1365350294 0.01)
(0.005 0.1365350294 0.01)
(0.0055 0.1365350294 0.01)
(0.006 0.1365350294 0.01)
(0.0065 0.1365350294 0.01)
(0.007 0.1365350294 0.01)
(0.0075 0.1365350294 0.01)
(0.008 0.1365350294 0.01)
(0.0085 0.1365350294 0.01)
(0.009 0.1365350294 0.01)
(0.0095 0.1365350294 0.01)
(0.01 0.1365350294 0.01)
(0 0.1434360531 0.01)
(0.0005 0.1434360531 0.01)
(0.001 0.1434360531 0.01)
(0.0015 0.1434360531 0.01)
(0.002 0.1434360531 0.01)
(0.0025 0.1434360531 0.01)
(0.003 0.1434360531 0.01)
(0.0035 0.1434360531 0.01)
(0.004 0.1434360531 0.01)
(0.0045 0.1434360531 0.01)
(0.005 0.1434360531 0.01)
(0.0055 0.1434360531 0.01)
(0.006 0.1434360531 0.01)
(0.0065 0.1434360531 0.01)
(0.007 0.1434360531 0.01)
(0.0075 0.1434360531 0.01)
(0.008 0.1434360531 0.01)
(0.0085 0.1434360531 0.01)
(0.009 0.1434360531 0.01)
(0.0095 0.1434360531 0.01)
(0.01 0.1434360531 0.01)
(0 0.1506831895 0.01)
(0.0005 0.1506831895 0.01)
(0.001 0.1506831895 0.01)
(0.0015 0.1506831895 0.01)
(0.002 0.1506831895 0.01)
(0.0025 0.1506831895 0.01)
(0.003 0.1506831895 0.01)
(0.0035 0.1506831895 0.01)
(0.004 0.1506831895 0.01)
(0.0045 0.1506831895 0.01)
(0.005 0.1506831895 0.01)
(0.0055 0.1506831895 0.01)
(0.006 0.1506831895 0.01)
(0.0065 0.1506831895 0.01)
(0.007 0.1506831895 0.01)
(0.0075 0.1506831895 0.01)
(0.008 0.1506831895 0.01)
(0.0085 0.1506831895 0.01)
(0.009 0.1506831895 0.01)
(0.0095 0.1506831895 0.01)
(0.01 0.1506831895 0.01)
(0 0.1582937973 0.01)
(0.0005 0.1582937973 0.01)
(0.001 0.1582937973 0.01)
(0.0015 0.1582937973 0.01)
(0.002 0.1582937973 0.01)
(0.0025 0.1582937973 0.01)
(0.003 0.1582937973 0.01)
(0.0035 0.1582937973 0.01)
(0.004 0.1582937973 0.01)
(0.0045 0.1582937973 0.01)
(0.005 0.1582937973 0.01)
(0.0055 0.1582937973 0.01)
(0.006 0.1582937973 0.01)
(0.0065 0.1582937973 0.01)
(0.007 0.1582937973 0.01)
(0.0075 0.1582937973 0.01)
(0.008 0.1582937973 0.01)
(0.0085 0.1582937973 0.01)
(0.009 0.1582937973 0.01)
(0.0095 0.1582937973 0.01)
(0.01 0.1582937973 0.01)
(0 0.1662861061 0.01)
(0.0005 0.1662861061 0.01)
(0.001 0.1662861061 0.01)
(0.0015 0.1662861061 0.01)
(0.002 0.1662861061 0.01)
(0.0025 0.1662861061 0.01)
(0.003 0.1662861061 0.01)
(0.0035 0.1662861061 0.01)
(0.004 0.1662861061 0.01)
(0.0045 0.1662861061 0.01)
(0.005 0.1662861061 0.01)
(0.0055 0.1662861061 0.01)
(0.006 0.1662861061 0.01)
(0.0065 0.1662861061 0.01)
(0.007 0.1662861061 0.01)
(0.0075 0.1662861061 0.01)
(0.008 0.1662861061 0.01)
(0.0085 0.1662861061 0.01)
(0.009 0.1662861061 0.01)
(0.0095 0.1662861061 0.01)
(0.01 0.1662861061 0.01)
(0 0.1746792597 0.01)
(0.0005 0.1746792597 0.01)
(0.001 0.1746792597 0.01)
(0.0015 0.1746792597 0.01)
(0.002 0.1746792597 0.01)
(0.0025 0.1746792597 0.01)
(0.003 0.1746792597 0.01)
(0.0035 0.1746792597 0.01)
(0.004 0.1746792597 0.01)
(0.0045 0.1746792597 0.01)
(0.005 0.1746792597 0.01)
(0.0055 0.1746792597 0.01)
(0.006 0.1746792597 0.01)
(0.0065 0.1746792597 0.01)
(0.007 0.1746792597 0.01)
(0.0075 0.1746792597 0.01)
(0.008 0.1746792597 0.01)
(0.0085 0.1746792597 0.01)
(0.009 0.1746792597 0.01)
(0.0095 0.1746792597 0.01)
(0.01 0.1746792597 0.01)
(0 0.1834933618 0.01)
(0.0005 0.1834933618 0.01)
(0.001 0.1834933618 0.01)
(0.0015 0.1834933618 0.01)
(0.002 0.1834933618 0.01)
(0.0025 0.1834933618 0.01)
(0.003 0.1834933618 0.01)
(0.0035 0.1834933618 0.01)
(0.004 0.1834933618 0.01)
(0.0045 0.1834933618 0.01)
(0.005 0.1834933618 0.01)
(0.0055 0.1834933618 0.01)
(0.006 0.1834933618 0.01)
(0.0065 0.1834933618 0.01)
(0.007 0.1834933618 0.01)
(0.0075 0.1834933618 0.01)
(0.008 0.1834933618 0.01)
(0.0085 0.1834933618 0.01)
(0.009 0.1834933618 0.01)
(0.0095 0.1834933618 0.01)
(0.01 0.1834933618 0.01)
(0 0.1927495248 0.01)
(0.0005 0.1927495248 0.01)
(0.001 0.1927495248 0.01)
(0.0015 0.1927495248 0.01)
(0.002 0.1927495248 0.01)
(0.0025 0.1927495248 0.01)
(0.003 0.1927495248 0.01)
(0.0035 0.1927495248 0.01)
(0.004 0.1927495248 0.01)
(0.0045 0.1927495248 0.01)
(0.005 0.1927495248 0.01)
(0.0055 0.1927495248 0.01)
(0.006 0.1927495248 0.01)
(0.0065 0.1927495248 0.01)
(0.007 0.1927495248 0.01)
(0.0075 0.1927495248 0.01)
(0.008 0.1927495248 0.01)
(0.0085 0.1927495248 0.01)
(0.009 0.1927495248 0.01)
(0.0095 0.1927495248 0.01)
(0.01 0.1927495248 0.01)
(0 0.2024699196 0.01)
(0.0005 0.2024699196 0.01)
(0.001 0.2024699196 0.01)
(0.0015 0.2024699196 0.01)
(0.002 0.2024699196 0.01)
(0.0025 0.2024699196 0.01)
(0.003 0.2024699196 0.01)
(0.0035 0.2024699196 0.01)
(0.004 0.2024699196 0.01)
(0.0045 0.2024699196 0.01)
(0.005 0.2024699196 0.01)
(0.0055 0.2024699196 0.01)
(0.006 0.2024699196 0.01)
(0.0065 0.2024699196 0.01)
(0.007 0.2024699196 0.01)
(0.0075 0.2024699196 0.01)
(0.008 0.2024699196 0.01)
(0.0085 0.2024699196 0.01)
(0.009 0.2024699196 0.01)
(0.0095 0.2024699196 0.01)
(0.01 0.2024699196 0.01)
(0 0.2126778292 0.01)
(0.0005 0.2126778292 0.01)
(0.001 0.2126778292 0.01)
(0.0015 0.2126778292 0.01)
(0.002 0.2126778292 0.01)
(0.0025 0.2126778292 0.01)
(0.003 0.2126778292 0.01)
(0.0035 0.2126778292 0.01)
(0.004 0.2126778292 0.01)
(0.0045 0.2126778292 0.01)
(0.005 0.2126778292 0.01)
(0.0055 0.2126778292 0.01)
(0.006 0.2126778292 0.01)
(0.0065 0.2126778292 0.01)
(0.007 0.2126778292 0.01)
(0.0075 0.2126778292 0.01)
(0.008 0.2126778292 0.01)
(0.0085 0.2126778292 0.01)
(0.009 0.2126778292 0.01)
(0.0095 0.2126778292 0.01)
(0.01 0.2126778292 0.01)
(0 0.2233977043 0.01)
(0.0005 0.2233977043 0.01)
(0.001 0.2233977043 0.01)
(0.0015 0.2233977043 0.01)
(0.002 0.2233977043 0.01)
(0.0025 0.2233977043 0.01)
(0.003 0.2233977043 0.01)
(0.0035 0.2233977043 0.01)
(0.004 0.2233977043 0.01)
(0.0045 0.2233977043 0.01)
(0.005 0.2233977043 0.01)
(0.0055 0.2233977043 0.01)
(0.006 0.2233977043 0.01)
(0.0065 0.2233977043 0.01)
(0.007 0.2233977043 0.01)
(0.0075 0.2233977043 0.01)
(0.008 0.2233977043 0.01)
(0.0085 0.2233977043 0.01)
(0.009 0.2233977043 0.01)
(0.0095 0.2233977043 0.01)
(0.01 0.2233977043 0.01)
(0 0.234655222 0.01)
(0.0005 0.234655222 0.01)
(0.001 0.234655222 0.01)
(0.0015 0.234655222 0.01)
(0.002 0.234655222 0.01)
(0.0025 0.234655222 0.01)
(0.003 0.234655222 0.01)
(0.0035 0.234655222 0.01)
(0.004 0.234655222 0.01)
(0.0045 0.234655222 0.01)
(0.005 0.234655222 0.01)
(0.0055 0.234655222 0.01)
(0.006 0.234655222 0.01)
(0.0065 0.234655222 0.01)
(0.007 0.234655222 0.01)
(0.0075 0.234655222 0.01)
(0.008 0.234655222 0.01)
(0.0085 0.234655222 0.01)
(0.009 0.234655222 0.01)
(0.0095 0.234655222 0.01)
(0.01 0.234655222 0.01)
(0 0.2464773472 0.01)
(0.0005 0.2464773472 0.01)
(0.001 0.2464773472 0.01)
(0.0015 0.2464773472 0.01)
(0.002 0.2464773472 0.01)
(0.0025 0.2464773472 0.01)
(0.003 0.2464773472 0.01)
(0.0035 0.2464773472 0.01)
(0.004 0.2464773472 0.01)
(0.0045 0.2464773472 0.01)
(0.005 0.2464773472 0.01)
(0.0055 0.2464773472 0.01)
(0.006 0.2464773472 0.01)
(0.0065 0.2464773472 0.01)
(0.007 0.2464773472 0.01)
(0.0075 0.2464773472 0.01)
(0.008 0.2464773472 0.01)
(0.0085 0.2464773472 0.01)
(0.009 0.2464773472 0.01)
(0.0095 0.2464773472 0.01)
(0.01 0.2464773472 0.01)
(0 0.2588923969 0.01)
(0.0005 0.2588923969 0.01)
(0.001 0.2588923969 0.01)
(0.0015 0.2588923969 0.01)
(0.002 0.2588923969 0.01)
(0.0025 0.2588923969 0.01)
(0.003 0.2588923969 0.01)
(0.0035 0.2588923969 0.01)
(0.004 0.2588923969 0.01)
(0.0045 0.2588923969 0.01)
(0.005 0.2588923969 0.01)
(0.0055 0.2588923969 0.01)
(0.006 0.2588923969 0.01)
(0.0065 0.2588923969 0.01)
(0.007 0.2588923969 0.01)
(0.0075 0.2588923969 0.01)
(0.008 0.2588923969 0.01)
(0.0085 0.2588923969 0.01)
(0.009 0.2588923969 0.01)
(0.0095 0.2588923969 0.01)
(0.01 0.2588923969 0.01)
(0 0.2719301086 0.01)
(0.0005 0.2719301086 0.01)
(0.001 0.2719301086 0.01)
(0.0015 0.2719301086 0.01)
(0.002 0.2719301086 0.01)
(0.0025 0.2719301086 0.01)
(0.003 0.2719301086 0.01)
(0.0035 0.2719301086 0.01)
(0.004 0.2719301086 0.01)
(0.0045 0.2719301086 0.01)
(0.005 0.2719301086 0.01)
(0.0055 0.2719301086 0.01)
(0.006 0.2719301086 0.01)
(0.0065 0.2719301086 0.01)
(0.007 0.2719301086 0.01)
(0.0075 0.2719301086 0.01)
(0.008 0.2719301086 0.01)
(0.0085 0.2719301086 0.01)
(0.009 0.2719301086 0.01)
(0.0095 0.2719301086 0.01)
(0.01 0.2719301086 0.01)
(0 0.2856217113 0.01)
(0.0005 0.2856217113 0.01)
(0.001 0.2856217113 0.01)
(0.0015 0.2856217113 0.01)
(0.002 0.2856217113 0.01)
(0.0025 0.2856217113 0.01)
(0.003 0.2856217113 0.01)
(0.0035 0.2856217113 0.01)
(0.004 0.2856217113 0.01)
(0.0045 0.2856217113 0.01)
(0.005 0.2856217113 0.01)
(0.0055 0.2856217113 0.01)
(0.006 0.2856217113 0.01)
(0.0065 0.2856217113 0.01)
(0.007 0.2856217113 0.01)
(0.0075 0.2856217113 0.01)
(0.008 0.2856217113 0.01)
(0.0085 0.2856217113 0.01)
(0.009 0.2856217113 0.01)
(0.0095 0.2856217113 0.01)
(0.01 0.2856217113 0.01)
(0 0.3 0.01)
(0.0005 0.3 0.01)
(0.001 0.3 0.01)
(0.0015 0.3 0.01)
(0.002 0.3 0.01)
(0.0025 0.3 0.01)
(0.003 0.3 0.01)
(0.0035 0.3 0.01)
(0.004 0.3 0.01)
(0.0045 0.3 0.01)
(0.005 0.3 0.01)
(0.0055 0.3 0.01)
(0.006 0.3 0.01)
(0.0065 0.3 0.01)
(0.007 0.3 0.01)
(0.0075 0.3 0.01)
(0.008 0.3 0.01)
(0.0085 0.3 0.01)
(0.009 0.3 0.01)
(0.0095 0.3 0.01)
(0.01 0.3 0.01)
)


// ************************************************************************* //
