 19.13463594	3.706219426
19.925036	3.857654221
24.40891017	4.674162761
27.2504169	5.154130788
31.14826058	5.765243999
31.3526302	5.795776493
35.25047387	6.349326472
37.7989653	6.681677812
41.40379381	7.111860143
42.4872091	7.232006776
45.21299186	7.515596229
49.2265595	7.884478445
50.48726609	7.988379722
52.1567118	8.117162166
56.05455556	8.378784343
56.8449556	8.425165713
59.86375362	8.581612878
62.1192298	8.677088605
65.72405832	8.791657558
66.8074736	8.816947984
70.11928684	8.868055327
71.7887326	8.878849237
75.39356108	8.867933353
76.1839611	8.85928674
80.96085054	8.75915998
82.9233115	8.69421922
86.82115524	8.524117162
87.6115553	8.482954013
91.4207533	8.253037848
91.50939901	8.247065408
95.6116123	7.939736529
96.9880428	7.823043606
99.42081035	7.600114675
102.8483475	7.24987356
106.1601608	6.87128258
108.1226217	6.628312241
110.5553893	6.307867072
112.224835	6.075639823
117.4991093	5.27604349
119.0528311	5.021398598
119.5502159	4.938044125
122.8620292	4.360324653
126.5825816	3.664208185
128.1363034	3.358755812
132.149871	2.529492085
132.8245472	2.384400302
199.1346359	3.706219426
199.925036	3.857654221
204.4089102	4.674162761
207.2504169	5.154130788
211.1482606	5.765243999
211.3526302	5.795776493
215.2504739	6.349326472
217.7989653	6.681677812
221.4037938	7.111860143
222.4872091	7.232006776
225.2129919	7.515596229
229.2265595	7.884478445
230.4872661	7.988379722
232.1567118	8.117162166
236.0545556	8.378784343
236.8449556	8.425165713
239.8637536	8.581612878
242.1192298	8.677088605
245.7240583	8.791657558
246.8074736	8.816947984
250.1192868	8.868055327
251.7887326	8.878849237
255.3935611	8.867933353
256.1839611	8.85928674
260.9608505	8.75915998
262.9233115	8.69421922
266.8211552	8.524117162
267.6115553	8.482954013
271.4207533	8.253037848
271.509399	8.247065408
275.6116123	7.939736529
276.9880428	7.823043606
279.4208104	7.600114675
282.8483475	7.24987356
286.1601608	6.87128258
288.1226217	6.628312241
290.5553893	6.307867072
292.224835	6.075639823
297.4991093	5.27604349
299.0528311	5.021398598
299.5502159	4.938044125
302.8620292	4.360324653
306.5825816	3.664208185
308.1363034	3.358755812
312.149871	2.529492085
312.8245472	2.384400302

