 0.01	0.0000018288
0.02	0.0000014836
0.03	0.0000013367
0.04	0.0000012599
0.05	0.0000012184
0.06	0.0000011978
0.07	0.0000011910
0.08	0.0000011941
0.09	0.0000012046
0.1	0.0000012208
0.11	0.0000012417
0.12	0.0000012669
0.13	0.0000012956
0.14	0.0000013277
0.15	0.0000013628
0.16	0.0000014006
0.17	0.0000014412
0.18	0.0000014843
0.19	0.0000015299
0.2	0.0000015780
0.21	0.0000016285
0.22	0.0000016814
0.23	0.0000017366
0.24	0.0000017941
0.25	0.0000018540
0.26	0.0000019161
0.27	0.0000019802
0.28	0.0000020464
0.29	0.0000021143
0.3	0.0000021840
0.31	0.0000022553
0.32	0.0000023278
0.33	0.0000024015
0.34	0.0000024761
0.35	0.0000025512
0.36	0.0000026265
0.37	0.0000027020
0.38	0.0000027774
0.39	0.0000028523
0.4	0.0000029266
0.41	0.0000029997
0.42	0.0000030719
0.43	0.0000031433
0.44	0.0000032129
0.45	0.0000032808
0.46	0.0000033470
0.47	0.0000034120
0.48	0.0000034759
0.49	0.0000035376
0.5	0.0000035973
0.51	0.0000036552
0.52	0.0000037116
0.53	0.0000037665
0.54	0.0000038187
0.55	0.0000038686
0.56	0.0000039162
0.57	0.0000039616
0.58	0.0000040044
0.59	0.0000040443
0.6	0.0000040814
0.61	0.0000041155
0.62	0.0000041473
0.63	0.0000041761
0.64	0.0000042019
0.65	0.0000042244
0.66	0.0000042436
0.67	0.0000042596
0.68	0.0000042728
0.69	0.0000042818
0.7	0.0000042870
0.71	0.0000042895
0.72	0.0000042881
0.73	0.0000042833
0.74	0.0000042754
0.75	0.0000042637
0.76	0.0000042488
0.77	0.0000042303
0.78	0.0000042085
0.79	0.0000041836
0.8	0.0000041558
0.81	0.0000041245
0.82	0.0000040900
0.83	0.0000040524
0.84	0.0000040116
0.85	0.0000039673
0.86	0.0000039200
0.87	0.0000038701
0.88	0.0000038165
0.89	0.0000037602
0.9	0.0000037012
0.91	0.0000036401
0.92	0.0000035753
0.93	0.0000035089
0.94	0.0000034395
0.95	0.0000033683
0.96	0.0000032948
0.97	0.0000032205
0.98	0.0000031443
0.99	0.0000030670
1	0.0000029877
1.01	0.0000029076
1.02	0.0000028260
1.03	0.0000027443
1.04	0.0000026613
1.05	0.0000025778
1.06	0.0000024936
1.07	0.0000024089
1.08	0.0000023237
1.09	0.0000022381
1.1	0.0000021522
1.11	0.0000020661
1.12	0.0000019797
1.13	0.0000018935
1.14	0.0000018071
1.15	0.0000017208
1.16	0.0000016346
1.17	0.0000015486
1.18	0.0000014629
1.19	0.0000013773
1.2	0.0000012921
1.21	0.0000012073
1.22	0.0000011228
1.23	0.0000010389
1.24	0.0000009546
1.25	0.0000008726
1.26	0.0000007901
1.27	0.0000007082
1.28	0.0000006269
1.29	0.0000005461
1.3	0.0000004662
1.31	0.0000003864
1.32	0.0000003075
1.33	0.0000002292
1.34	0.0000001511
1.35	0.0000000734
1.36	-0.0000000034
1.37	-0.0000000797
1.38	-0.0000001552
1.39	-0.0000002302
1.4	-0.0000003039
1.41	-0.0000003781
1.42	-0.0000004505
1.43	-0.0000005231
1.44	-0.0000005952
1.45	-0.0000006671
1.46	-0.0000007385
1.47	-0.0000008091
1.48	-0.0000008793
1.49	-0.0000009483
1.5	-0.0000010168
1.51	-0.0000010853
1.52	-0.0000011530
1.53	-0.0000012213
1.54	-0.0000012887
1.55	-0.0000013554
1.56	-0.0000014214
1.57	-0.0000014865
1.58	-0.0000015523
1.59	-0.0000016184
1.6	-0.0000016827
1.61	-0.0000017464
1.62	-0.0000018102
1.63	-0.0000018749
1.64	-0.0000019387
1.65	-0.0000020006
1.66	-0.0000020627
1.67	-0.0000021257
1.68	-0.0000021887
1.69	-0.0000022496
1.7	-0.0000023105
1.71	-0.0000023720
1.72	-0.0000024336
1.73	-0.0000024941
1.74	-0.0000025545
1.75	-0.0000026151
1.76	-0.0000026761
1.77	-0.0000027377
1.78	-0.0000027981
1.79	-0.0000028597
1.8	-0.0000029227
1.81	-0.0000029864
1.82	-0.0000030499
1.83	-0.0000031159
1.84	-0.0000031847
1.85	-0.0000032537
1.86	-0.0000033253
1.87	-0.0000034017
1.88	-0.0000034796
1.89	-0.0000035610
1.9	-0.0000036487
1.91	-0.0000037388
1.92	-0.0000038350
1.93	-0.0000039372
1.94	-0.0000040448
1.95	-0.0000041590
1.96	-0.0000042797
1.97	-0.0000044078
1.98	-0.0000045421
1.99	-0.0000046842
2	-0.0000048334
2.01	-0.0000049892
2.02	-0.0000051511
2.03	-0.0000053192
2.04	-0.0000054913
2.05	-0.0000056674
2.06	-0.0000058458
2.07	-0.0000060251
2.08	-0.0000062043
2.09	-0.0000063816
2.1	-0.0000065546
2.11	-0.0000067225
2.12	-0.0000068832
2.13	-0.0000070351
2.14	-0.0000071766
2.15	-0.0000073076
2.16	-0.0000074256
2.17	-0.0000075305
2.18	-0.0000076216
2.19	-0.0000076983
2.2	-0.0000077610
2.21	-0.0000078096
2.22	-0.0000078445
2.23	-0.0000078658
2.24	-0.0000078749
2.25	-0.0000078721
2.26	-0.0000078584
2.27	-0.0000078351
2.28	-0.0000078037
2.29	-0.0000077646
2.3	-0.0000077193
2.31	-0.0000076692
2.32	-0.0000076147
2.33	-0.0000075573
2.34	-0.0000074978
2.35	-0.0000074369
2.36	-0.0000073756
2.37	-0.0000073141
2.38	-0.0000072534
2.39	-0.0000071938
2.4	-0.0000071355
2.41	-0.0000070791
2.42	-0.0000070244
2.43	-0.0000069727
2.44	-0.0000069232
2.45	-0.0000068766
2.46	-0.0000068332
2.47	-0.0000067925
2.48	-0.0000067552
2.49	-0.0000067212
2.5	-0.0000066901
2.51	-0.0000066628
2.52	-0.0000066385
2.53	-0.0000066178
2.54	-0.0000066005
2.55	-0.0000065865
2.56	-0.0000065764
2.57	-0.0000065695
2.58	-0.0000065663
2.59	-0.0000065667
2.6	-0.0000065706
2.61	-0.0000065784
2.62	-0.0000065897
2.63	-0.0000066047
2.64	-0.0000066237
2.65	-0.0000066463
2.66	-0.0000066729
2.67	-0.0000067035
2.68	-0.0000067376
2.69	-0.0000067761
2.7	-0.0000068184
2.71	-0.0000068647
2.72	-0.0000069152
2.73	-0.0000069697
2.74	-0.0000070282
2.75	-0.0000070909
2.76	-0.0000071576
2.77	-0.0000072284
2.78	-0.0000073033
2.79	-0.0000073822
2.8	-0.0000074650
2.81	-0.0000075519
2.82	-0.0000076425
2.83	-0.0000077368
2.84	-0.0000078350
2.85	-0.0000079367
2.86	-0.0000080421
2.87	-0.0000081509
2.88	-0.0000082631
2.89	-0.0000083786
2.9	-0.0000084973
2.91	-0.0000086192
2.92	-0.0000087440
2.93	-0.0000088719
2.94	-0.0000090026
2.95	-0.0000091361
2.96	-0.0000092725
2.97	-0.0000094115
2.98	-0.0000095531
2.99	-0.0000096974
3	-0.0000098445
3.01	-0.0000099942
3.02	-0.0000101467
3.03	-0.0000103022
3.04	-0.0000104608
3.05	-0.0000106229
3.06	-0.0000107885
3.07	-0.0000109578
3.08	-0.0000111316
3.09	-0.0000113099
3.1	-0.0000114930
3.11	-0.0000116815
3.12	-0.0000118763
3.13	-0.0000120777
3.14	-0.0000122866
3.15	-0.0000125028
3.16	-0.0000127274
3.17	-0.0000129604
3.18	-0.0000132030
3.19	-0.0000134555
3.2	-0.0000137181
3.21	-0.0000139910
3.22	-0.0000142734
3.23	-0.0000145636
3.24	-0.0000148591
3.25	-0.0000151559
3.26	-0.0000154506
3.27	-0.0000157382
3.28	-0.0000160121
3.29	-0.0000162642
3.3	-0.0000164868
3.31	-0.0000166738
3.32	-0.0000168195
3.33	-0.0000169203
3.34	-0.0000169739
3.35	-0.0000169788
3.36	-0.0000169370
3.37	-0.0000168520
3.38	-0.0000167279
3.39	-0.0000165706
3.4	-0.0000163848
3.41	-0.0000161785
3.42	-0.0000159573
3.43	-0.0000157303
3.44	-0.0000155045
3.45	-0.0000152863
3.46	-0.0000150808
3.47	-0.0000148917
3.48	-0.0000147223
3.49	-0.0000145733
3.5	-0.0000144456
3.51	-0.0000143394
3.52	-0.0000142538
3.53	-0.0000141877
3.54	-0.0000141390
3.55	-0.0000141066
3.56	-0.0000140878
3.57	-0.0000140808
3.58	-0.0000140859
3.59	-0.0000140986
3.6	-0.0000141168
3.61	-0.0000141398
3.62	-0.0000141658
3.63	-0.0000141919
3.64	-0.0000142172
3.65	-0.0000142408
3.66	-0.0000142616
3.67	-0.0000142794
3.68	-0.0000142928
3.69	-0.0000143008
3.7	-0.0000143034
3.71	-0.0000143006
3.72	-0.0000142922
3.73	-0.0000142781
3.74	-0.0000142585
3.75	-0.0000142336
3.76	-0.0000142039
3.77	-0.0000141700
3.78	-0.0000141334
3.79	-0.0000140948
3.8	-0.0000140551
3.81	-0.0000140152
3.82	-0.0000139757
3.83	-0.0000139385
3.84	-0.0000139047
3.85	-0.0000138748
3.86	-0.0000138502
3.87	-0.0000138316
3.88	-0.0000138193
3.89	-0.0000138142
3.9	-0.0000138171
3.91	-0.0000138283
3.92	-0.0000138481
3.93	-0.0000138761
3.94	-0.0000139125
3.95	-0.0000139570
3.96	-0.0000140093
3.97	-0.0000140688
3.98	-0.0000141350
3.99	-0.0000142075
4	-0.0000142855
4.01	-0.0000143684
4.02	-0.0000144557
4.03	-0.0000145465
4.04	-0.0000146405
4.05	-0.0000147369
4.06	-0.0000148355
4.07	-0.0000149357
4.08	-0.0000150367
4.09	-0.0000151386
4.1	-0.0000152413
4.11	-0.0000153440
4.12	-0.0000154470
4.13	-0.0000155496
4.14	-0.0000156520
4.15	-0.0000157538
4.16	-0.0000158549
4.17	-0.0000159550
4.18	-0.0000160527
4.19	-0.0000161478
4.2	-0.0000162395
4.21	-0.0000163271
4.22	-0.0000164080
4.23	-0.0000164810
4.24	-0.0000165450
4.25	-0.0000165977
4.26	-0.0000166359
4.27	-0.0000166576
4.28	-0.0000166603
4.29	-0.0000166421
4.3	-0.0000165991
4.31	-0.0000165287
4.32	-0.0000164286
4.33	-0.0000162962
4.34	-0.0000161308
4.35	-0.0000159311
4.36	-0.0000156961
4.37	-0.0000154260
4.38	-0.0000151210
4.39	-0.0000147822
4.4	-0.0000144108
4.41	-0.0000140083
4.42	-0.0000135774
4.43	-0.0000131196
4.44	-0.0000126371
4.45	-0.0000121324
4.46	-0.0000116080
4.47	-0.0000110664
4.48	-0.0000105095
4.49	-0.0000099394
4.5	-0.0000093588
4.51	-0.0000087710
4.52	-0.0000081779
4.53	-0.0000075829
4.54	-0.0000069890
4.55	-0.0000063995
4.56	-0.0000058180
4.57	-0.0000052475
4.58	-0.0000046916
4.59	-0.0000041535
4.6	-0.0000036360
4.61	-0.0000031412
4.62	-0.0000026717
4.63	-0.0000022285
4.64	-0.0000018131
4.65	-0.0000014259
4.66	-0.0000010672
4.67	-0.0000007367
4.68	-0.0000004334
4.69	-0.0000001569
4.7	0.0000000937
4.71	0.0000003196
4.72	0.0000005221
4.73	0.0000007023
4.74	0.0000008614
4.75	0.0000010007
4.76	0.0000011217
4.77	0.0000012255
4.78	0.0000013134
4.79	0.0000013866
4.8	0.0000014462
4.81	0.0000014933
4.82	0.0000015291
4.83	0.0000015545
4.84	0.0000015705
4.85	0.0000015780
4.86	0.0000015779
4.87	0.0000015710
4.88	0.0000015581
4.89	0.0000015400
4.9	0.0000015172
4.91	0.0000014901
4.92	0.0000014594
4.93	0.0000014252
4.94	0.0000013879
4.95	0.0000013481
4.96	0.0000013062
4.97	0.0000012627
4.98	0.0000012177
4.99	0.0000011712
5	0.0000011231
5.01	0.0000010742
5.02	0.0000010249
5.03	0.0000009754
5.04	0.0000009254
5.05	0.0000008755
5.06	0.0000008255
5.07	0.0000007758
5.08	0.0000007264
5.09	0.0000006778
5.1	0.0000006300
5.11	0.0000005825
5.12	0.0000005359
5.13	0.0000004908
5.14	0.0000004466
5.15	0.0000004032
5.16	0.0000003609
5.17	0.0000003197
5.18	0.0000002796
5.19	0.0000002408
5.2	0.0000002029
5.21	0.0000001655
5.22	0.0000001301
5.23	0.0000000950
5.24	0.0000000611
5.25	0.0000000284
5.26	-0.0000000031
5.27	-0.0000000337
5.28	-0.0000000631
5.29	-0.0000000908
5.3	-0.0000001172
5.31	-0.0000001415
5.32	-0.0000001641
5.33	-0.0000001844
5.34	-0.0000002021
5.35	-0.0000002175
5.36	-0.0000002294
5.37	-0.0000002388
5.38	-0.0000002442
5.39	-0.0000002463
5.4	-0.0000002442
5.41	-0.0000002385
5.42	-0.0000002278
5.43	-0.0000002131
5.44	-0.0000001936
5.45	-0.0000001686
5.46	-0.0000001392
5.47	-0.0000001034
5.48	-0.0000000623
5.49	-0.0000000142
5.5	0.0000000409
5.51	0.0000001040
5.52	0.0000001759
5.53	0.0000002575
5.54	0.0000003501
5.55	0.0000004547
5.56	0.0000005732
5.57	0.0000007071
5.58	0.0000008582
5.59	0.0000010287
5.6	0.0000012210
5.61	0.0000014379
5.62	0.0000016821
5.63	0.0000019571
5.64	0.0000022667
5.65	0.0000026150
5.66	0.0000030056
5.67	0.0000034427
5.68	0.0000039307
5.69	0.0000044747
5.7	0.0000050787
5.71	0.0000057447
5.72	0.0000064751
5.73	0.0000072702
5.74	0.0000081302
5.75	0.0000090499
5.76	0.0000100237
5.77	0.0000110427
5.78	0.0000120933
5.79	0.0000131628
5.8	0.0000142356
5.81	0.0000152948
5.82	0.0000163238
5.83	0.0000173059
5.84	0.0000182258
5.85	0.0000190704
5.86	0.0000198269
5.87	0.0000204887
5.88	0.0000210519
5.89	0.0000215149
5.9	0.0000218753
5.91	0.0000221356
5.92	0.0000222993
5.93	0.0000223706
5.94	0.0000223537
5.95	0.0000222546
5.96	0.0000220805
5.97	0.0000218379
5.98	0.0000215365
5.99	0.0000211859
6	0.0000207924
6.01	0.0000203653
6.02	0.0000199134
6.03	0.0000194424
6.04	0.0000189617
6.05	0.0000184768
6.06	0.0000179927
6.07	0.0000175168
6.08	0.0000170512
6.09	0.0000166003
6.1	0.0000161679
6.11	0.0000157557
6.12	0.0000153658
6.13	0.0000149986
6.14	0.0000146562
6.15	0.0000143382
6.16	0.0000140450
6.17	0.0000137760
6.18	0.0000135303
6.19	0.0000133075
6.2	0.0000131065
6.21	0.0000129269
6.22	0.0000127678
6.23	0.0000126276
6.24	0.0000125055
6.25	0.0000124001
6.26	0.0000123100
6.27	0.0000122342
6.28	0.0000121718
6.29	0.0000121219
6.3	0.0000120834
6.31	0.0000120556
6.32	0.0000120379
6.33	0.0000120301
6.34	0.0000120312
6.35	0.0000120411
6.36	0.0000120594
6.37	0.0000120858
6.38	0.0000121201
6.39	0.0000121622
6.4	0.0000122118
6.41	0.0000122689
6.42	0.0000123335
6.43	0.0000124054
6.44	0.0000124847
6.45	0.0000125715
6.46	0.0000126656
6.47	0.0000127673
6.48	0.0000128765
6.49	0.0000129942
6.5	0.0000131213
6.51	0.0000132594
6.52	0.0000134097
6.53	0.0000135737
6.54	0.0000137537
6.55	0.0000139519
6.56	0.0000141714
6.57	0.0000144161
6.58	0.0000146896
6.59	0.0000149963
6.6	0.0000153402
6.61	0.0000157247
6.62	0.0000161515
6.63	0.0000166206
6.64	0.0000171312
6.65	0.0000176800
6.66	0.0000182598
6.67	0.0000188640
6.68	0.0000194859
6.69	0.0000201200
6.7	0.0000207559
6.71	0.0000213845
6.72	0.0000219916
6.73	0.0000225623
6.74	0.0000230830
6.75	0.0000235393
6.76	0.0000239193
6.77	0.0000242125
6.78	0.0000244108
6.79	0.0000245103
6.8	0.0000245093
6.81	0.0000244116
6.82	0.0000242228
6.83	0.0000239520
6.84	0.0000236103
6.85	0.0000232099
6.86	0.0000227641
6.87	0.0000222862
6.88	0.0000217886
6.89	0.0000212814
6.9	0.0000207726
6.91	0.0000202698
6.92	0.0000197796
6.93	0.0000193053
6.94	0.0000188500
6.95	0.0000184159
6.96	0.0000180053
6.97	0.0000176194
6.98	0.0000172580
6.99	0.0000169221
7	0.0000166113
7.01	0.0000163264
7.02	0.0000160663
7.03	0.0000158319
7.04	0.0000156228
7.05	0.0000154384
7.06	0.0000152788
7.07	0.0000151446
7.08	0.0000150344
7.09	0.0000149489
7.1	0.0000148876
7.11	0.0000148514
7.12	0.0000148387
7.13	0.0000148496
7.14	0.0000148839
7.15	0.0000149407
7.16	0.0000150206
7.17	0.0000151211
7.18	0.0000152430
7.19	0.0000153844
7.2	0.0000155454
7.21	0.0000157246
7.22	0.0000159216
7.23	0.0000161354
7.24	0.0000163651
7.25	0.0000166095
7.26	0.0000168672
7.27	0.0000171372
7.28	0.0000174185
7.29	0.0000177089
7.3	0.0000180054
7.31	0.0000183073
7.32	0.0000186110
7.33	0.0000189111
7.34	0.0000192037
7.35	0.0000194849
7.36	0.0000197494
7.37	0.0000199912
7.38	0.0000202062
7.39	0.0000203899
7.4	0.0000205393
7.41	0.0000206549
7.42	0.0000207381
7.43	0.0000207925
7.44	0.0000208214
7.45	0.0000208337
7.46	0.0000208356
7.47	0.0000208330
7.48	0.0000208326
7.49	0.0000208389
7.5	0.0000208548
7.51	0.0000208818
7.52	0.0000209205
7.53	0.0000209705
7.54	0.0000210291
7.55	0.0000210936
7.56	0.0000211595
7.57	0.0000212219
7.58	0.0000212738
7.59	0.0000213101
7.6	0.0000213250
7.61	0.0000213099
7.62	0.0000212606
7.63	0.0000211716
7.64	0.0000210401
7.65	0.0000208639
7.66	0.0000206415
7.67	0.0000203734
7.68	0.0000200613
7.69	0.0000197073
7.7	0.0000193142
7.71	0.0000188863
7.72	0.0000184272
7.73	0.0000179410
7.74	0.0000174319
7.75	0.0000169039
7.76	0.0000163612
7.77	0.0000158075
7.78	0.0000152460
7.79	0.0000146800
7.8	0.0000141120
7.81	0.0000135439
7.82	0.0000129787
7.83	0.0000124167
7.84	0.0000118601
7.85	0.0000113092
7.86	0.0000107640
7.87	0.0000102248
7.88	0.0000096911
7.89	0.0000091626
7.9	0.0000086392
7.91	0.0000081200
7.92	0.0000076056
7.93	0.0000070967
7.94	0.0000065930
7.95	0.0000060948
7.96	0.0000056036
7.97	0.0000051210
7.98	0.0000046474
7.99	0.0000041842
8	0.0000037330
8.01	0.0000032954
8.02	0.0000028728
8.03	0.0000024661
8.04	0.0000020768
8.05	0.0000017054
8.06	0.0000013531
8.07	0.0000010200
8.08	0.0000007064
8.09	0.0000004123
8.1	0.0000001375
8.11	-0.0000001185
8.12	-0.0000003562
8.13	-0.0000005762
8.14	-0.0000007796
8.15	-0.0000009668
8.16	-0.0000011387
8.17	-0.0000012962
8.18	-0.0000014402
8.19	-0.0000015712
8.2	-0.0000016902
8.21	-0.0000017978
8.22	-0.0000018946
8.23	-0.0000019812
8.24	-0.0000020581
8.25	-0.0000021257
8.26	-0.0000021843
8.27	-0.0000022344
8.28	-0.0000022762
8.29	-0.0000023100
8.3	-0.0000023361
8.31	-0.0000023546
8.32	-0.0000023658
8.33	-0.0000023698
8.34	-0.0000023668
8.35	-0.0000023570
8.36	-0.0000023406
8.37	-0.0000023178
8.38	-0.0000022887
8.39	-0.0000022535
8.4	-0.0000022125
8.41	-0.0000021661
8.42	-0.0000021143
8.43	-0.0000020574
8.44	-0.0000019956
8.45	-0.0000019292
8.46	-0.0000018585
8.47	-0.0000017839
8.48	-0.0000017056
8.49	-0.0000016241
8.5	-0.0000015399
8.51	-0.0000014533
8.52	-0.0000013647
8.53	-0.0000012744
8.54	-0.0000011829
8.55	-0.0000010905
8.56	-0.0000009978
8.57	-0.0000009050
8.58	-0.0000008127
8.59	-0.0000007213
8.6	-0.0000006311
8.61	-0.0000005425
8.62	-0.0000004556
8.63	-0.0000003710
8.64	-0.0000002890
8.65	-0.0000002098
8.66	-0.0000001334
8.67	-0.0000000602
8.68	0.0000000096
8.69	0.0000000759
8.7	0.0000001385
8.71	0.0000001973
8.72	0.0000002525
8.73	0.0000003038
8.74	0.0000003514
8.75	0.0000003951
8.76	0.0000004351
8.77	0.0000004715
8.78	0.0000005045
8.79	0.0000005340
8.8	0.0000005603
8.81	0.0000005835
8.82	0.0000006039
8.83	0.0000006217
8.84	0.0000006370
8.85	0.0000006502
8.86	0.0000006617
8.87	0.0000006716
8.88	0.0000006802
8.89	0.0000006877
8.9	0.0000006944
8.91	0.0000007004
8.92	0.0000007062
8.93	0.0000007117
8.94	0.0000007173
8.95	0.0000007231
8.96	0.0000007293
8.97	0.0000007356
8.98	0.0000007422
8.99	0.0000007493
9	0.0000007565
9.01	0.0000007636
9.02	0.0000007704
9.03	0.0000007766
9.04	0.0000007817
9.05	0.0000007856
9.06	0.0000007875
9.07	0.0000007867
9.08	0.0000007823
9.09	0.0000007737
9.1	0.0000007596
9.11	0.0000007389
9.12	0.0000007103
9.13	0.0000006723
9.14	0.0000006232
9.15	0.0000005613
9.16	0.0000004848
9.17	0.0000003913
9.18	0.0000002792
9.19	0.0000001464
9.2	-0.0000000088
9.21	-0.0000001882
9.22	-0.0000003922
9.23	-0.0000006224
9.24	-0.0000008786
9.25	-0.0000011601
9.26	-0.0000014661
9.27	-0.0000017955
9.28	-0.0000021469
9.29	-0.0000025199
9.3	-0.0000029142
9.31	-0.0000033311
9.32	-0.0000037731
9.33	-0.0000042444
9.34	-0.0000047510
9.35	-0.0000053002
9.36	-0.0000059003
9.37	-0.0000065614
9.38	-0.0000072916
9.39	-0.0000080976
9.4	-0.0000089821
9.41	-0.0000099395
9.42	-0.0000109573
9.43	-0.0000120169
9.44	-0.0000130943
9.45	-0.0000141612
9.46	-0.0000151921
9.47	-0.0000161731
9.48	-0.0000170891
9.49	-0.0000179290
9.5	-0.0000186895
9.51	-0.0000193653
9.52	-0.0000199516
9.53	-0.0000204462
9.54	-0.0000208502
9.55	-0.0000211622
9.56	-0.0000213838
9.57	-0.0000215177
9.58	-0.0000215678
9.59	-0.0000215380
9.6	-0.0000214337
9.61	-0.0000212610
9.62	-0.0000210234
9.63	-0.0000207286
9.64	-0.0000203816
9.65	-0.0000199885
9.66	-0.0000195559
9.67	-0.0000190898
9.68	-0.0000185956
9.69	-0.0000180797
9.7	-0.0000175470
9.71	-0.0000170028
9.72	-0.0000164514
9.73	-0.0000158967
9.74	-0.0000153430
9.75	-0.0000147926
9.76	-0.0000142494
9.77	-0.0000137153
9.78	-0.0000131920
9.79	-0.0000126816
9.8	-0.0000121859
9.81	-0.0000117058
9.82	-0.0000112421
9.83	-0.0000107957
9.84	-0.0000103677
9.85	-0.0000099586
9.86	-0.0000095685
9.87	-0.0000091979
9.88	-0.0000088463
9.89	-0.0000085139
9.9	-0.0000082009
9.91	-0.0000079067
9.92	-0.0000076312
9.93	-0.0000073741
9.94	-0.0000071350
9.95	-0.0000069135
9.96	-0.0000067089
9.97	-0.0000065207
9.98	-0.0000063478
9.99	-0.0000061898
10	-0.0000060459
10.01	-0.0000059151
10.02	-0.0000057966
10.03	-0.0000056892
10.04	-0.0000055920
10.05	-0.0000055038
10.06	-0.0000054236
10.07	-0.0000053501
10.08	-0.0000052820
10.09	-0.0000052178
10.1	-0.0000051565
10.11	-0.0000050970
10.12	-0.0000050386
10.13	-0.0000049802
10.14	-0.0000049214
10.15	-0.0000048616
10.16	-0.0000048007
10.17	-0.0000047393
10.18	-0.0000046777
10.19	-0.0000046169
10.2	-0.0000045588
10.21	-0.0000045053
10.22	-0.0000044596
10.23	-0.0000044254
10.24	-0.0000044075
10.25	-0.0000044109
10.26	-0.0000044415
10.27	-0.0000045061
10.28	-0.0000046109
10.29	-0.0000047623
10.3	-0.0000049665
10.31	-0.0000052288
10.32	-0.0000055520
10.33	-0.0000059385
10.34	-0.0000063885
10.35	-0.0000068996
10.36	-0.0000074666
10.37	-0.0000080819
10.38	-0.0000087363
10.39	-0.0000094198
10.4	-0.0000101213
10.41	-0.0000108290
10.42	-0.0000115283
10.43	-0.0000122076
10.44	-0.0000128537
10.45	-0.0000134554
10.46	-0.0000140038
10.47	-0.0000144920
10.48	-0.0000149161
10.49	-0.0000152749
10.5	-0.0000155680
10.51	-0.0000157972
10.52	-0.0000159656
10.53	-0.0000160777
10.54	-0.0000161385
10.55	-0.0000161531
10.56	-0.0000161264
10.57	-0.0000160638
10.58	-0.0000159697
10.59	-0.0000158486
10.6	-0.0000157039
10.61	-0.0000155396
10.62	-0.0000153593
10.63	-0.0000151662
10.64	-0.0000149630
10.65	-0.0000147519
10.66	-0.0000145356
10.67	-0.0000143159
10.68	-0.0000140943
10.69	-0.0000138725
10.7	-0.0000136515
10.71	-0.0000134325
10.72	-0.0000132163
10.73	-0.0000130043
10.74	-0.0000127968
10.75	-0.0000125943
10.76	-0.0000123977
10.77	-0.0000122075
10.78	-0.0000120235
10.79	-0.0000118462
10.8	-0.0000116765
10.81	-0.0000115137
10.82	-0.0000113578
10.83	-0.0000112095
10.84	-0.0000110685
10.85	-0.0000109347
10.86	-0.0000108080
10.87	-0.0000106885
10.88	-0.0000105761
10.89	-0.0000104707
10.9	-0.0000103720
10.91	-0.0000102802
10.92	-0.0000101950
10.93	-0.0000101161
10.94	-0.0000100434
10.95	-0.0000099768
10.96	-0.0000099161
10.97	-0.0000098609
10.98	-0.0000098110
10.99	-0.0000097663
11	-0.0000097261
11.01	-0.0000096905
11.02	-0.0000096591
11.03	-0.0000096313
11.04	-0.0000096073
11.05	-0.0000095863
11.06	-0.0000095680
11.07	-0.0000095522
11.08	-0.0000095384
11.09	-0.0000095263
11.1	-0.0000095156
11.11	-0.0000095058
11.12	-0.0000094964
11.13	-0.0000094873
11.14	-0.0000094781
11.15	-0.0000094683
11.16	-0.0000094575
11.17	-0.0000094453
11.18	-0.0000094314
11.19	-0.0000094150
11.2	-0.0000093958
11.21	-0.0000093734
11.22	-0.0000093472
11.23	-0.0000093168
11.24	-0.0000092816
11.25	-0.0000092413
11.26	-0.0000091954
11.27	-0.0000091435
11.28	-0.0000090853
11.29	-0.0000090204
11.3	-0.0000089488
11.31	-0.0000088700
11.32	-0.0000087840
11.33	-0.0000086907
11.34	-0.0000085900
11.35	-0.0000084819
11.36	-0.0000083664
11.37	-0.0000082437
11.38	-0.0000081139
11.39	-0.0000079771
11.4	-0.0000078336
11.41	-0.0000076836
11.42	-0.0000075275
11.43	-0.0000073655
11.44	-0.0000071981
11.45	-0.0000070256
11.46	-0.0000068486
11.47	-0.0000066672
11.48	-0.0000064820
11.49	-0.0000062932
11.5	-0.0000061015
11.51	-0.0000059070
11.52	-0.0000057103
11.53	-0.0000055118
11.54	-0.0000053119
11.55	-0.0000051110
11.56	-0.0000049096
11.57	-0.0000047081
11.58	-0.0000045068
11.59	-0.0000043060
11.6	-0.0000041062
11.61	-0.0000039076
11.62	-0.0000037107
11.63	-0.0000035158
11.64	-0.0000033233
11.65	-0.0000031336
11.66	-0.0000029472
11.67	-0.0000027643
11.68	-0.0000025854
11.69	-0.0000024109
11.7	-0.0000022410
11.71	-0.0000020760
11.72	-0.0000019160
11.73	-0.0000017614
11.74	-0.0000016124
11.75	-0.0000014692
11.76	-0.0000013317
11.77	-0.0000012004
11.78	-0.0000010752
11.79	-0.0000009563
11.8	-0.0000008435
11.81	-0.0000007371
11.82	-0.0000006371
11.83	-0.0000005434
11.84	-0.0000004558
11.85	-0.0000003746
11.86	-0.0000002996
11.87	-0.0000002307
11.88	-0.0000001677
11.89	-0.0000001107
11.9	-0.0000000595
11.91	-0.0000000140
11.92	0.0000000261
11.93	0.0000000609
11.94	0.0000000903
11.95	0.0000001147
11.96	0.0000001343
11.97	0.0000001493
11.98	0.0000001596
11.99	0.0000001655
12	0.0000001673
12.01	0.0000001650
12.02	0.0000001588
12.03	0.0000001489
12.04	0.0000001355
12.05	0.0000001188
12.06	0.0000000992
12.07	0.0000000767
12.08	0.0000000516
12.09	0.0000000241
12.1	-0.0000000057
12.11	-0.0000000376
12.12	-0.0000000712
12.13	-0.0000001064
12.14	-0.0000001430
12.15	-0.0000001809
12.16	-0.0000002198
12.17	-0.0000002590
12.18	-0.0000002988
12.19	-0.0000003389
12.2	-0.0000003787
12.21	-0.0000004180
12.22	-0.0000004565
12.23	-0.0000004936
12.24	-0.0000005295
12.25	-0.0000005634
12.26	-0.0000005949
12.27	-0.0000006235
12.28	-0.0000006488
12.29	-0.0000006707
12.3	-0.0000006884
12.31	-0.0000007018
12.32	-0.0000007104
12.33	-0.0000007141
12.34	-0.0000007126
12.35	-0.0000007060
12.36	-0.0000006942
12.37	-0.0000006778
12.38	-0.0000006564
12.39	-0.0000006315
12.4	-0.0000006024
12.41	-0.0000005702
12.42	-0.0000005352
12.43	-0.0000004978
12.44	-0.0000004583
12.45	-0.0000004166
12.46	-0.0000003727
12.47	-0.0000003261
12.48	-0.0000002757
12.49	-0.0000002208
12.5	-0.0000001597
12.51	-0.0000000909
12.52	-0.0000000125
12.53	0.0000000776
12.54	0.0000001812
12.55	0.0000003007
12.56	0.0000004377
12.57	0.0000005944
12.58	0.0000007723
12.59	0.0000009732
12.6	0.0000011982
12.61	0.0000014489
12.62	0.0000017257
12.63	0.0000020292
12.64	0.0000023594
12.65	0.0000027158
12.66	0.0000030974
12.67	0.0000035028
12.68	0.0000039302
12.69	0.0000043788
12.7	0.0000048464
12.71	0.0000053312
12.72	0.0000058313
12.73	0.0000063447
12.74	0.0000068699
12.75	0.0000074053
12.76	0.0000079496
12.77	0.0000085009
12.78	0.0000090585
12.79	0.0000096206
12.8	0.0000101854
12.81	0.0000107518
12.82	0.0000113177
12.83	0.0000118820
12.84	0.0000124425
12.85	0.0000129981
12.86	0.0000135464
12.87	0.0000140863
12.88	0.0000146148
12.89	0.0000151306
12.9	0.0000156317
12.91	0.0000161158
12.92	0.0000165810
12.93	0.0000170258
12.94	0.0000174482
12.95	0.0000178460
12.96	0.0000182182
12.97	0.0000185634
12.98	0.0000188799
12.99	0.0000191675
13	0.0000194252
13.01	0.0000196527
13.02	0.0000198507
13.03	0.0000200186
13.04	0.0000201573
13.05	0.0000202673
13.06	0.0000203497
13.07	0.0000204060
13.08	0.0000204368
13.09	0.0000204441
13.1	0.0000204293
13.11	0.0000203941
13.12	0.0000203403
13.13	0.0000202695
13.14	0.0000201836
13.15	0.0000200843
13.16	0.0000199737
13.17	0.0000198532
13.18	0.0000197242
13.19	0.0000195888
13.2	0.0000194483
13.21	0.0000193037
13.22	0.0000191569
13.23	0.0000190085
13.24	0.0000188599
13.25	0.0000187122
13.26	0.0000185661
13.27	0.0000184228
13.28	0.0000182826
13.29	0.0000181464
13.3	0.0000180147
13.31	0.0000178882
13.32	0.0000177671
13.33	0.0000176521
13.34	0.0000175435
13.35	0.0000174415
13.36	0.0000173464
13.37	0.0000172584
13.38	0.0000171776
13.39	0.0000171043
13.4	0.0000170386
13.41	0.0000169802
13.42	0.0000169294
13.43	0.0000168863
13.44	0.0000168508
13.45	0.0000168231
13.46	0.0000168036
13.47	0.0000167923
13.48	0.0000167891
13.49	0.0000167946
13.5	0.0000168092
13.51	0.0000168332
13.52	0.0000168671
13.53	0.0000169117
13.54	0.0000169678
13.55	0.0000170367
13.56	0.0000171194
13.57	0.0000172174
13.58	0.0000173323
13.59	0.0000174667
13.6	0.0000176230
13.61	0.0000178042
13.62	0.0000180133
13.63	0.0000182532
13.64	0.0000185270
13.65	0.0000188375
13.66	0.0000191869
13.67	0.0000195769
13.68	0.0000200077
13.69	0.0000204782
13.7	0.0000209857
13.71	0.0000215250
13.72	0.0000220893
13.73	0.0000226694
13.74	0.0000232554
13.75	0.0000238360
13.76	0.0000244012
13.77	0.0000249412
13.78	0.0000254475
13.79	0.0000259122
13.8	0.0000263296
13.81	0.0000266946
13.82	0.0000270040
13.83	0.0000272559
13.84	0.0000274486
13.85	0.0000275816
13.86	0.0000276560
13.87	0.0000276738
13.88	0.0000276379
13.89	0.0000275517
13.9	0.0000274193
13.91	0.0000272445
13.92	0.0000270326
13.93	0.0000267884
13.94	0.0000265162
13.95	0.0000262207
13.96	0.0000259068
13.97	0.0000255790
13.98	0.0000252407
13.99	0.0000248957
14	0.0000245481
14.01	0.0000242003
14.02	0.0000238547
14.03	0.0000235134
14.04	0.0000231780
14.05	0.0000228499
14.06	0.0000225309
14.07	0.0000222212
14.08	0.0000219214
14.09	0.0000216329
14.1	0.0000213563
14.11	0.0000210920
14.12	0.0000208399
14.13	0.0000205999
14.14	0.0000203727
14.15	0.0000201577
14.16	0.0000199544
14.17	0.0000197628
14.18	0.0000195818
14.19	0.0000194114
14.2	0.0000192507
14.21	0.0000190994
14.22	0.0000189567
14.23	0.0000188224
14.24	0.0000186956
14.25	0.0000185760
14.26	0.0000184628
14.27	0.0000183558
14.28	0.0000182544
14.29	0.0000181581
14.3	0.0000180667
14.31	0.0000179795
14.32	0.0000178964
14.33	0.0000178169
14.34	0.0000177410
14.35	0.0000176682
14.36	0.0000175982
14.37	0.0000175309
14.38	0.0000174658
14.39	0.0000174027
14.4	0.0000173415
14.41	0.0000172817
14.42	0.0000172234
14.43	0.0000171661
14.44	0.0000171099
14.45	0.0000170542
14.46	0.0000169994
14.47	0.0000169452
14.48	0.0000168914
14.49	0.0000168382
14.5	0.0000167854
14.51	0.0000167331
14.52	0.0000166803
14.53	0.0000166274
14.54	0.0000165742
14.55	0.0000165217
14.56	0.0000164685
14.57	0.0000164151
14.58	0.0000163613
14.59	0.0000163069
14.6	0.0000162519
14.61	0.0000161956
14.62	0.0000161380
14.63	0.0000160789
14.64	0.0000160182
14.65	0.0000159551
14.66	0.0000158892
14.67	0.0000158202
14.68	0.0000157474
14.69	0.0000156708
14.7	0.0000155898
14.71	0.0000155029
14.72	0.0000154100
14.73	0.0000153108
14.74	0.0000152049
14.75	0.0000150919
14.76	0.0000149716
14.77	0.0000148440
14.78	0.0000147086
14.79	0.0000145655
14.8	0.0000144145
14.81	0.0000142556
14.82	0.0000140891
14.83	0.0000139148
14.84	0.0000137328
14.85	0.0000135432
14.86	0.0000133463
14.87	0.0000131419
14.88	0.0000129300
14.89	0.0000127104
14.9	0.0000124831
14.91	0.0000122482
14.92	0.0000120056
14.93	0.0000117550
14.94	0.0000114966
14.95	0.0000112299
14.96	0.0000109551
14.97	0.0000106719
14.98	0.0000103805
14.99	0.0000100806
15	0.0000097725
15.01	0.0000094563
15.02	0.0000091324
15.03	0.0000088009
15.04	0.0000084618
15.05	0.0000081162
15.06	0.0000077644
15.07	0.0000074072
15.08	0.0000070451
15.09	0.0000066791
15.1	0.0000063102
15.11	0.0000059394
15.12	0.0000055677
15.13	0.0000051960
15.14	0.0000048258
15.15	0.0000044580
15.16	0.0000040940
15.17	0.0000037348
15.18	0.0000033815
15.19	0.0000030351
15.2	0.0000026964
15.21	0.0000023665
15.22	0.0000020460
15.23	0.0000017357
15.24	0.0000014359
15.25	0.0000011471
15.26	0.0000008697
15.27	0.0000006041
15.28	0.0000003503
15.29	0.0000001085
15.3	-0.0000001213
15.31	-0.0000003392
15.32	-0.0000005453
15.33	-0.0000007397
15.34	-0.0000009228
15.35	-0.0000010948
15.36	-0.0000012558
15.37	-0.0000014063
15.38	-0.0000015467
15.39	-0.0000016773
15.4	-0.0000017987
15.41	-0.0000019110
15.42	-0.0000020147
15.43	-0.0000021103
15.44	-0.0000021980
15.45	-0.0000022784
15.46	-0.0000023517
15.47	-0.0000024181
15.48	-0.0000024781
15.49	-0.0000025324
15.5	-0.0000025811
15.51	-0.0000026245
15.52	-0.0000026629
15.53	-0.0000026965
15.54	-0.0000027256
15.55	-0.0000027507
15.56	-0.0000027718
15.57	-0.0000027892
15.58	-0.0000028028
15.59	-0.0000028133
15.6	-0.0000028207
15.61	-0.0000028250
15.62	-0.0000028264
15.63	-0.0000028251
15.64	-0.0000028212
15.65	-0.0000028147
15.66	-0.0000028057
15.67	-0.0000027944
15.68	-0.0000027807
15.69	-0.0000027644
15.7	-0.0000027458
15.71	-0.0000027249
15.72	-0.0000027017
15.73	-0.0000026758
15.74	-0.0000026474
15.75	-0.0000026168
15.76	-0.0000025833
15.77	-0.0000025470
15.78	-0.0000025082
15.79	-0.0000024664
15.8	-0.0000024220
15.81	-0.0000023748
15.82	-0.0000023243
15.83	-0.0000022715
15.84	-0.0000022161
15.85	-0.0000021576
15.86	-0.0000020970
15.87	-0.0000020345
15.88	-0.0000019696
15.89	-0.0000019036
15.9	-0.0000018362
15.91	-0.0000017682
15.92	-0.0000016997
15.93	-0.0000016317
15.94	-0.0000015641
15.95	-0.0000014980
15.96	-0.0000014335
15.97	-0.0000013721
15.98	-0.0000013138
15.99	-0.0000012602
16	-0.0000012115
16.01	-0.0000011692
16.02	-0.0000011347
16.03	-0.0000011089
16.04	-0.0000010934
16.05	-0.0000010900
16.06	-0.0000011004
16.07	-0.0000011268
16.08	-0.0000011714
16.09	-0.0000012369
16.1	-0.0000013255
16.11	-0.0000014412
16.12	-0.0000015852
16.13	-0.0000017620
16.14	-0.0000019742
16.15	-0.0000022245
16.16	-0.0000025152
16.17	-0.0000028486
16.18	-0.0000032260
16.19	-0.0000036477
16.2	-0.0000041138
16.21	-0.0000046227
16.22	-0.0000051717
16.23	-0.0000057577
16.24	-0.0000063771
16.25	-0.0000070246
16.26	-0.0000076972
16.27	-0.0000083899
16.28	-0.0000090985
16.29	-0.0000098202
16.3	-0.0000105499
16.31	-0.0000112833
16.32	-0.0000120178
16.33	-0.0000127485
16.34	-0.0000134726
16.35	-0.0000141870
16.36	-0.0000148871
16.37	-0.0000155706
16.38	-0.0000162344
16.39	-0.0000168737
16.4	-0.0000174863
16.41	-0.0000180688
16.42	-0.0000186178
16.43	-0.0000191301
16.44	-0.0000196049
16.45	-0.0000200384
16.46	-0.0000204293
16.47	-0.0000207774
16.48	-0.0000210813
16.49	-0.0000213390
16.5	-0.0000215536
16.51	-0.0000217247
16.52	-0.0000218535
16.53	-0.0000219416
16.54	-0.0000219905
16.55	-0.0000220024
16.56	-0.0000219811
16.57	-0.0000219273
16.58	-0.0000218456
16.59	-0.0000217386
16.6	-0.0000216087
16.61	-0.0000214597
16.62	-0.0000212952
16.63	-0.0000211168
16.64	-0.0000209278
16.65	-0.0000207317
16.66	-0.0000205308
16.67	-0.0000203266
16.68	-0.0000201221
16.69	-0.0000199200
16.7	-0.0000197199
16.71	-0.0000195251
16.72	-0.0000193368
16.73	-0.0000191554
16.74	-0.0000189824
16.75	-0.0000188185
16.76	-0.0000186643
16.77	-0.0000185201
16.78	-0.0000183866
16.79	-0.0000182640
16.8	-0.0000181521
16.81	-0.0000180516
16.82	-0.0000179621
16.83	-0.0000178840
16.84	-0.0000178172
16.85	-0.0000177615
16.86	-0.0000177168
16.87	-0.0000176828
16.88	-0.0000176594
16.89	-0.0000176464
16.9	-0.0000176433
16.91	-0.0000176503
16.92	-0.0000176666
16.93	-0.0000176923
16.94	-0.0000177267
16.95	-0.0000177698
16.96	-0.0000178209
16.97	-0.0000178796
16.98	-0.0000179463
16.99	-0.0000180206
17	-0.0000181030
17.01	-0.0000181934
17.02	-0.0000182922
17.03	-0.0000183996
17.04	-0.0000185160
17.05	-0.0000186421
17.06	-0.0000187785
17.07	-0.0000189266
17.08	-0.0000190871
17.09	-0.0000192614
17.1	-0.0000194511
17.11	-0.0000196586
17.12	-0.0000198865
17.13	-0.0000201371
17.14	-0.0000204135
17.15	-0.0000207185
17.16	-0.0000210546
17.17	-0.0000214234
17.18	-0.0000218267
17.19	-0.0000222649
17.2	-0.0000227368
17.21	-0.0000232397
17.22	-0.0000237697
17.23	-0.0000243203
17.24	-0.0000248838
17.25	-0.0000254507
17.26	-0.0000260124
17.27	-0.0000265606
17.28	-0.0000270851
17.29	-0.0000275777
17.3	-0.0000280305
17.31	-0.0000284351
17.32	-0.0000287845
17.33	-0.0000290718
17.34	-0.0000292915
17.35	-0.0000294399
17.36	-0.0000295135
17.37	-0.0000295116
17.38	-0.0000294347
17.39	-0.0000292848
17.4	-0.0000290650
17.41	-0.0000287803
17.42	-0.0000284370
17.43	-0.0000280411
17.44	-0.0000275999
17.45	-0.0000271217
17.46	-0.0000266134
17.47	-0.0000260831
17.48	-0.0000255383
17.49	-0.0000249857
17.5	-0.0000244314
17.51	-0.0000238817
17.52	-0.0000233409
17.53	-0.0000228132
17.54	-0.0000223020
17.55	-0.0000218086
17.56	-0.0000213353
17.57	-0.0000208821
17.58	-0.0000204498
17.59	-0.0000200389
17.6	-0.0000196491
17.61	-0.0000192804
17.62	-0.0000189324
17.63	-0.0000186045
17.64	-0.0000182958
17.65	-0.0000180059
17.66	-0.0000177347
17.67	-0.0000174818
17.68	-0.0000172473
17.69	-0.0000170311
17.7	-0.0000168328
17.71	-0.0000166518
17.72	-0.0000164877
17.73	-0.0000163401
17.74	-0.0000162080
17.75	-0.0000160907
17.76	-0.0000159880
17.77	-0.0000158985
17.78	-0.0000158219
17.79	-0.0000157569
17.8	-0.0000157033
17.81	-0.0000156599
17.82	-0.0000156262
17.83	-0.0000156013
17.84	-0.0000155847
17.85	-0.0000155757
17.86	-0.0000155736
17.87	-0.0000155775
17.88	-0.0000155868
17.89	-0.0000156006
17.9	-0.0000156184
17.91	-0.0000156393
17.92	-0.0000156625
17.93	-0.0000156868
17.94	-0.0000157120
17.95	-0.0000157367
17.96	-0.0000157613
17.97	-0.0000157842
17.98	-0.0000158048
17.99	-0.0000158229
18	-0.0000158372
18.01	-0.0000158476
18.02	-0.0000158539
18.03	-0.0000158551
18.04	-0.0000158509
18.05	-0.0000158411
18.06	-0.0000158256
18.07	-0.0000158038
18.08	-0.0000157751
18.09	-0.0000157389
18.1	-0.0000156947
18.11	-0.0000156418
18.12	-0.0000155794
18.13	-0.0000155065
18.14	-0.0000154220
18.15	-0.0000153249
18.16	-0.0000152142
18.17	-0.0000150889
18.18	-0.0000149481
18.19	-0.0000147914
18.2	-0.0000146182
18.21	-0.0000144278
18.22	-0.0000142203
18.23	-0.0000139953
18.24	-0.0000137533
18.25	-0.0000134945
18.26	-0.0000132196
18.27	-0.0000129294
18.28	-0.0000126247
18.29	-0.0000123067
18.3	-0.0000119765
18.31	-0.0000116354
18.32	-0.0000112850
18.33	-0.0000109266
18.34	-0.0000105617
18.35	-0.0000101919
18.36	-0.0000098185
18.37	-0.0000094431
18.38	-0.0000090672
18.39	-0.0000086925
18.4	-0.0000083201
18.41	-0.0000079515
18.42	-0.0000075878
18.43	-0.0000072301
18.44	-0.0000068797
18.45	-0.0000065372
18.46	-0.0000062036
18.47	-0.0000058795
18.48	-0.0000055654
18.49	-0.0000052617
18.5	-0.0000049689
18.51	-0.0000046870
18.52	-0.0000044161
18.53	-0.0000041562
18.54	-0.0000039069
18.55	-0.0000036681
18.56	-0.0000034394
18.57	-0.0000032204
18.58	-0.0000030107
18.59	-0.0000028099
18.6	-0.0000026171
18.61	-0.0000024321
18.62	-0.0000022544
18.63	-0.0000020831
18.64	-0.0000019180
18.65	-0.0000017581
18.66	-0.0000016034
18.67	-0.0000014534
18.68	-0.0000013081
18.69	-0.0000011670
18.7	-0.0000010301
18.71	-0.0000008972
18.72	-0.0000007683
18.73	-0.0000006431
18.74	-0.0000005217
18.75	-0.0000004044
18.76	-0.0000002915
18.77	-0.0000001829
18.78	-0.0000000785
18.79	0.0000000213
18.8	0.0000001165
18.81	0.0000002067
18.82	0.0000002919
18.83	0.0000003721
18.84	0.0000004472
18.85	0.0000005172
18.86	0.0000005818
18.87	0.0000006410
18.88	0.0000006945
18.89	0.0000007428
18.9	0.0000007858
18.91	0.0000008237
18.92	0.0000008564
18.93	0.0000008838
18.94	0.0000009060
18.95	0.0000009231
18.96	0.0000009355
18.97	0.0000009434
18.98	0.0000009467
18.99	0.0000009456
19	0.0000009400
19.01	0.0000009305
19.02	0.0000009174
19.03	0.0000009008
19.04	0.0000008809
19.05	0.0000008575
19.06	0.0000008312
19.07	0.0000008026
19.08	0.0000007715
19.09	0.0000007380
19.1	0.0000007022
19.11	0.0000006651
19.12	0.0000006266
19.13	0.0000005868
19.14	0.0000005458
19.15	0.0000005041
19.16	0.0000004621
19.17	0.0000004199
19.18	0.0000003773
19.19	0.0000003351
19.2	0.0000002933
19.21	0.0000002519
19.22	0.0000002110
19.23	0.0000001714
19.24	0.0000001328
19.25	0.0000000952
19.26	0.0000000589
19.27	0.0000000244
19.28	-0.0000000087
19.29	-0.0000000402
19.3	-0.0000000697
19.31	-0.0000000973
19.32	-0.0000001229
19.33	-0.0000001468
19.34	-0.0000001682
19.35	-0.0000001874
19.36	-0.0000002046
19.37	-0.0000002191
19.38	-0.0000002313
19.39	-0.0000002413
19.4	-0.0000002485
19.41	-0.0000002530
19.42	-0.0000002554
19.43	-0.0000002550
19.44	-0.0000002517
19.45	-0.0000002460
19.46	-0.0000002374
19.47	-0.0000002257
19.48	-0.0000002114
19.49	-0.0000001940
19.5	-0.0000001741
19.51	-0.0000001497
19.52	-0.0000001229
19.53	-0.0000000923
19.54	-0.0000000582
19.55	-0.0000000199
19.56	0.0000000227
19.57	0.0000000699
19.58	0.0000001225
19.59	0.0000001802
19.6	0.0000002442
19.61	0.0000003147
19.62	0.0000003923
19.63	0.0000004777
19.64	0.0000005719
19.65	0.0000006756
19.66	0.0000007901
19.67	0.0000009162
19.68	0.0000010556
19.69	0.0000012097
19.7	0.0000013801
19.71	0.0000015690
19.72	0.0000017786
19.73	0.0000020118
19.74	0.0000022720
19.75	0.0000025628
19.76	0.0000028883
19.77	0.0000032532
19.78	0.0000036626
19.79	0.0000041219
19.8	0.0000046364
19.81	0.0000052110
19.82	0.0000058484
19.83	0.0000065500
19.84	0.0000073131
19.85	0.0000081306
19.86	0.0000089917
19.87	0.0000098823
19.88	0.0000107872
19.89	0.0000116877
19.9	0.0000125694
19.91	0.0000134177
19.92	0.0000142222
19.93	0.0000149750
19.94	0.0000156701
19.95	0.0000163033
19.96	0.0000168715
19.97	0.0000173725
19.98	0.0000178045
19.99	0.0000181692
20	0.0000184640
20.01	0.0000186927
20.02	0.0000188566
20.03	0.0000189581
20.04	0.0000190012
20.05	0.0000189886
20.06	0.0000189241
20.07	0.0000188108
20.08	0.0000186543
20.09	0.0000184584
20.1	0.0000182275
20.11	0.0000179663
20.12	0.0000176792
20.13	0.0000173710
20.14	0.0000170454
20.15	0.0000167063
20.16	0.0000163578
20.17	0.0000160027
20.18	0.0000156448
20.19	0.0000152867
20.2	0.0000149303
20.21	0.0000145779
20.22	0.0000142317
20.23	0.0000138931
20.24	0.0000135633
20.25	0.0000132431
20.26	0.0000129342
20.27	0.0000126365
20.28	0.0000123515
20.29	0.0000120789
20.3	0.0000118194
20.31	0.0000115735
20.32	0.0000113398
20.33	0.0000111200
20.34	0.0000109132
20.35	0.0000107195
20.36	0.0000105386
20.37	0.0000103700
20.38	0.0000102136
20.39	0.0000100691
20.4	0.0000099359
20.41	0.0000098135
20.42	0.0000097016
20.43	0.0000095995
20.44	0.0000095068
20.45	0.0000094230
20.46	0.0000093473
20.47	0.0000092788
20.48	0.0000092171
20.49	0.0000091614
20.5	0.0000091112
20.51	0.0000090653
20.52	0.0000090232
20.53	0.0000089841
20.54	0.0000089474
20.55	0.0000089124
20.56	0.0000088788
20.57	0.0000088459
20.58	0.0000088131
20.59	0.0000087800
20.6	0.0000087463
20.61	0.0000087117
20.62	0.0000086757
20.63	0.0000086383
20.64	0.0000085994
20.65	0.0000085588
20.66	0.0000085176
20.67	0.0000084761
20.68	0.0000084353
20.69	0.0000083962
20.7	0.0000083598
20.71	0.0000083275
20.72	0.0000083001
20.73	0.0000082789
20.74	0.0000082647
20.75	0.0000082585
20.76	0.0000082608
20.77	0.0000082737
20.78	0.0000082993
20.79	0.0000083404
20.8	0.0000083990
20.81	0.0000084772
20.82	0.0000085770
20.83	0.0000087000
20.84	0.0000088479
20.85	0.0000090208
20.86	0.0000092188
20.87	0.0000094405
20.88	0.0000096845
20.89	0.0000099480
20.9	0.0000102279
20.91	0.0000105205
20.92	0.0000108223
20.93	0.0000111304
20.94	0.0000114419
20.95	0.0000117535
20.96	0.0000120629
20.97	0.0000123677
20.98	0.0000126655
20.99	0.0000129546
21	0.0000132330
21.01	0.0000134989
21.02	0.0000137505
21.03	0.0000139860
21.04	0.0000142034
21.05	0.0000144016
21.06	0.0000145786
21.07	0.0000147337
21.08	0.0000148654
21.09	0.0000149733
21.1	0.0000150572
21.11	0.0000151178
21.12	0.0000151566
21.13	0.0000151740
21.14	0.0000151719
21.15	0.0000151520
21.16	0.0000151155
21.17	0.0000150646
21.18	0.0000150007
21.19	0.0000149261
21.2	0.0000148419
21.21	0.0000147504
21.22	0.0000146529
21.23	0.0000145508
21.24	0.0000144459
21.25	0.0000143388
21.26	0.0000142311
21.27	0.0000141233
21.28	0.0000140167
21.29	0.0000139119
21.3	0.0000138096
21.31	0.0000137104
21.32	0.0000136146
21.33	0.0000135229
21.34	0.0000134355
21.35	0.0000133527
21.36	0.0000132747
21.37	0.0000132017
21.38	0.0000131338
21.39	0.0000130709
21.4	0.0000130132
21.41	0.0000129605
21.42	0.0000129129
21.43	0.0000128702
21.44	0.0000128320
21.45	0.0000127985
21.46	0.0000127693
21.47	0.0000127440
21.48	0.0000127226
21.49	0.0000127047
21.5	0.0000126900
21.51	0.0000126783
21.52	0.0000126690
21.53	0.0000126620
21.54	0.0000126571
21.55	0.0000126537
21.56	0.0000126516
21.57	0.0000126505
21.58	0.0000126503
21.59	0.0000126504
21.6	0.0000126506
21.61	0.0000126508
21.62	0.0000126506
21.63	0.0000126499
21.64	0.0000126484
21.65	0.0000126458
21.66	0.0000126420
21.67	0.0000126365
21.68	0.0000126294
21.69	0.0000126206
21.7	0.0000126090
21.71	0.0000125954
21.72	0.0000125791
21.73	0.0000125599
21.74	0.0000125377
21.75	0.0000125121
21.76	0.0000124830
21.77	0.0000124501
21.78	0.0000124134
21.79	0.0000123727
21.8	0.0000123276
21.81	0.0000122780
21.82	0.0000122237
21.83	0.0000121644
21.84	0.0000121001
21.85	0.0000120305
21.86	0.0000119556
21.87	0.0000118750
21.88	0.0000117887
21.89	0.0000116963
21.9	0.0000115979
21.91	0.0000114934
21.92	0.0000113827
21.93	0.0000112658
21.94	0.0000111426
21.95	0.0000110131
21.96	0.0000108774
21.97	0.0000107355
21.98	0.0000105876
21.99	0.0000104338
22	0.0000102742
22.01	0.0000101089
22.02	0.0000099384
22.03	0.0000097629
22.04	0.0000095826
22.05	0.0000093979
22.06	0.0000092090
22.07	0.0000090165
22.08	0.0000088207
22.09	0.0000086221
22.1	0.0000084211
22.11	0.0000082184
22.12	0.0000080144
22.13	0.0000078097
22.14	0.0000076046
22.15	0.0000073996
22.16	0.0000071951
22.17	0.0000069915
22.18	0.0000067893
22.19	0.0000065887
22.2	0.0000063900
22.21	0.0000061935
22.22	0.0000059994
22.23	0.0000058079
22.24	0.0000056190
22.25	0.0000054328
22.26	0.0000052493
22.27	0.0000050684
22.28	0.0000048900
22.29	0.0000047143
22.3	0.0000045409
22.31	0.0000043698
22.32	0.0000042008
22.33	0.0000040338
22.34	0.0000038687
22.35	0.0000037054
22.36	0.0000035436
22.37	0.0000033832
22.38	0.0000032241
22.39	0.0000030661
22.4	0.0000029091
22.41	0.0000027530
22.42	0.0000025978
22.43	0.0000024435
22.44	0.0000022899
22.45	0.0000021372
22.46	0.0000019853
22.47	0.0000018344
22.48	0.0000016845
22.49	0.0000015358
22.5	0.0000013886
22.51	0.0000012430
22.52	0.0000010992
22.53	0.0000009577
22.54	0.0000008191
22.55	0.0000006829
22.56	0.0000005496
22.57	0.0000004196
22.58	0.0000002938
22.59	0.0000001722
22.6	0.0000000545
22.61	-0.0000000590
22.62	-0.0000001671
22.63	-0.0000002697
22.64	-0.0000003672
22.65	-0.0000004598
22.66	-0.0000005464
22.67	-0.0000006266
22.68	-0.0000007010
22.69	-0.0000007698
22.7	-0.0000008323
22.71	-0.0000008886
22.72	-0.0000009382
22.73	-0.0000009823
22.74	-0.0000010206
22.75	-0.0000010526
22.76	-0.0000010787
22.77	-0.0000010993
22.78	-0.0000011149
22.79	-0.0000011247
22.8	-0.0000011294
22.81	-0.0000011302
22.82	-0.0000011261
22.83	-0.0000011178
22.84	-0.0000011062
22.85	-0.0000010916
22.86	-0.0000010732
22.87	-0.0000010525
22.88	-0.0000010312
22.89	-0.0000010065
22.9	-0.0000009819
22.91	-0.0000009570
22.92	-0.0000009313
22.93	-0.0000009070
22.94	-0.0000008838
22.95	-0.0000008621
22.96	-0.0000008434
22.97	-0.0000008272
22.98	-0.0000008156
22.99	-0.0000008082
23	-0.0000008062
23.01	-0.0000008107
23.02	-0.0000008221
23.03	-0.0000008420
23.04	-0.0000008712
23.05	-0.0000009108
23.06	-0.0000009623
23.07	-0.0000010270
23.08	-0.0000011062
23.09	-0.0000012018
23.1	-0.0000013150
23.11	-0.0000014476
23.12	-0.0000016012
23.13	-0.0000017779
23.14	-0.0000019785
23.15	-0.0000022049
23.16	-0.0000024581
23.17	-0.0000027388
23.18	-0.0000030478
23.19	-0.0000033850
23.2	-0.0000037501
23.21	-0.0000041417
23.22	-0.0000045591
23.23	-0.0000050002
23.24	-0.0000054634
23.25	-0.0000059467
23.26	-0.0000064487
23.27	-0.0000069677
23.28	-0.0000075020
23.29	-0.0000080496
23.3	-0.0000086088
23.31	-0.0000091768
23.32	-0.0000097521
23.33	-0.0000103315
23.34	-0.0000109128
23.35	-0.0000114930
23.36	-0.0000120696
23.37	-0.0000126394
23.38	-0.0000131992
23.39	-0.0000137464
23.4	-0.0000142769
23.41	-0.0000147886
23.42	-0.0000152786
23.43	-0.0000157440
23.44	-0.0000161818
23.45	-0.0000165905
23.46	-0.0000169662
23.47	-0.0000173084
23.48	-0.0000176148
23.49	-0.0000178840
23.5	-0.0000181158
23.51	-0.0000183089
23.52	-0.0000184633
23.53	-0.0000185788
23.54	-0.0000186564
23.55	-0.0000186965
23.56	-0.0000187005
23.57	-0.0000186702
23.58	-0.0000186072
23.59	-0.0000185131
23.6	-0.0000183916
23.61	-0.0000182440
23.62	-0.0000180735
23.63	-0.0000178826
23.64	-0.0000176743
23.65	-0.0000174512
23.66	-0.0000172156
23.67	-0.0000169708
23.68	-0.0000167192
23.69	-0.0000164630
23.7	-0.0000162043
23.71	-0.0000159458
23.72	-0.0000156889
23.73	-0.0000154360
23.74	-0.0000151878
23.75	-0.0000149465
23.76	-0.0000147131
23.77	-0.0000144885
23.78	-0.0000142734
23.79	-0.0000140689
23.8	-0.0000138756
23.81	-0.0000136936
23.82	-0.0000135233
23.83	-0.0000133649
23.84	-0.0000132186
23.85	-0.0000130845
23.86	-0.0000129620
23.87	-0.0000128512
23.88	-0.0000127518
23.89	-0.0000126641
23.9	-0.0000125875
23.91	-0.0000125216
23.92	-0.0000124661
23.93	-0.0000124207
23.94	-0.0000123850
23.95	-0.0000123584
23.96	-0.0000123405
23.97	-0.0000123312
23.98	-0.0000123295
23.99	-0.0000123354
24	-0.0000123484
24.01	-0.0000123680
24.02	-0.0000123938
24.03	-0.0000124252
24.04	-0.0000124617
24.05	-0.0000125036
24.06	-0.0000125505
24.07	-0.0000126026
24.08	-0.0000126600
24.09	-0.0000127228
24.1	-0.0000127910
24.11	-0.0000128653
24.12	-0.0000129464
24.13	-0.0000130347
24.14	-0.0000131314
24.15	-0.0000132373
24.16	-0.0000133540
24.17	-0.0000134825
24.18	-0.0000136244
24.19	-0.0000137816
24.2	-0.0000139547
24.21	-0.0000141457
24.22	-0.0000143555
24.23	-0.0000145846
24.24	-0.0000148324
24.25	-0.0000150962
24.26	-0.0000153763
24.27	-0.0000156717
24.28	-0.0000159803
24.29	-0.0000162995
24.3	-0.0000166267
24.31	-0.0000169580
24.32	-0.0000172888
24.33	-0.0000176135
24.34	-0.0000179259
24.35	-0.0000182197
24.36	-0.0000184889
24.37	-0.0000187283
24.38	-0.0000189327
24.39	-0.0000190974
24.4	-0.0000192186
24.41	-0.0000192934
24.42	-0.0000193205
24.43	-0.0000192985
24.44	-0.0000192276
24.45	-0.0000191089
24.46	-0.0000189448
24.47	-0.0000187383
24.48	-0.0000184932
24.49	-0.0000182137
24.5	-0.0000179050
24.51	-0.0000175719
24.52	-0.0000172200
24.53	-0.0000168544
24.54	-0.0000164808
24.55	-0.0000161043
24.56	-0.0000157296
24.57	-0.0000153615
24.58	-0.0000150040
24.59	-0.0000146603
24.6	-0.0000143333
24.61	-0.0000140255
24.62	-0.0000137389
24.63	-0.0000134746
24.64	-0.0000132331
24.65	-0.0000130144
24.66	-0.0000128195
24.67	-0.0000126480
24.68	-0.0000124992
24.69	-0.0000123731
24.7	-0.0000122686
24.71	-0.0000121846
24.72	-0.0000121202
24.73	-0.0000120744
24.74	-0.0000120459
24.75	-0.0000120335
24.76	-0.0000120362
24.77	-0.0000120530
24.78	-0.0000120824
24.79	-0.0000121236
24.8	-0.0000121752
24.81	-0.0000122363
24.82	-0.0000123057
24.83	-0.0000123822
24.84	-0.0000124655
24.85	-0.0000125541
24.86	-0.0000126474
24.87	-0.0000127443
24.88	-0.0000128441
24.89	-0.0000129460
24.9	-0.0000130496
24.91	-0.0000131537
24.92	-0.0000132572
24.93	-0.0000133599
24.94	-0.0000134612
24.95	-0.0000135606
24.96	-0.0000136573
24.97	-0.0000137508
24.98	-0.0000138405
24.99	-0.0000139261
25	-0.0000140070
25.01	-0.0000140831
25.02	-0.0000141535
25.03	-0.0000142176
25.04	-0.0000142754
25.05	-0.0000143266
25.06	-0.0000143706
25.07	-0.0000144076
25.08	-0.0000144369
25.09	-0.0000144588
25.1	-0.0000144734
25.11	-0.0000144805
25.12	-0.0000144797
25.13	-0.0000144714
25.14	-0.0000144556
25.15	-0.0000144324
25.16	-0.0000144016
25.17	-0.0000143635
25.18	-0.0000143179
25.19	-0.0000142647
25.2	-0.0000142038
25.21	-0.0000141351
25.22	-0.0000140587
25.23	-0.0000139740
25.24	-0.0000138810
25.25	-0.0000137793
25.26	-0.0000136689
25.27	-0.0000135494
25.28	-0.0000134205
25.29	-0.0000132817
25.3	-0.0000131327
25.31	-0.0000129734
25.32	-0.0000128034
25.33	-0.0000126228
25.34	-0.0000124316
25.35	-0.0000122298
25.36	-0.0000120174
25.37	-0.0000117947
25.38	-0.0000115620
25.39	-0.0000113198
25.4	-0.0000110687
25.41	-0.0000108097
25.42	-0.0000105434
25.43	-0.0000102709
25.44	-0.0000099931
25.45	-0.0000097110
25.46	-0.0000094255
25.47	-0.0000091376
25.48	-0.0000088483
25.49	-0.0000085586
25.5	-0.0000082691
25.51	-0.0000079811
25.52	-0.0000076953
25.53	-0.0000074126
25.54	-0.0000071336
25.55	-0.0000068591
25.56	-0.0000065896
25.57	-0.0000063256
25.58	-0.0000060676
25.59	-0.0000058160
25.6	-0.0000055710
25.61	-0.0000053328
25.62	-0.0000051015
25.63	-0.0000048771
25.64	-0.0000046596
25.65	-0.0000044490
25.66	-0.0000042450
25.67	-0.0000040474
25.68	-0.0000038564
25.69	-0.0000036713
25.7	-0.0000034918
25.71	-0.0000033177
25.72	-0.0000031487
25.73	-0.0000029846
25.74	-0.0000028250
25.75	-0.0000026696
25.76	-0.0000025181
25.77	-0.0000023706
25.78	-0.0000022268
25.79	-0.0000020861
25.8	-0.0000019485
25.81	-0.0000018141
25.82	-0.0000016825
25.83	-0.0000015537
25.84	-0.0000014276
25.85	-0.0000013043
25.86	-0.0000011832
25.87	-0.0000010652
25.88	-0.0000009502
25.89	-0.0000008377
25.9	-0.0000007280
25.91	-0.0000006215
25.92	-0.0000005182
25.93	-0.0000004178
25.94	-0.0000003211
25.95	-0.0000002281
25.96	-0.0000001385
25.97	-0.0000000526
25.98	0.0000000294
25.99	0.0000001073
26	0.0000001809
26.01	0.0000002509
26.02	0.0000003168
26.03	0.0000003781
26.04	0.0000004351
26.05	0.0000004878
26.06	0.0000005368
26.07	0.0000005811
26.08	0.0000006209
26.09	0.0000006562
26.1	0.0000006878
26.11	0.0000007147
26.12	0.0000007373
26.13	0.0000007556
26.14	0.0000007701
26.15	0.0000007799
26.16	0.0000007857
26.17	0.0000007876
26.18	0.0000007856
26.19	0.0000007796
26.2	0.0000007696
26.21	0.0000007556
26.22	0.0000007390
26.23	0.0000007183
26.24	0.0000006942
26.25	0.0000006673
26.26	0.0000006372
26.27	0.0000006047
26.28	0.0000005692
26.29	0.0000005320
26.3	0.0000004929
26.31	0.0000004515
26.32	0.0000004095
26.33	0.0000003662
26.34	0.0000003221
26.35	0.0000002778
26.36	0.0000002341
26.37	0.0000001895
26.38	0.0000001470
26.39	0.0000001048
26.4	0.0000000648
26.41	0.0000000266
26.42	-0.0000000088
26.43	-0.0000000415
26.44	-0.0000000704
26.45	-0.0000000954
26.46	-0.0000001158
26.47	-0.0000001310
26.48	-0.0000001406
26.49	-0.0000001437
26.5	-0.0000001395
26.51	-0.0000001274
26.52	-0.0000001064
26.53	-0.0000000753
26.54	-0.0000000335
26.55	0.0000000208
26.56	0.0000000883
26.57	0.0000001708
26.58	0.0000002698
26.59	0.0000003870
26.6	0.0000005244
26.61	0.0000006840
26.62	0.0000008683
26.63	0.0000010793
26.64	0.0000013198
26.65	0.0000015922
26.66	0.0000018986
26.67	0.0000022410
26.68	0.0000026211
26.69	0.0000030403
26.7	0.0000034996
26.71	0.0000039991
26.72	0.0000045380
26.73	0.0000051157
26.74	0.0000057296
26.75	0.0000063765
26.76	0.0000070529
26.77	0.0000077548
26.78	0.0000084782
26.79	0.0000092191
26.8	0.0000099735
26.81	0.0000107368
26.82	0.0000115045
26.83	0.0000122715
26.84	0.0000130324
26.85	0.0000137806
26.86	0.0000145112
26.87	0.0000152163
26.88	0.0000158907
26.89	0.0000165275
26.9	0.0000171204
26.91	0.0000176650
26.92	0.0000181568
26.93	0.0000185918
26.94	0.0000189668
26.95	0.0000192801
26.96	0.0000195311
26.97	0.0000197190
26.98	0.0000198445
26.99	0.0000199091
27	0.0000199159
27.01	0.0000198665
27.02	0.0000197654
27.03	0.0000196161
27.04	0.0000194242
27.05	0.0000191939
27.06	0.0000189302
27.07	0.0000186379
27.08	0.0000183229
27.09	0.0000179890
27.1	0.0000176420
27.11	0.0000172847
27.12	0.0000169226
27.13	0.0000165586
27.14	0.0000161962
27.15	0.0000158389
27.16	0.0000154886
27.17	0.0000151475
27.18	0.0000148183
27.19	0.0000145009
27.2	0.0000141982
27.21	0.0000139108
27.22	0.0000136390
27.23	0.0000133835
27.24	0.0000131447
27.25	0.0000129224
27.26	0.0000127172
27.27	0.0000125281
27.28	0.0000123549
27.29	0.0000121974
27.3	0.0000120550
27.31	0.0000119270
27.32	0.0000118131
27.33	0.0000117121
27.34	0.0000116237
27.35	0.0000115467
27.36	0.0000114811
27.37	0.0000114262
27.38	0.0000113815
27.39	0.0000113464
27.4	0.0000113203
27.41	0.0000113027
27.42	0.0000112934
27.43	0.0000112918
27.44	0.0000112974
27.45	0.0000113101
27.46	0.0000113296
27.47	0.0000113553
27.48	0.0000113875
27.49	0.0000114258
27.5	0.0000114698
27.51	0.0000115197
27.52	0.0000115751
27.53	0.0000116355
27.54	0.0000117008
27.55	0.0000117718
27.56	0.0000118487
27.57	0.0000119320
27.58	0.0000120225
27.59	0.0000121208
27.6	0.0000122275
27.61	0.0000123442
27.62	0.0000124717
27.63	0.0000126115
27.64	0.0000127654
27.65	0.0000129350
27.66	0.0000131220
27.67	0.0000133275
27.68	0.0000135512
27.69	0.0000137929
27.7	0.0000140496
27.71	0.0000143198
27.72	0.0000146027
27.73	0.0000148954
27.74	0.0000151950
27.75	0.0000154991
27.76	0.0000158037
27.77	0.0000161048
27.78	0.0000163977
27.79	0.0000166773
27.8	0.0000169392
27.81	0.0000171778
27.82	0.0000173883
27.83	0.0000175667
27.84	0.0000177091
27.85	0.0000178131
27.86	0.0000178777
27.87	0.0000179027
27.88	0.0000178890
27.89	0.0000178383
27.9	0.0000177533
27.91	0.0000176371
27.92	0.0000174933
27.93	0.0000173268
27.94	0.0000171418
27.95	0.0000169428
27.96	0.0000167340
27.97	0.0000165201
27.98	0.0000163043
27.99	0.0000160896
28	0.0000158794

