0.01	0.000000916731
0.02	0.000000767005
0.03	0.000000699446
0.04	0.000000662087
0.05	0.000000640076
0.06	0.000000627177
0.07	0.000000620249
0.08	0.000000617513
0.09	0.000000617936
0.1	0.000000620638
0.11	0.000000625145
0.12	0.000000631034
0.13	0.000000638107
0.14	0.000000646109
0.15	0.000000654933
0.16	0.000000664455
0.17	0.000000674592
0.18	0.000000685286
0.19	0.000000696482
0.2	0.000000708143
0.21	0.000000720243
0.22	0.000000732736
0.23	0.000000745629
0.24	0.000000758871
0.25	0.000000772456
0.26	0.000000786337
0.27	0.000000800532
0.28	0.000000814984
0.29	0.000000829662
0.3	0.000000844546
0.31	0.000000859624
0.32	0.000000874860
0.33	0.000000890229
0.34	0.000000905694
0.35	0.000000921226
0.36	0.000000936771
0.37	0.000000952336
0.38	0.000000967876
0.39	0.000000983334
0.4	0.000000998707
0.41	0.000001013894
0.42	0.000001028867
0.43	0.000001043633
0.44	0.000001058125
0.45	0.000001072307
0.46	0.000001086107
0.47	0.000001099499
0.48	0.000001112427
0.49	0.000001124911
0.5	0.000001136892
0.51	0.000001148259
0.52	0.000001159083
0.53	0.000001169237
0.54	0.000001178792
0.55	0.000001187771
0.56	0.000001195946
0.57	0.000001203428
0.58	0.000001210226
0.59	0.000001216216
0.6	0.000001221683
0.61	0.000001226291
0.62	0.000001230138
0.63	0.000001233222
0.64	0.000001235581
0.65	0.000001237266
0.66	0.000001238173
0.67	0.000001238317
0.68	0.000001237767
0.69	0.000001236475
0.7	0.000001234488
0.71	0.000001231737
0.72	0.000001228256
0.73	0.000001224047
0.74	0.000001219161
0.75	0.000001213621
0.76	0.000001207359
0.77	0.000001200427
0.78	0.000001192795
0.79	0.000001184498
0.8	0.000001175554
0.81	0.000001165972
0.82	0.000001155751
0.83	0.000001144927
0.84	0.000001133399
0.85	0.000001121324
0.86	0.000001108675
0.87	0.000001095423
0.88	0.000001081601
0.89	0.000001067169
0.9	0.000001052247
0.91	0.000001036762
0.92	0.000001020776
0.93	0.000001004274
0.94	0.000000987275
0.95	0.000000969800
0.96	0.000000951849
0.97	0.000000933461
0.98	0.000000914626
0.99	0.000000895396
1	0.000000875769
1.01	0.000000855740
1.02	0.000000835268
1.03	0.000000814573
1.04	0.000000793465
1.05	0.000000772033
1.06	0.000000750292
1.07	0.000000728287
1.08	0.000000705955
1.09	0.000000683353
1.1	0.000000660506
1.11	0.000000637425
1.12	0.000000614113
1.13	0.000000590557
1.14	0.000000566846
1.15	0.000000542936
1.16	0.000000518842
1.17	0.000000494606
1.18	0.000000470212
1.19	0.000000445667
1.2	0.000000421084
1.21	0.000000396339
1.22	0.000000371530
1.23	0.000000346644
1.24	0.000000321723
1.25	0.000000296739
1.26	0.000000271727
1.27	0.000000246682
1.28	0.000000221587
1.29	0.000000196493
1.3	0.000000171294
1.31	0.000000146300
1.32	0.000000121221
1.33	0.000000096133
1.34	0.000000071126
1.35	0.000000046142
1.36	0.000000021243
1.37	-0.000000003791
1.38	-0.000000028331
1.39	-0.000000052993
1.4	-0.000000077524
1.41	-0.000000102054
1.42	-0.000000126497
1.43	-0.000000150891
1.44	-0.000000175110
1.45	-0.000000199271
1.46	-0.000000223239
1.47	-0.000000247091
1.48	-0.000000270744
1.49	-0.000000294317
1.5	-0.000000317919
1.51	-0.000000341390
1.52	-0.000000364684
1.53	-0.000000387772
1.54	-0.000000410641
1.55	-0.000000433421
1.56	-0.000000456289
1.57	-0.000000479085
1.58	-0.000000501575
1.59	-0.000000523791
1.6	-0.000000545934
1.61	-0.000000568223
1.62	-0.000000590416
1.63	-0.000000612315
1.64	-0.000000633928
1.65	-0.000000655722
1.66	-0.000000677502
1.67	-0.000000699133
1.68	-0.000000720506
1.69	-0.000000742007
1.7	-0.000000763499
1.71	-0.000000785023
1.72	-0.000000806558
1.73	-0.000000828055
1.74	-0.000000849623
1.75	-0.000000871472
1.76	-0.000000893535
1.77	-0.000000915771
1.78	-0.000000938140
1.79	-0.000000960903
1.8	-0.000000984436
1.81	-0.000001008112
1.82	-0.000001032261
1.83	-0.000001057397
1.84	-0.000001083198
1.85	-0.000001109576
1.86	-0.000001137088
1.87	-0.000001165620
1.88	-0.000001195058
1.89	-0.000001225901
1.9	-0.000001257737
1.91	-0.000001291071
1.92	-0.000001325776
1.93	-0.000001361836
1.94	-0.000001399318
1.95	-0.000001438304
1.96	-0.000001478705
1.97	-0.000001520392
1.98	-0.000001563669
1.99	-0.000001607909
2	-0.000001653460
2.01	-0.000001699858
2.02	-0.000001747011
2.03	-0.000001794700
2.04	-0.000001842777
2.05	-0.000001890814
2.06	-0.000001938670
2.07	-0.000001985892
2.08	-0.000002032339
2.09	-0.000002077590
2.1	-0.000002121328
2.11	-0.000002163352
2.12	-0.000002203288
2.13	-0.000002241009
2.14	-0.000002276167
2.15	-0.000002308649
2.16	-0.000002338291
2.17	-0.000002364909
2.18	-0.000002388610
2.19	-0.000002409159
2.2	-0.000002426748
2.21	-0.000002441321
2.22	-0.000002452896
2.23	-0.000002461671
2.24	-0.000002467737
2.25	-0.000002471249
2.26	-0.000002472333
2.27	-0.000002471321
2.28	-0.000002468302
2.29	-0.000002463486
2.3	-0.000002457218
2.31	-0.000002449611
2.32	-0.000002440798
2.33	-0.000002431122
2.34	-0.000002420737
2.35	-0.000002409769
2.36	-0.000002398392
2.37	-0.000002386730
2.38	-0.000002374944
2.39	-0.000002363203
2.4	-0.000002351572
2.41	-0.000002340156
2.42	-0.000002328996
2.43	-0.000002318278
2.44	-0.000002307942
2.45	-0.000002298142
2.46	-0.000002288892
2.47	-0.000002280242
2.48	-0.000002272357
2.49	-0.000002265046
2.5	-0.000002258548
2.51	-0.000002252806
2.52	-0.000002247829
2.53	-0.000002243716
2.54	-0.000002240389
2.55	-0.000002237935
2.56	-0.000002236328
2.57	-0.000002235609
2.58	-0.000002235735
2.59	-0.000002236781
2.6	-0.000002238723
2.61	-0.000002241572
2.62	-0.000002245334
2.63	-0.000002250025
2.64	-0.000002255652
2.65	-0.000002262194
2.66	-0.000002269703
2.67	-0.000002278157
2.68	-0.000002287587
2.69	-0.000002297974
2.7	-0.000002309315
2.71	-0.000002321642
2.72	-0.000002334966
2.73	-0.000002349267
2.74	-0.000002364575
2.75	-0.000002380842
2.76	-0.000002398152
2.77	-0.000002416436
2.78	-0.000002435735
2.79	-0.000002456059
2.8	-0.000002477355
2.81	-0.000002499680
2.82	-0.000002523013
2.83	-0.000002547326
2.84	-0.000002572661
2.85	-0.000002598967
2.86	-0.000002626253
2.87	-0.000002654518
2.88	-0.000002683754
2.89	-0.000002713951
2.9	-0.000002745056
2.91	-0.000002777108
2.92	-0.000002810088
2.93	-0.000002843954
2.94	-0.000002878732
2.95	-0.000002914377
2.96	-0.000002950853
2.97	-0.000002988166
2.98	-0.000003026284
2.99	-0.000003065220
3	-0.000003104982
3.01	-0.000003145573
3.02	-0.000003186982
3.03	-0.000003229215
3.04	-0.000003272254
3.05	-0.000003316193
3.06	-0.000003361001
3.07	-0.000003406715
3.08	-0.000003453354
3.09	-0.000003500985
3.1	-0.000003549678
3.11	-0.000003599465
3.12	-0.000003650425
3.13	-0.000003702623
3.14	-0.000003756216
3.15	-0.000003811349
3.16	-0.000003868039
3.17	-0.000003926346
3.18	-0.000003986431
3.19	-0.000004048729
3.2	-0.000004112988
3.21	-0.000004179734
3.22	-0.000004248815
3.23	-0.000004320466
3.24	-0.000004394558
3.25	-0.000004470992
3.26	-0.000004549430
3.27	-0.000004629289
3.28	-0.000004709968
3.29	-0.000004790548
3.3	-0.000004870177
3.31	-0.000004947263
3.32	-0.000005020513
3.33	-0.000005088478
3.34	-0.000005149737
3.35	-0.000005203062
3.36	-0.000005247328
3.37	-0.000005281899
3.38	-0.000005305718
3.39	-0.000005319033
3.4	-0.000005321739
3.41	-0.000005314139
3.42	-0.000005296671
3.43	-0.000005270030
3.44	-0.000005235088
3.45	-0.000005192849
3.46	-0.000005144514
3.47	-0.000005091299
3.48	-0.000005034665
3.49	-0.000004976090
3.5	-0.000004917058
3.51	-0.000004858909
3.52	-0.000004803088
3.53	-0.000004750560
3.54	-0.000004702015
3.55	-0.000004658199
3.56	-0.000004619101
3.57	-0.000004585623
3.58	-0.000004557193
3.59	-0.000004533744
3.6	-0.000004514982
3.61	-0.000004500479
3.62	-0.000004489750
3.63	-0.000004482343
3.64	-0.000004478040
3.65	-0.000004475976
3.66	-0.000004475977
3.67	-0.000004477438
3.68	-0.000004480265
3.69	-0.000004483945
3.7	-0.000004488186
3.71	-0.000004492781
3.72	-0.000004497506
3.73	-0.000004502057
3.74	-0.000004506413
3.75	-0.000004510313
3.76	-0.000004513653
3.77	-0.000004516444
3.78	-0.000004518568
3.79	-0.000004520020
3.8	-0.000004520795
3.81	-0.000004520808
3.82	-0.000004519962
3.83	-0.000004518425
3.84	-0.000004516155
3.85	-0.000004513224
3.86	-0.000004509656
3.87	-0.000004505554
3.88	-0.000004500891
3.89	-0.000004495778
3.9	-0.000004490224
3.91	-0.000004484356
3.92	-0.000004478243
3.93	-0.000004472022
3.94	-0.000004465784
3.95	-0.000004459592
3.96	-0.000004453564
3.97	-0.000004447838
3.98	-0.000004442319
3.99	-0.000004437242
4	-0.000004432637
4.01	-0.000004428519
4.02	-0.000004424890
4.03	-0.000004421791
4.04	-0.000004419174
4.05	-0.000004417004
4.06	-0.000004415264
4.07	-0.000004413836
4.08	-0.000004412678
4.09	-0.000004411682
4.1	-0.000004410668
4.11	-0.000004409584
4.12	-0.000004408236
4.13	-0.000004406472
4.14	-0.000004404087
4.15	-0.000004401014
4.16	-0.000004396979
4.17	-0.000004391830
4.18	-0.000004385372
4.19	-0.000004377396
4.2	-0.000004367727
4.21	-0.000004356156
4.22	-0.000004342495
4.23	-0.000004326523
4.24	-0.000004308087
4.25	-0.000004286967
4.26	-0.000004262993
4.27	-0.000004236077
4.28	-0.000004205937
4.29	-0.000004172492
4.3	-0.000004135684
4.31	-0.000004095376
4.32	-0.000004051364
4.33	-0.000004003733
4.34	-0.000003952379
4.35	-0.000003897255
4.36	-0.000003838301
4.37	-0.000003775579
4.38	-0.000003709128
4.39	-0.000003638944
4.4	-0.000003565138
4.41	-0.000003487779
4.42	-0.000003406956
4.43	-0.000003322860
4.44	-0.000003235565
4.45	-0.000003145282
4.46	-0.000003052246
4.47	-0.000002956718
4.48	-0.000002858972
4.49	-0.000002759297
4.5	-0.000002657974
4.51	-0.000002555271
4.52	-0.000002451566
4.53	-0.000002347169
4.54	-0.000002242419
4.55	-0.000002137756
4.56	-0.000002033441
4.57	-0.000001929844
4.58	-0.000001827301
4.59	-0.000001726107
4.6	-0.000001626467
4.61	-0.000001528645
4.62	-0.000001432821
4.63	-0.000001339216
4.64	-0.000001247974
4.65	-0.000001159255
4.66	-0.000001073197
4.67	-0.000000989925
4.68	-0.000000909550
4.69	-0.000000831988
4.7	-0.000000757407
4.71	-0.000000685827
4.72	-0.000000617262
4.73	-0.000000551674
4.74	-0.000000489037
4.75	-0.000000429377
4.76	-0.000000372637
4.77	-0.000000318729
4.78	-0.000000267623
4.79	-0.000000219235
4.8	-0.000000173485
4.81	-0.000000130321
4.82	-0.000000089689
4.83	-0.000000051456
4.84	-0.000000015548
4.85	0.000000018087
4.86	0.000000049491
4.87	0.000000078776
4.88	0.000000105991
4.89	0.000000131266
4.9	0.000000154709
4.91	0.000000176416
4.92	0.000000196476
4.93	0.000000214960
4.94	0.000000231862
4.95	0.000000247196
4.96	0.000000261095
4.97	0.000000273817
4.98	0.000000285260
4.99	0.000000295537
5	0.000000304638
5.01	0.000000312650
5.02	0.000000319637
5.03	0.000000325686
5.04	0.000000330877
5.05	0.000000335232
5.06	0.000000338894
5.07	0.000000341780
5.08	0.000000343947
5.09	0.000000345533
5.1	0.000000346603
5.11	0.000000347174
5.12	0.000000347236
5.13	0.000000346886
5.14	0.000000346149
5.15	0.000000345080
5.16	0.000000343915
5.17	0.000000342392
5.18	0.000000340533
5.19	0.000000338544
5.2	0.000000336487
5.21	0.000000334218
5.22	0.000000331814
5.23	0.000000329315
5.24	0.000000326771
5.25	0.000000324213
5.26	0.000000321556
5.27	0.000000318980
5.28	0.000000316523
5.29	0.000000313988
5.3	0.000000311705
5.31	0.000000309522
5.32	0.000000307579
5.33	0.000000305982
5.34	0.000000304638
5.35	0.000000303851
5.36	0.000000303457
5.37	0.000000303721
5.38	0.000000304710
5.39	0.000000306478
5.4	0.000000309123
5.41	0.000000312835
5.42	0.000000317691
5.43	0.000000323860
5.44	0.000000331458
5.45	0.000000340639
5.46	0.000000351643
5.47	0.000000364619
5.48	0.000000379638
5.49	0.000000397090
5.5	0.000000417197
5.51	0.000000440143
5.52	0.000000466374
5.53	0.000000496026
5.54	0.000000529639
5.55	0.000000567403
5.56	0.000000609850
5.57	0.000000657465
5.58	0.000000710696
5.59	0.000000770242
5.6	0.000000836392
5.61	0.000000909913
5.62	0.000000991240
5.63	0.000001081003
5.64	0.000001179888
5.65	0.000001288216
5.66	0.000001406657
5.67	0.000001535256
5.68	0.000001674713
5.69	0.000001824925
5.7	0.000001985880
5.71	0.000002157075
5.72	0.000002338204
5.73	0.000002528565
5.74	0.000002726957
5.75	0.000002932046
5.76	0.000003142452
5.77	0.000003356436
5.78	0.000003572129
5.79	0.000003787884
5.8	0.000004001443
5.81	0.000004210990
5.82	0.000004414698
5.83	0.000004610615
5.84	0.000004796790
5.85	0.000004971490
5.86	0.000005133198
5.87	0.000005280404
5.88	0.000005412057
5.89	0.000005527296
5.9	0.000005625421
5.91	0.000005706102
5.92	0.000005769107
5.93	0.000005814728
5.94	0.000005842829
5.95	0.000005853947
5.96	0.000005849127
5.97	0.000005828985
5.98	0.000005794716
5.99	0.000005747401
6	0.000005688373
6.01	0.000005619060
6.02	0.000005540906
6.03	0.000005455081
6.04	0.000005363329
6.05	0.000005266912
6.06	0.000005166840
6.07	0.000005064730
6.08	0.000004961281
6.09	0.000004857739
6.1	0.000004754991
6.11	0.000004653744
6.12	0.000004554651
6.13	0.000004458300
6.14	0.000004365275
6.15	0.000004275656
6.16	0.000004190060
6.17	0.000004108357
6.18	0.000004030820
6.19	0.000003957477
6.2	0.000003888202
6.21	0.000003823167
6.22	0.000003762136
6.23	0.000003705196
6.24	0.000003652281
6.25	0.000003603315
6.26	0.000003558055
6.27	0.000003516380
6.28	0.000003478152
6.29	0.000003443170
6.3	0.000003411263
6.31	0.000003382271
6.32	0.000003356037
6.33	0.000003332390
6.34	0.000003311103
6.35	0.000003292128
6.36	0.000003275212
6.37	0.000003260243
6.38	0.000003247046
6.39	0.000003235519
6.4	0.000003225481
6.41	0.000003216778
6.42	0.000003209305
6.43	0.000003202895
6.44	0.000003197442
6.45	0.000003192799
6.46	0.000003188833
6.47	0.000003185428
6.48	0.000003182479
6.49	0.000003179857
6.5	0.000003177492
6.51	0.000003175219
6.52	0.000003173190
6.53	0.000003170945
6.54	0.000003168762
6.55	0.000003166595
6.56	0.000003164594
6.57	0.000003162775
6.58	0.000003161362
6.59	0.000003160513
6.6	0.000003160620
6.61	0.000003161908
6.62	0.000003164988
6.63	0.000003170500
6.64	0.000003179217
6.65	0.000003191875
6.66	0.000003209990
6.67	0.000003234970
6.68	0.000003268635
6.69	0.000003312488
6.7	0.000003367680
6.71	0.000003435177
6.72	0.000003515640
6.73	0.000003608784
6.74	0.000003713920
6.75	0.000003829571
6.76	0.000003953840
6.77	0.000004084568
6.78	0.000004219115
6.79	0.000004355366
6.8	0.000004490454
6.81	0.000004622134
6.82	0.000004748580
6.83	0.000004868438
6.84	0.000004980598
6.85	0.000005083820
6.86	0.000005177356
6.87	0.000005260933
6.88	0.000005334546
6.89	0.000005398217
6.9	0.000005452187
6.91	0.000005496738
6.92	0.000005532242
6.93	0.000005559215
6.94	0.000005578254
6.95	0.000005589871
6.96	0.000005594498
6.97	0.000005592627
6.98	0.000005584915
6.99	0.000005572024
7	0.000005554736
7.01	0.000005533983
7.02	0.000005510529
7.03	0.000005485345
7.04	0.000005459357
7.05	0.000005433602
7.06	0.000005408695
7.07	0.000005385521
7.08	0.000005364577
7.09	0.000005346214
7.1	0.000005330753
7.11	0.000005318374
7.12	0.000005309138
7.13	0.000005302999
7.14	0.000005299839
7.15	0.000005299466
7.16	0.000005301693
7.17	0.000005306343
7.18	0.000005313199
7.19	0.000005321984
7.2	0.000005332515
7.21	0.000005344575
7.22	0.000005357973
7.23	0.000005372567
7.24	0.000005388177
7.25	0.000005404687
7.26	0.000005421961
7.27	0.000005439884
7.28	0.000005458339
7.29	0.000005477233
7.3	0.000005496468
7.31	0.000005515961
7.32	0.000005535616
7.33	0.000005555282
7.34	0.000005574979
7.35	0.000005594532
7.36	0.000005613977
7.37	0.000005633237
7.38	0.000005652198
7.39	0.000005670796
7.4	0.000005689161
7.41	0.000005707102
7.42	0.000005724580
7.43	0.000005741562
7.44	0.000005757998
7.45	0.000005773840
7.46	0.000005789051
7.47	0.000005803569
7.48	0.000005817357
7.49	0.000005830278
7.5	0.000005842335
7.51	0.000005853467
7.52	0.000005863550
7.53	0.000005872523
7.54	0.000005880293
7.55	0.000005886820
7.56	0.000005891904
7.57	0.000005895431
7.58	0.000005897228
7.59	0.000005897130
7.6	0.000005894884
7.61	0.000005890329
7.62	0.000005883138
7.63	0.000005873158
7.64	0.000005859996
7.65	0.000005843388
7.66	0.000005822923
7.67	0.000005798281
7.68	0.000005769093
7.69	0.000005734990
7.7	0.000005695616
7.71	0.000005650628
7.72	0.000005599766
7.73	0.000005542757
7.74	0.000005479336
7.75	0.000005409281
7.76	0.000005332545
7.77	0.000005249145
7.78	0.000005159159
7.79	0.000005062702
7.8	0.000004960073
7.81	0.000004851495
7.82	0.000004737473
7.83	0.000004618422
7.84	0.000004494844
7.85	0.000004367248
7.86	0.000004236100
7.87	0.000004101942
7.88	0.000003965298
7.89	0.000003826646
7.9	0.000003686359
7.91	0.000003544939
7.92	0.000003402755
7.93	0.000003260120
7.94	0.000003117286
7.95	0.000002974587
7.96	0.000002832256
7.97	0.000002690457
7.98	0.000002549370
7.99	0.000002409063
8	0.000002269671
8.01	0.000002131391
8.02	0.000001994335
8.03	0.000001858681
8.04	0.000001724521
8.05	0.000001592063
8.06	0.000001461525
8.07	0.000001333072
8.08	0.000001206895
8.09	0.000001083215
8.1	0.000000962206
8.11	0.000000844086
8.12	0.000000729064
8.13	0.000000617378
8.14	0.000000509165
8.15	0.000000404587
8.16	0.000000303777
8.17	0.000000206851
8.18	0.000000113839
8.19	0.000000024822
8.2	-0.000000060222
8.21	-0.000000141281
8.22	-0.000000218394
8.23	-0.000000291594
8.24	-0.000000360939
8.25	-0.000000426526
8.26	-0.000000488399
8.27	-0.000000546615
8.28	-0.000000601304
8.29	-0.000000652557
8.3	-0.000000700466
8.31	-0.000000745123
8.32	-0.000000786642
8.33	-0.000000825114
8.34	-0.000000860606
8.35	-0.000000893215
8.36	-0.000000923017
8.37	-0.000000950089
8.38	-0.000000974500
8.39	-0.000000996327
8.4	-0.000001015664
8.41	-0.000001032530
8.42	-0.000001047033
8.43	-0.000001059240
8.44	-0.000001069228
8.45	-0.000001077065
8.46	-0.000001082819
8.47	-0.000001086563
8.48	-0.000001088297
8.49	-0.000001088150
8.5	-0.000001086161
8.51	-0.000001082396
8.52	-0.000001076918
8.53	-0.000001069816
8.54	-0.000001061110
8.55	-0.000001050893
8.56	-0.000001039251
8.57	-0.000001026286
8.58	-0.000001012014
8.59	-0.000000996513
8.6	-0.000000979835
8.61	-0.000000962023
8.62	-0.000000943238
8.63	-0.000000923559
8.64	-0.000000902998
8.65	-0.000000881591
8.66	-0.000000859399
8.67	-0.000000836528
8.68	-0.000000813107
8.69	-0.000000789192
8.7	-0.000000764862
8.71	-0.000000740104
8.72	-0.000000715089
8.73	-0.000000689817
8.74	-0.000000664343
8.75	-0.000000638758
8.76	-0.000000613140
8.77	-0.000000587515
8.78	-0.000000561897
8.79	-0.000000536374
8.8	-0.000000510958
8.81	-0.000000485669
8.82	-0.000000460591
8.83	-0.000000435662
8.84	-0.000000410906
8.85	-0.000000386382
8.86	-0.000000362077
8.87	-0.000000338023
8.88	-0.000000314193
8.89	-0.000000290630
8.9	-0.000000267344
8.91	-0.000000244353
8.92	-0.000000221680
8.93	-0.000000199389
8.94	-0.000000177470
8.95	-0.000000156007
8.96	-0.000000135059
8.97	-0.000000114550
8.98	-0.000000094779
8.99	-0.000000075688
9	-0.000000057356
9.01	-0.000000039884
9.02	-0.000000023398
9.03	-0.000000007937
9.04	0.000000006364
9.05	0.000000019374
9.06	0.000000031105
9.07	0.000000041418
9.08	0.000000050278
9.09	0.000000057603
9.1	0.000000063247
9.11	0.000000067217
9.12	0.000000069383
9.13	0.000000069691
9.14	0.000000068070
9.15	0.000000064430
9.16	0.000000058698
9.17	0.000000050759
9.18	0.000000040499
9.19	0.000000027829
9.2	0.000000012538
9.21	-0.000000005541
9.22	-0.000000026662
9.23	-0.000000051039
9.24	-0.000000078877
9.25	-0.000000110670
9.26	-0.000000146707
9.27	-0.000000187490
9.28	-0.000000233428
9.29	-0.000000285147
9.3	-0.000000343211
9.31	-0.000000408215
9.32	-0.000000480928
9.33	-0.000000562155
9.34	-0.000000652637
9.35	-0.000000753382
9.36	-0.000000865231
9.37	-0.000000989298
9.38	-0.000001126519
9.39	-0.000001277835
9.4	-0.000001444420
9.41	-0.000001627137
9.42	-0.000001826813
9.43	-0.000002044099
9.44	-0.000002279375
9.45	-0.000002532366
9.46	-0.000002802578
9.47	-0.000003088750
9.48	-0.000003388682
9.49	-0.000003699667
9.5	-0.000004017777
9.51	-0.000004338917
9.52	-0.000004658483
9.53	-0.000004971564
9.54	-0.000005274001
9.55	-0.000005560711
9.56	-0.000005827974
9.57	-0.000006072055
9.58	-0.000006291172
9.59	-0.000006482818
9.6	-0.000006645754
9.61	-0.000006778829
9.62	-0.000006881805
9.63	-0.000006954501
9.64	-0.000006997068
9.65	-0.000007010486
9.66	-0.000006995968
9.67	-0.000006955042
9.68	-0.000006889461
9.69	-0.000006801334
9.7	-0.000006692643
9.71	-0.000006565628
9.72	-0.000006422654
9.73	-0.000006266072
9.74	-0.000006098257
9.75	-0.000005921805
9.76	-0.000005738382
9.77	-0.000005550361
9.78	-0.000005359539
9.79	-0.000005167914
9.8	-0.000004976902
9.81	-0.000004788127
9.82	-0.000004602651
9.83	-0.000004421858
9.84	-0.000004246469
9.85	-0.000004077324
9.86	-0.000003914932
9.87	-0.000003759949
9.88	-0.000003612511
9.89	-0.000003473192
9.9	-0.000003341899
9.91	-0.000003218709
9.92	-0.000003103768
9.93	-0.000002996866
9.94	-0.000002898022
9.95	-0.000002806875
9.96	-0.000002723186
9.97	-0.000002646668
9.98	-0.000002576968
9.99	-0.000002513793
10	-0.000002456768
10.01	-0.000002405508
10.02	-0.000002359640
10.03	-0.000002318652
10.04	-0.000002282284
10.05	-0.000002249963
10.06	-0.000002221388
10.07	-0.000002196106
10.08	-0.000002173701
10.09	-0.000002153637
10.1	-0.000002135407
10.11	-0.000002118562
10.12	-0.000002102759
10.13	-0.000002087610
10.14	-0.000002072700
10.15	-0.000002057665
10.16	-0.000002042164
10.17	-0.000002025845
10.18	-0.000002008351
10.19	-0.000001989421
10.2	-0.000001968743
10.21	-0.000001946002
10.22	-0.000001921116
10.23	-0.000001893865
10.24	-0.000001864090
10.25	-0.000001831747
10.26	-0.000001796640
10.27	-0.000001758977
10.28	-0.000001718626
10.29	-0.000001675976
10.3	-0.000001631501
10.31	-0.000001585593
10.32	-0.000001539146
10.33	-0.000001493212
10.34	-0.000001449108
10.35	-0.000001408315
10.36	-0.000001372578
10.37	-0.000001344214
10.38	-0.000001325252
10.39	-0.000001318020
10.4	-0.000001324646
10.41	-0.000001347023
10.42	-0.000001386721
10.43	-0.000001444861
10.44	-0.000001521724
10.45	-0.000001617164
10.46	-0.000001730204
10.47	-0.000001859532
10.48	-0.000002003726
10.49	-0.000002161138
10.5	-0.000002329887
10.51	-0.000002507866
10.52	-0.000002692754
10.53	-0.000002882241
10.54	-0.000003073693
10.55	-0.000003264542
10.56	-0.000003452105
10.57	-0.000003633692
10.58	-0.000003806676
10.59	-0.000003968626
10.6	-0.000004117482
10.61	-0.000004251660
10.62	-0.000004370061
10.63	-0.000004471954
10.64	-0.000004557032
10.65	-0.000004625500
10.66	-0.000004677905
10.67	-0.000004715051
10.68	-0.000004737973
10.69	-0.000004747813
10.7	-0.000004745768
10.71	-0.000004733118
10.72	-0.000004711080
10.73	-0.000004680863
10.74	-0.000004643622
10.75	-0.000004600405
10.76	-0.000004552267
10.77	-0.000004500112
10.78	-0.000004444871
10.79	-0.000004387338
10.8	-0.000004328254
10.81	-0.000004268246
10.82	-0.000004207913
10.83	-0.000004147777
10.84	-0.000004088290
10.85	-0.000004029906
10.86	-0.000003972864
10.87	-0.000003917529
10.88	-0.000003864155
10.89	-0.000003812911
10.9	-0.000003763995
10.91	-0.000003717571
10.92	-0.000003673654
10.93	-0.000003632369
10.94	-0.000003593744
10.95	-0.000003557803
10.96	-0.000003524590
10.97	-0.000003494079
10.98	-0.000003466244
10.99	-0.000003440979
11	-0.000003418247
11.01	-0.000003397962
11.02	-0.000003380038
11.03	-0.000003364376
11.04	-0.000003350840
11.05	-0.000003339305
11.06	-0.000003329656
11.07	-0.000003321756
11.08	-0.000003315506
11.09	-0.000003310707
11.1	-0.000003307329
11.11	-0.000003305101
11.12	-0.000003303953
11.13	-0.000003303758
11.14	-0.000003304374
11.15	-0.000003305644
11.16	-0.000003307438
11.17	-0.000003309663
11.18	-0.000003312211
11.19	-0.000003314817
11.2	-0.000003317559
11.21	-0.000003320243
11.22	-0.000003322787
11.23	-0.000003325108
11.24	-0.000003327114
11.25	-0.000003328692
11.26	-0.000003329761
11.27	-0.000003330284
11.28	-0.000003330133
11.29	-0.000003329283
11.3	-0.000003327628
11.31	-0.000003325104
11.32	-0.000003321669
11.33	-0.000003317263
11.34	-0.000003311838
11.35	-0.000003305343
11.36	-0.000003297741
11.37	-0.000003288949
11.38	-0.000003278923
11.39	-0.000003267635
11.4	-0.000003255019
11.41	-0.000003241020
11.42	-0.000003225607
11.43	-0.000003208715
11.44	-0.000003190344
11.45	-0.000003170466
11.46	-0.000003149026
11.47	-0.000003126005
11.48	-0.000003101373
11.49	-0.000003075138
11.5	-0.000003047253
11.51	-0.000003017714
11.52	-0.000002986530
11.53	-0.000002953672
11.54	-0.000002919146
11.55	-0.000002882970
11.56	-0.000002845153
11.57	-0.000002805705
11.58	-0.000002764598
11.59	-0.000002721921
11.6	-0.000002677688
11.61	-0.000002631949
11.62	-0.000002584728
11.63	-0.000002536074
11.64	-0.000002486052
11.65	-0.000002434741
11.66	-0.000002382203
11.67	-0.000002328518
11.68	-0.000002273724
11.69	-0.000002217869
11.7	-0.000002161157
11.71	-0.000002103709
11.72	-0.000002045643
11.73	-0.000001987093
11.74	-0.000001928164
11.75	-0.000001868971
11.76	-0.000001809601
11.77	-0.000001750183
11.78	-0.000001690846
11.79	-0.000001631679
11.8	-0.000001572744
11.81	-0.000001514129
11.82	-0.000001455899
11.83	-0.000001398133
11.84	-0.000001340876
11.85	-0.000001284179
11.86	-0.000001228096
11.87	-0.000001172639
11.88	-0.000001117826
11.89	-0.000001063685
11.9	-0.000001010207
11.91	-0.000000957371
11.92	-0.000000905171
11.93	-0.000000853592
11.94	-0.000000802621
11.95	-0.000000752215
11.96	-0.000000702327
11.97	-0.000000652927
11.98	-0.000000603990
11.99	-0.000000555452
12	-0.000000507294
12.01	-0.000000459435
12.02	-0.000000411907
12.03	-0.000000364656
12.04	-0.000000317663
12.05	-0.000000270921
12.06	-0.000000224450
12.07	-0.000000178263
12.08	-0.000000132298
12.09	-0.000000086670
12.1	-0.000000041372
12.11	0.000000003481
12.12	0.000000047848
12.13	0.000000091616
12.14	0.000000134723
12.15	0.000000177071
12.16	0.000000218583
12.17	0.000000259100
12.18	0.000000298527
12.19	0.000000336581
12.2	0.000000373343
12.21	0.000000408585
12.22	0.000000442274
12.23	0.000000474226
12.24	0.000000504306
12.25	0.000000532418
12.26	0.000000558623
12.27	0.000000582729
12.28	0.000000604598
12.29	0.000000624253
12.3	0.000000641876
12.31	0.000000657262
12.32	0.000000670239
12.33	0.000000681210
12.34	0.000000690131
12.35	0.000000696917
12.36	0.000000701813
12.37	0.000000704955
12.38	0.000000706337
12.39	0.000000706107
12.4	0.000000704596
12.41	0.000000701944
12.42	0.000000698053
12.43	0.000000693575
12.44	0.000000688482
12.45	0.000000682875
12.46	0.000000677443
12.47	0.000000671804
12.48	0.000000666768
12.49	0.000000662233
12.5	0.000000658769
12.51	0.000000656331
12.52	0.000000655289
12.53	0.000000656094
12.54	0.000000658783
12.55	0.000000663904
12.56	0.000000671477
12.57	0.000000682140
12.58	0.000000695885
12.59	0.000000713234
12.6	0.000000734407
12.61	0.000000759758
12.62	0.000000789452
12.63	0.000000823950
12.64	0.000000863517
12.65	0.000000908303
12.66	0.000000958553
12.67	0.000001014447
12.68	0.000001076084
12.69	0.000001143596
12.7	0.000001216872
12.71	0.000001295925
12.72	0.000001380671
12.73	0.000001470897
12.74	0.000001566308
12.75	0.000001666717
12.76	0.000001771789
12.77	0.000001881250
12.78	0.000001994621
12.79	0.000002111728
12.8	0.000002232270
12.81	0.000002355896
12.82	0.000002482301
12.83	0.000002611119
12.84	0.000002742045
12.85	0.000002874687
12.86	0.000003008697
12.87	0.000003143630
12.88	0.000003279305
12.89	0.000003415047
12.9	0.000003550627
12.91	0.000003685561
12.92	0.000003819456
12.93	0.000003951863
12.94	0.000004082299
12.95	0.000004210421
12.96	0.000004335651
12.97	0.000004457675
12.98	0.000004575969
12.99	0.000004690179
13	0.000004799969
13.01	0.000004904889
13.02	0.000005004570
13.03	0.000005098698
13.04	0.000005187007
13.05	0.000005269131
13.06	0.000005344896
13.07	0.000005414079
13.08	0.000005476566
13.09	0.000005532170
13.1	0.000005580789
13.11	0.000005622649
13.12	0.000005657500
13.13	0.000005685501
13.14	0.000005706791
13.15	0.000005721426
13.16	0.000005729635
13.17	0.000005731564
13.18	0.000005727496
13.19	0.000005717781
13.2	0.000005702641
13.21	0.000005682451
13.22	0.000005657516
13.23	0.000005628260
13.24	0.000005595003
13.25	0.000005558204
13.26	0.000005518169
13.27	0.000005475324
13.28	0.000005430116
13.29	0.000005382800
13.3	0.000005333813
13.31	0.000005283527
13.32	0.000005232304
13.33	0.000005180355
13.34	0.000005128174
13.35	0.000005075843
13.36	0.000005023815
13.37	0.000004972232
13.38	0.000004921331
13.39	0.000004871359
13.4	0.000004822505
13.41	0.000004774923
13.42	0.000004728731
13.43	0.000004684168
13.44	0.000004641260
13.45	0.000004600122
13.46	0.000004560908
13.47	0.000004523632
13.48	0.000004488342
13.49	0.000004455177
13.5	0.000004424157
13.51	0.000004395289
13.52	0.000004368664
13.53	0.000004344279
13.54	0.000004322066
13.55	0.000004302141
13.56	0.000004284437
13.57	0.000004268850
13.58	0.000004255536
13.59	0.000004244390
13.6	0.000004235492
13.61	0.000004228839
13.62	0.000004224398
13.63	0.000004222245
13.64	0.000004222365
13.65	0.000004224822
13.66	0.000004229641
13.67	0.000004236939
13.68	0.000004246705
13.69	0.000004259062
13.7	0.000004274040
13.71	0.000004291706
13.72	0.000004312202
13.73	0.000004335645
13.74	0.000004362216
13.75	0.000004391994
13.76	0.000004425191
13.77	0.000004461930
13.78	0.000004502552
13.79	0.000004547041
13.8	0.000004595592
13.81	0.000004648219
13.82	0.000004705071
13.83	0.000004765863
13.84	0.000004830280
13.85	0.000004898379
13.86	0.000004969894
13.87	0.000005044667
13.88	0.000005122195
13.89	0.000005202219
13.9	0.000005284236
13.91	0.000005367489
13.92	0.000005451337
13.93	0.000005534779
13.94	0.000005616870
13.95	0.000005696430
13.96	0.000005772356
13.97	0.000005843355
13.98	0.000005908123
13.99	0.000005965432
14	0.000006014215
14.01	0.000006053494
14.02	0.000006082336
14.03	0.000006100081
14.04	0.000006106200
14.05	0.000006100344
14.06	0.000006082409
14.07	0.000006052486
14.08	0.000006010830
14.09	0.000005957888
14.1	0.000005894321
14.11	0.000005820830
14.12	0.000005738275
14.13	0.000005647698
14.14	0.000005550129
14.15	0.000005446561
14.16	0.000005338129
14.17	0.000005226009
14.18	0.000005111122
14.19	0.000004994595
14.2	0.000004877355
14.21	0.000004760394
14.22	0.000004644577
14.23	0.000004530622
14.24	0.000004419305
14.25	0.000004311232
14.26	0.000004206988
14.27	0.000004107154
14.28	0.000004011876
14.29	0.000003921578
14.3	0.000003836308
14.31	0.000003756143
14.32	0.000003680934
14.33	0.000003610765
14.34	0.000003545628
14.35	0.000003485468
14.36	0.000003430063
14.37	0.000003379260
14.38	0.000003332893
14.39	0.000003290721
14.4	0.000003252533
14.41	0.000003217938
14.42	0.000003186896
14.43	0.000003159077
14.44	0.000003134256
14.45	0.000003112268
14.46	0.000003092898
14.47	0.000003075929
14.48	0.000003061217
14.49	0.000003048587
14.5	0.000003037899
14.51	0.000003029035
14.52	0.000003021892
14.53	0.000003016314
14.54	0.000003012223
14.55	0.000003009499
14.56	0.000003008071
14.57	0.000003007859
14.58	0.000003008763
14.59	0.000003010713
14.6	0.000003013614
14.61	0.000003017425
14.62	0.000003022020
14.63	0.000003027334
14.64	0.000003033223
14.65	0.000003039738
14.66	0.000003046606
14.67	0.000003053845
14.68	0.000003061360
14.69	0.000003068991
14.7	0.000003076638
14.71	0.000003084165
14.72	0.000003091464
14.73	0.000003098382
14.74	0.000003105010
14.75	0.000003111091
14.76	0.000003116490
14.77	0.000003121092
14.78	0.000003124779
14.79	0.000003127509
14.8	0.000003129161
14.81	0.000003129739
14.82	0.000003129121
14.83	0.000003127337
14.84	0.000003124186
14.85	0.000003119654
14.86	0.000003113731
14.87	0.000003106352
14.88	0.000003097493
14.89	0.000003087113
14.9	0.000003075168
14.91	0.000003061637
14.92	0.000003046480
14.93	0.000003029646
14.94	0.000003011115
14.95	0.000002990858
14.96	0.000002968792
14.97	0.000002944912
14.98	0.000002919186
14.99	0.000002891625
15	0.000002862199
15.01	0.000002830904
15.02	0.000002797763
15.03	0.000002762793
15.04	0.000002726012
15.05	0.000002687436
15.06	0.000002647123
15.07	0.000002605108
15.08	0.000002561438
15.09	0.000002516161
15.1	0.000002469374
15.11	0.000002421113
15.12	0.000002371484
15.13	0.000002320622
15.14	0.000002268622
15.15	0.000002215593
15.16	0.000002161676
15.17	0.000002106973
15.18	0.000002051614
15.19	0.000001995719
15.2	0.000001939401
15.21	0.000001882828
15.22	0.000001826116
15.23	0.000001769393
15.24	0.000001712797
15.25	0.000001656435
15.26	0.000001600439
15.27	0.000001544937
15.28	0.000001490024
15.29	0.000001435790
15.3	0.000001382327
15.31	0.000001329727
15.32	0.000001278065
15.33	0.000001227397
15.34	0.000001177769
15.35	0.000001129199
15.36	0.000001081699
15.37	0.000001035283
15.38	0.000000989957
15.39	0.000000945706
15.4	0.000000902445
15.41	0.000000860165
15.42	0.000000818780
15.43	0.000000778188
15.44	0.000000738341
15.45	0.000000699144
15.46	0.000000660483
15.47	0.000000622279
15.48	0.000000584394
15.49	0.000000546706
15.5	0.000000509136
15.51	0.000000471593
15.52	0.000000433973
15.53	0.000000396194
15.54	0.000000358159
15.55	0.000000319830
15.56	0.000000281193
15.57	0.000000242163
15.58	0.000000202741
15.59	0.000000162882
15.6	0.000000122698
15.61	0.000000082233
15.62	0.000000041366
15.63	0.000000000333
15.64	-0.000000040776
15.65	-0.000000081967
15.66	-0.000000123062
15.67	-0.000000163863
15.68	-0.000000204275
15.69	-0.000000244260
15.7	-0.000000283468
15.71	-0.000000321882
15.72	-0.000000359288
15.73	-0.000000395479
15.74	-0.000000430396
15.75	-0.000000463866
15.76	-0.000000495698
15.77	-0.000000525785
15.78	-0.000000554051
15.79	-0.000000580307
15.8	-0.000000604537
15.81	-0.000000626691
15.82	-0.000000646593
15.83	-0.000000664276
15.84	-0.000000679809
15.85	-0.000000693041
15.86	-0.000000704198
15.87	-0.000000713070
15.88	-0.000000719869
15.89	-0.000000724892
15.9	-0.000000727790
15.91	-0.000000728986
15.92	-0.000000728744
15.93	-0.000000726891
15.94	-0.000000723928
15.95	-0.000000719993
15.96	-0.000000715166
15.97	-0.000000709946
15.98	-0.000000704280
15.99	-0.000000698802
16	-0.000000693372
16.01	-0.000000688751
16.02	-0.000000684723
16.03	-0.000000682174
16.04	-0.000000680805
16.05	-0.000000681451
16.06	-0.000000684136
16.07	-0.000000689335
16.08	-0.000000697315
16.09	-0.000000708590
16.1	-0.000000723395
16.11	-0.000000742103
16.12	-0.000000765286
16.13	-0.000000793209
16.14	-0.000000826247
16.15	-0.000000864996
16.16	-0.000000909720
16.17	-0.000000960837
16.18	-0.000001018786
16.19	-0.000001083769
16.2	-0.000001156145
16.21	-0.000001236063
16.22	-0.000001323663
16.23	-0.000001418893
16.24	-0.000001521706
16.25	-0.000001631943
16.26	-0.000001749294
16.27	-0.000001873156
16.28	-0.000002003119
16.29	-0.000002138663
16.3	-0.000002279164
16.31	-0.000002424069
16.32	-0.000002572761
16.33	-0.000002724703
16.34	-0.000002879203
16.35	-0.000003035822
16.36	-0.000003193687
16.37	-0.000003352371
16.38	-0.000003511008
16.39	-0.000003669094
16.4	-0.000003825878
16.41	-0.000003980738
16.42	-0.000004133003
16.43	-0.000004281942
16.44	-0.000004426855
16.45	-0.000004567127
16.46	-0.000004701903
16.47	-0.000004830748
16.48	-0.000004952901
16.49	-0.000005067927
16.5	-0.000005175150
16.51	-0.000005274232
16.52	-0.000005364685
16.53	-0.000005446098
16.54	-0.000005518436
16.55	-0.000005581377
16.56	-0.000005634702
16.57	-0.000005678495
16.58	-0.000005712751
16.59	-0.000005737488
16.6	-0.000005752988
16.61	-0.000005759486
16.62	-0.000005757273
16.63	-0.000005746811
16.64	-0.000005728545
16.65	-0.000005703006
16.66	-0.000005670746
16.67	-0.000005632172
16.68	-0.000005588173
16.69	-0.000005539275
16.7	-0.000005485992
16.71	-0.000005429098
16.72	-0.000005369252
16.73	-0.000005306906
16.74	-0.000005242719
16.75	-0.000005177308
16.76	-0.000005111116
16.77	-0.000005044592
16.78	-0.000004978321
16.79	-0.000004912721
16.8	-0.000004847959
16.81	-0.000004784529
16.82	-0.000004722680
16.83	-0.000004662742
16.84	-0.000004604882
16.85	-0.000004549166
16.86	-0.000004495823
16.87	-0.000004445030
16.88	-0.000004396675
16.89	-0.000004350971
16.9	-0.000004307881
16.91	-0.000004267397
16.92	-0.000004229528
16.93	-0.000004194191
16.94	-0.000004161420
16.95	-0.000004131154
16.96	-0.000004103316
16.97	-0.000004077841
16.98	-0.000004054641
16.99	-0.000004033559
17	-0.000004014589
17.01	-0.000003997627
17.02	-0.000003982512
17.03	-0.000003969178
17.04	-0.000003957604
17.05	-0.000003947634
17.06	-0.000003939206
17.07	-0.000003932192
17.08	-0.000003926527
17.09	-0.000003922121
17.1	-0.000003918948
17.11	-0.000003917023
17.12	-0.000003916418
17.13	-0.000003916945
17.14	-0.000003918813
17.15	-0.000003922030
17.16	-0.000003926631
17.17	-0.000003932671
17.18	-0.000003940335
17.19	-0.000003949710
17.2	-0.000003960929
17.21	-0.000003974306
17.22	-0.000003989773
17.23	-0.000004007885
17.24	-0.000004028816
17.25	-0.000004052910
17.26	-0.000004080281
17.27	-0.000004111261
17.28	-0.000004145989
17.29	-0.000004184486
17.3	-0.000004227407
17.31	-0.000004275138
17.32	-0.000004327842
17.33	-0.000004385696
17.34	-0.000004448758
17.35	-0.000004517015
17.36	-0.000004589999
17.37	-0.000004667205
17.38	-0.000004747685
17.39	-0.000004830425
17.4	-0.000004913999
17.41	-0.000004996879
17.42	-0.000005077365
17.43	-0.000005153605
17.44	-0.000005224088
17.45	-0.000005287312
17.46	-0.000005342059
17.47	-0.000005387226
17.48	-0.000005421928
17.49	-0.000005445364
17.5	-0.000005457222
17.51	-0.000005457247
17.52	-0.000005445489
17.53	-0.000005422102
17.54	-0.000005387562
17.55	-0.000005342427
17.56	-0.000005287462
17.57	-0.000005223575
17.58	-0.000005151788
17.59	-0.000005073213
17.6	-0.000004989016
17.61	-0.000004900359
17.62	-0.000004808476
17.63	-0.000004714511
17.64	-0.000004619587
17.65	-0.000004524848
17.66	-0.000004431308
17.67	-0.000004339920
17.68	-0.000004251611
17.69	-0.000004167222
17.7	-0.000004087304
17.71	-0.000004012475
17.72	-0.000003943241
17.73	-0.000003879849
17.74	-0.000003822576
17.75	-0.000003771461
17.76	-0.000003726449
17.77	-0.000003687604
17.78	-0.000003654469
17.79	-0.000003626879
17.8	-0.000003604740
17.81	-0.000003587714
17.82	-0.000003575407
17.83	-0.000003567447
17.84	-0.000003563500
17.85	-0.000003563092
17.86	-0.000003565887
17.87	-0.000003571549
17.88	-0.000003579629
17.89	-0.000003589812
17.9	-0.000003601819
17.91	-0.000003615317
17.92	-0.000003629978
17.93	-0.000003645624
17.94	-0.000003661937
17.95	-0.000003678758
17.96	-0.000003695855
17.97	-0.000003713095
17.98	-0.000003730322
17.99	-0.000003747451
18	-0.000003764343
18.01	-0.000003780941
18.02	-0.000003797154
18.03	-0.000003812947
18.04	-0.000003828191
18.05	-0.000003842925
18.06	-0.000003857051
18.07	-0.000003870567
18.08	-0.000003883412
18.09	-0.000003895578
18.1	-0.000003907017
18.11	-0.000003917677
18.12	-0.000003927547
18.13	-0.000003936593
18.14	-0.000003944729
18.15	-0.000003951925
18.16	-0.000003958067
18.17	-0.000003963223
18.18	-0.000003967220
18.19	-0.000003970087
18.2	-0.000003971699
18.21	-0.000003972070
18.22	-0.000003970993
18.23	-0.000003968564
18.24	-0.000003964660
18.25	-0.000003959163
18.26	-0.000003952064
18.27	-0.000003943327
18.28	-0.000003932893
18.29	-0.000003920701
18.3	-0.000003906656
18.31	-0.000003890710
18.32	-0.000003872806
18.33	-0.000003852887
18.34	-0.000003830901
18.35	-0.000003806768
18.36	-0.000003780418
18.37	-0.000003751816
18.38	-0.000003720956
18.39	-0.000003687774
18.4	-0.000003652205
18.41	-0.000003614232
18.42	-0.000003573807
18.43	-0.000003530923
18.44	-0.000003485561
18.45	-0.000003437748
18.46	-0.000003387493
18.47	-0.000003334797
18.48	-0.000003279696
18.49	-0.000003222279
18.5	-0.000003162573
18.51	-0.000003100657
18.52	-0.000003036631
18.53	-0.000002970584
18.54	-0.000002902552
18.55	-0.000002832705
18.56	-0.000002761354
18.57	-0.000002688697
18.58	-0.000002614937
18.59	-0.000002540292
18.6	-0.000002464963
18.61	-0.000002389191
18.62	-0.000002313156
18.63	-0.000002237052
18.64	-0.000002161069
18.65	-0.000002085428
18.66	-0.000002010288
18.67	-0.000001935811
18.68	-0.000001862183
18.69	-0.000001789507
18.7	-0.000001717910
18.71	-0.000001647517
18.72	-0.000001578395
18.73	-0.000001510624
18.74	-0.000001444248
18.75	-0.000001379283
18.76	-0.000001315753
18.77	-0.000001253618
18.78	-0.000001192872
18.79	-0.000001133481
18.8	-0.000001075405
18.81	-0.000001018566
18.82	-0.000000962869
18.83	-0.000000908276
18.84	-0.000000854721
18.85	-0.000000802055
18.86	-0.000000750252
18.87	-0.000000699231
18.88	-0.000000648974
18.89	-0.000000599291
18.9	-0.000000550182
18.91	-0.000000501636
18.92	-0.000000453596
18.93	-0.000000406071
18.94	-0.000000358904
18.95	-0.000000312178
18.96	-0.000000265956
18.97	-0.000000220242
18.98	-0.000000175045
18.99	-0.000000130308
19	-0.000000086182
19.01	-0.000000042691
19.02	0.000000000096
19.03	0.000000042070
19.04	0.000000083196
19.05	0.000000123394
19.06	0.000000162622
19.07	0.000000200706
19.08	0.000000237599
19.09	0.000000273282
19.1	0.000000307697
19.11	0.000000340720
19.12	0.000000372249
19.13	0.000000402262
19.14	0.000000430769
19.15	0.000000457690
19.16	0.000000482964
19.17	0.000000506574
19.18	0.000000528515
19.19	0.000000548737
19.2	0.000000567260
19.21	0.000000584021
19.22	0.000000599070
19.23	0.000000612359
19.24	0.000000623947
19.25	0.000000633750
19.26	0.000000641912
19.27	0.000000648411
19.28	0.000000653220
19.29	0.000000656388
19.3	0.000000657991
19.31	0.000000658004
19.32	0.000000656497
19.33	0.000000653617
19.34	0.000000649253
19.35	0.000000643551
19.36	0.000000636604
19.37	0.000000628490
19.38	0.000000619230
19.39	0.000000608996
19.4	0.000000597970
19.41	0.000000585942
19.42	0.000000573444
19.43	0.000000560435
19.44	0.000000546973
19.45	0.000000533368
19.46	0.000000519654
19.47	0.000000506113
19.48	0.000000492794
19.49	0.000000479969
19.5	0.000000467833
19.51	0.000000456442
19.52	0.000000446206
19.53	0.000000437084
19.54	0.000000429524
19.55	0.000000423615
19.56	0.000000419617
19.57	0.000000417774
19.58	0.000000418288
19.59	0.000000421517
19.6	0.000000427644
19.61	0.000000437088
19.62	0.000000450077
19.63	0.000000467083
19.64	0.000000488170
19.65	0.000000514052
19.66	0.000000544887
19.67	0.000000581233
19.68	0.000000623419
19.69	0.000000671877
19.7	0.000000727098
19.71	0.000000789373
19.72	0.000000859316
19.73	0.000000937203
19.74	0.000001023400
19.75	0.000001118205
19.76	0.000001221785
19.77	0.000001334224
19.78	0.000001455508
19.79	0.000001585644
19.8	0.000001724403
19.81	0.000001871367
19.82	0.000002026222
19.83	0.000002188438
19.84	0.000002357321
19.85	0.000002532307
19.86	0.000002712762
19.87	0.000002897814
19.88	0.000003086666
19.89	0.000003278458
19.9	0.000003472287
19.91	0.000003667103
19.92	0.000003862056
19.93	0.000004055798
19.94	0.000004247448
19.95	0.000004435711
19.96	0.000004619417
19.97	0.000004797432
19.98	0.000004968513
19.99	0.000005131525
20	0.000005285313
20.01	0.000005428732
20.02	0.000005560708
20.03	0.000005680493
20.04	0.000005787406
20.05	0.000005880594
20.06	0.000005959673
20.07	0.000006024333
20.08	0.000006074296
20.09	0.000006109708
20.1	0.000006130788
20.11	0.000006137430
20.12	0.000006130597
20.13	0.000006110593
20.14	0.000006078247
20.15	0.000006034365
20.16	0.000005980026
20.17	0.000005916197
20.18	0.000005843914
20.19	0.000005764419
20.2	0.000005678657
20.21	0.000005587990
20.22	0.000005493327
20.23	0.000005395788
20.24	0.000005296322
20.25	0.000005195868
20.26	0.000005095361
20.27	0.000004995553
20.28	0.000004897033
20.29	0.000004800660
20.3	0.000004706829
20.31	0.000004615879
20.32	0.000004528642
20.33	0.000004444789
20.34	0.000004365167
20.35	0.000004289664
20.36	0.000004218471
20.37	0.000004151652
20.38	0.000004089230
20.39	0.000004031134
20.4	0.000003977422
20.41	0.000003928005
20.42	0.000003882647
20.43	0.000003841509
20.44	0.000003804233
20.45	0.000003770722
20.46	0.000003740821
20.47	0.000003714404
20.48	0.000003691216
20.49	0.000003671119
20.5	0.000003653935
20.51	0.000003639515
20.52	0.000003627603
20.53	0.000003618015
20.54	0.000003610600
20.55	0.000003605161
20.56	0.000003601570
20.57	0.000003599618
20.58	0.000003599119
20.59	0.000003599989
20.6	0.000003602050
20.61	0.000003605097
20.62	0.000003609112
20.63	0.000003613917
20.64	0.000003619293
20.65	0.000003625168
20.66	0.000003631598
20.67	0.000003638547
20.68	0.000003646089
20.69	0.000003654337
20.7	0.000003663356
20.71	0.000003673300
20.72	0.000003684416
20.73	0.000003696845
20.74	0.000003711067
20.75	0.000003727188
20.76	0.000003745823
20.77	0.000003767071
20.78	0.000003791424
20.79	0.000003819095
20.8	0.000003850089
20.81	0.000003885073
20.82	0.000003924573
20.83	0.000003968801
20.84	0.000004018190
20.85	0.000004072936
20.86	0.000004133060
20.87	0.000004198319
20.88	0.000004268228
20.89	0.000004341969
20.9	0.000004418511
20.91	0.000004496410
20.92	0.000004574237
20.93	0.000004650166
20.94	0.000004722445
20.95	0.000004789463
20.96	0.000004849804
20.97	0.000004902101
20.98	0.000004945178
20.99	0.000004978151
21	0.000005000207
21.01	0.000005011014
21.02	0.000005010371
21.03	0.000004998343
21.04	0.000004975164
21.05	0.000004941361
21.06	0.000004897607
21.07	0.000004844649
21.08	0.000004783450
21.09	0.000004715002
21.1	0.000004640508
21.11	0.000004561094
21.12	0.000004477944
21.13	0.000004392208
21.14	0.000004305088
21.15	0.000004217705
21.16	0.000004131164
21.17	0.000004046389
21.18	0.000003964256
21.19	0.000003885537
21.2	0.000003810928
21.21	0.000003740961
21.22	0.000003676024
21.23	0.000003616445
21.24	0.000003562298
21.25	0.000003513698
21.26	0.000003470518
21.27	0.000003432949
21.28	0.000003400861
21.29	0.000003374196
21.3	0.000003352593
21.31	0.000003336092
21.32	0.000003324224
21.33	0.000003316746
21.34	0.000003313430
21.35	0.000003313893
21.36	0.000003317838
21.37	0.000003324991
21.38	0.000003335010
21.39	0.000003347577
21.4	0.000003362457
21.41	0.000003379286
21.42	0.000003397807
21.43	0.000003417737
21.44	0.000003438833
21.45	0.000003460875
21.46	0.000003483623
21.47	0.000003506870
21.48	0.000003530440
21.49	0.000003554115
21.5	0.000003577786
21.51	0.000003601231
21.52	0.000003624361
21.53	0.000003647028
21.54	0.000003669131
21.55	0.000003690560
21.56	0.000003711287
21.57	0.000003731136
21.58	0.000003750181
21.59	0.000003768278
21.6	0.000003785411
21.61	0.000003801451
21.62	0.000003816482
21.63	0.000003830383
21.64	0.000003843184
21.65	0.000003854810
21.66	0.000003865305
21.67	0.000003874521
21.68	0.000003882586
21.69	0.000003889467
21.7	0.000003895012
21.71	0.000003899289
21.72	0.000003902251
21.73	0.000003903864
21.74	0.000003904133
21.75	0.000003903017
21.76	0.000003900476
21.77	0.000003896442
21.78	0.000003890930
21.79	0.000003883866
21.8	0.000003875282
21.81	0.000003865047
21.82	0.000003853148
21.83	0.000003839538
21.84	0.000003824202
21.85	0.000003807056
21.86	0.000003788044
21.87	0.000003767116
21.88	0.000003744240
21.89	0.000003719336
21.9	0.000003692383
21.91	0.000003663316
21.92	0.000003632084
21.93	0.000003598671
21.94	0.000003563032
21.95	0.000003525188
21.96	0.000003485038
21.97	0.000003442604
21.98	0.000003397923
21.99	0.000003350993
22	0.000003301819
22.01	0.000003250442
22.02	0.000003196890
22.03	0.000003141186
22.04	0.000003083356
22.05	0.000003023592
22.06	0.000002962033
22.07	0.000002898779
22.08	0.000002833962
22.09	0.000002767696
22.1	0.000002700127
22.11	0.000002631433
22.12	0.000002561785
22.13	0.000002491364
22.14	0.000002420367
22.15	0.000002349003
22.16	0.000002277418
22.17	0.000002205795
22.18	0.000002134327
22.19	0.000002063186
22.2	0.000001992520
22.21	0.000001922490
22.22	0.000001853209
22.23	0.000001784831
22.24	0.000001717452
22.25	0.000001651153
22.26	0.000001586020
22.27	0.000001522113
22.28	0.000001459459
22.29	0.000001398054
22.3	0.000001337909
22.31	0.000001279034
22.32	0.000001221363
22.33	0.000001164806
22.34	0.000001109378
22.35	0.000001054973
22.36	0.000001001530
22.37	0.000000949018
22.38	0.000000897321
22.39	0.000000846342
22.4	0.000000795980
22.41	0.000000746242
22.42	0.000000696969
22.43	0.000000648093
22.44	0.000000599614
22.45	0.000000551501
22.46	0.000000503661
22.47	0.000000456027
22.48	0.000000408753
22.49	0.000000361746
22.5	0.000000315094
22.51	0.000000268703
22.52	0.000000222726
22.53	0.000000177253
22.54	0.000000132332
22.55	0.000000087930
22.56	0.000000044235
22.57	0.000000001382
22.58	-0.000000040562
22.59	-0.000000081523
22.6	-0.000000121420
22.61	-0.000000160082
22.62	-0.000000197436
22.63	-0.000000233388
22.64	-0.000000267873
22.65	-0.000000300793
22.66	-0.000000332056
22.67	-0.000000361630
22.68	-0.000000389460
22.69	-0.000000415445
22.7	-0.000000439484
22.71	-0.000000461751
22.72	-0.000000482155
22.73	-0.000000500573
22.74	-0.000000517016
22.75	-0.000000531627
22.76	-0.000000544368
22.77	-0.000000555125
22.78	-0.000000564197
22.79	-0.000000571507
22.8	-0.000000577109
22.81	-0.000000580902
22.82	-0.000000583184
22.83	-0.000000584169
22.84	-0.000000583548
22.85	-0.000000581643
22.86	-0.000000578746
22.87	-0.000000574628
22.88	-0.000000569595
22.89	-0.000000563907
22.9	-0.000000557586
22.91	-0.000000550643
22.92	-0.000000543611
22.93	-0.000000536316
22.94	-0.000000529184
22.95	-0.000000522310
22.96	-0.000000515824
22.97	-0.000000509988
22.98	-0.000000505082
22.99	-0.000000501238
23	-0.000000498743
23.01	-0.000000497841
23.02	-0.000000498667
23.03	-0.000000501623
23.04	-0.000000506794
23.05	-0.000000514641
23.06	-0.000000525353
23.07	-0.000000539272
23.08	-0.000000556666
23.09	-0.000000577896
23.1	-0.000000603390
23.11	-0.000000633458
23.12	-0.000000668413
23.13	-0.000000708696
23.14	-0.000000754559
23.15	-0.000000806488
23.16	-0.000000864727
23.17	-0.000000929638
23.18	-0.000001001471
23.19	-0.000001080388
23.2	-0.000001166617
23.21	-0.000001260066
23.22	-0.000001360857
23.23	-0.000001468952
23.24	-0.000001584082
23.25	-0.000001706031
23.26	-0.000001834505
23.27	-0.000001969167
23.28	-0.000002109620
23.29	-0.000002255218
23.3	-0.000002406004
23.31	-0.000002561028
23.32	-0.000002719799
23.33	-0.000002881843
23.34	-0.000003046545
23.35	-0.000003213277
23.36	-0.000003381372
23.37	-0.000003550004
23.38	-0.000003718602
23.39	-0.000003886246
23.4	-0.000004052145
23.41	-0.000004215505
23.42	-0.000004375437
23.43	-0.000004531206
23.44	-0.000004681865
23.45	-0.000004826610
23.46	-0.000004964565
23.47	-0.000005095003
23.48	-0.000005217052
23.49	-0.000005330216
23.5	-0.000005433651
23.51	-0.000005526996
23.52	-0.000005609703
23.53	-0.000005681499
23.54	-0.000005742215
23.55	-0.000005791532
23.56	-0.000005829553
23.57	-0.000005856428
23.58	-0.000005872155
23.59	-0.000005877192
23.6	-0.000005871826
23.61	-0.000005856641
23.62	-0.000005832047
23.63	-0.000005798906
23.64	-0.000005757870
23.65	-0.000005709683
23.66	-0.000005655046
23.67	-0.000005595059
23.68	-0.000005530104
23.69	-0.000005461369
23.7	-0.000005389532
23.71	-0.000005315319
23.72	-0.000005239387
23.73	-0.000005162815
23.74	-0.000005085890
23.75	-0.000005009229
23.76	-0.000004933342
23.77	-0.000004858851
23.78	-0.000004786183
23.79	-0.000004715606
23.8	-0.000004647409
23.81	-0.000004581907
23.82	-0.000004519429
23.83	-0.000004459966
23.84	-0.000004403663
23.85	-0.000004350662
23.86	-0.000004301041
23.87	-0.000004254745
23.88	-0.000004211785
23.89	-0.000004172151
23.9	-0.000004135723
23.91	-0.000004102542
23.92	-0.000004072450
23.93	-0.000004045344
23.94	-0.000004021292
23.95	-0.000004000075
23.96	-0.000003981565
23.97	-0.000003965602
23.98	-0.000003952099
23.99	-0.000003940988
24	-0.000003932055
24.01	-0.000003925197
24.02	-0.000003920322
24.03	-0.000003917302
24.04	-0.000003916008
24.05	-0.000003916307
24.06	-0.000003918148
24.07	-0.000003921409
24.08	-0.000003925876
24.09	-0.000003931582
24.1	-0.000003938451
24.11	-0.000003946489
24.12	-0.000003955745
24.13	-0.000003966200
24.14	-0.000003977944
24.15	-0.000003991022
24.16	-0.000004005484
24.17	-0.000004021659
24.18	-0.000004039502
24.19	-0.000004059175
24.2	-0.000004081124
24.21	-0.000004105400
24.22	-0.000004132682
24.23	-0.000004162616
24.24	-0.000004196109
24.25	-0.000004233342
24.26	-0.000004274353
24.27	-0.000004319323
24.28	-0.000004368266
24.29	-0.000004421248
24.3	-0.000004478712
24.31	-0.000004540615
24.32	-0.000004606820
24.33	-0.000004677360
24.34	-0.000004752012
24.35	-0.000004830216
24.36	-0.000004911216
24.37	-0.000004994079
24.38	-0.000005077564
24.39	-0.000005160170
24.4	-0.000005240420
24.41	-0.000005316423
24.42	-0.000005386550
24.43	-0.000005449245
24.44	-0.000005503233
24.45	-0.000005547346
24.46	-0.000005580511
24.47	-0.000005602082
24.48	-0.000005611470
24.49	-0.000005608426
24.5	-0.000005592869
24.51	-0.000005565020
24.52	-0.000005525268
24.53	-0.000005474289
24.54	-0.000005412839
24.55	-0.000005341899
24.56	-0.000005262544
24.57	-0.000005175969
24.58	-0.000005083502
24.59	-0.000004986308
24.6	-0.000004885739
24.61	-0.000004783051
24.62	-0.000004679465
24.63	-0.000004576260
24.64	-0.000004474480
24.65	-0.000004375243
24.66	-0.000004279483
24.67	-0.000004188084
24.68	-0.000004101628
24.69	-0.000004020629
24.7	-0.000003945675
24.71	-0.000003876899
24.72	-0.000003814497
24.73	-0.000003758551
24.74	-0.000003708679
24.75	-0.000003665061
24.76	-0.000003627589
24.77	-0.000003596034
24.78	-0.000003570106
24.79	-0.000003549669
24.8	-0.000003534352
24.81	-0.000003523776
24.82	-0.000003517627
24.83	-0.000003515598
24.84	-0.000003517271
24.85	-0.000003522324
24.86	-0.000003530480
24.87	-0.000003541296
24.88	-0.000003554527
24.89	-0.000003569862
24.9	-0.000003586997
24.91	-0.000003605685
24.92	-0.000003625626
24.93	-0.000003646625
24.94	-0.000003668402
24.95	-0.000003690788
24.96	-0.000003713532
24.97	-0.000003736475
24.98	-0.000003759496
24.99	-0.000003782397
25	-0.000003805073
25.01	-0.000003827352
25.02	-0.000003849183
25.03	-0.000003870395
25.04	-0.000003890950
25.05	-0.000003910749
25.06	-0.000003929725
25.07	-0.000003947781
25.08	-0.000003964859
25.09	-0.000003980927
25.1	-0.000003995932
25.11	-0.000004009785
25.12	-0.000004022323
25.13	-0.000004033659
25.14	-0.000004043682
25.15	-0.000004052432
25.16	-0.000004059676
25.17	-0.000004065482
25.18	-0.000004069766
25.19	-0.000004072536
25.2	-0.000004073764
25.21	-0.000004073363
25.22	-0.000004071278
25.23	-0.000004067558
25.24	-0.000004062120
25.25	-0.000004054993
25.26	-0.000004046070
25.27	-0.000004035335
25.28	-0.000004022708
25.29	-0.000004008272
25.3	-0.000003991871
25.31	-0.000003973470
25.32	-0.000003953008
25.33	-0.000003930489
25.34	-0.000003905777
25.35	-0.000003878928
25.36	-0.000003849848
25.37	-0.000003818503
25.38	-0.000003784852
25.39	-0.000003748840
25.4	-0.000003710451
25.41	-0.000003669630
25.42	-0.000003626378
25.43	-0.000003580718
25.44	-0.000003532654
25.45	-0.000003482166
25.46	-0.000003429314
25.47	-0.000003374147
25.48	-0.000003316688
25.49	-0.000003257000
25.5	-0.000003195171
25.51	-0.000003131212
25.52	-0.000003065291
25.53	-0.000002997582
25.54	-0.000002928238
25.55	-0.000002857424
25.56	-0.000002785323
25.57	-0.000002712105
25.58	-0.000002637956
25.59	-0.000002563078
25.6	-0.000002487683
25.61	-0.000002411969
25.62	-0.000002336116
25.63	-0.000002260312
25.64	-0.000002184749
25.65	-0.000002109607
25.66	-0.000002035027
25.67	-0.000001961190
25.68	-0.000001888249
25.69	-0.000001816276
25.7	-0.000001745412
25.71	-0.000001675770
25.72	-0.000001607373
25.73	-0.000001540298
25.74	-0.000001474594
25.75	-0.000001410261
25.76	-0.000001347274
25.77	-0.000001285634
25.78	-0.000001225308
25.79	-0.000001166228
25.8	-0.000001108359
25.81	-0.000001051662
25.82	-0.000000995994
25.83	-0.000000941314
25.84	-0.000000887562
25.85	-0.000000834728
25.86	-0.000000782640
25.87	-0.000000731253
25.88	-0.000000680551
25.89	-0.000000630483
25.9	-0.000000580944
25.91	-0.000000531895
25.92	-0.000000483376
25.93	-0.000000435337
25.94	-0.000000387822
25.95	-0.000000340842
25.96	-0.000000294248
25.97	-0.000000248296
25.98	-0.000000203007
25.99	-0.000000158348
26	-0.000000114365
26.01	-0.000000071152
26.02	-0.000000028820
26.03	0.000000012580
26.04	0.000000052956
26.05	0.000000092271
26.06	0.000000130473
26.07	0.000000167438
26.08	0.000000203076
26.09	0.000000237320
26.1	0.000000270170
26.11	0.000000301535
26.12	0.000000331329
26.13	0.000000359549
26.14	0.000000386183
26.15	0.000000411143
26.16	0.000000434417
26.17	0.000000455979
26.18	0.000000475880
26.19	0.000000494051
26.2	0.000000510479
26.21	0.000000525210
26.22	0.000000538234
26.23	0.000000549580
26.24	0.000000559241
26.25	0.000000567246
26.26	0.000000573666
26.27	0.000000578522
26.28	0.000000581790
26.29	0.000000583517
26.3	0.000000583914
26.31	0.000000582850
26.32	0.000000580439
26.33	0.000000576789
26.34	0.000000571948
26.35	0.000000565965
26.36	0.000000558973
26.37	0.000000551199
26.38	0.000000542400
26.39	0.000000533004
26.4	0.000000523177
26.41	0.000000512723
26.42	0.000000502085
26.43	0.000000491307
26.44	0.000000480516
26.45	0.000000469956
26.46	0.000000459660
26.47	0.000000450050
26.48	0.000000440962
26.49	0.000000432913
26.5	0.000000425963
26.51	0.000000420314
26.52	0.000000416204
26.53	0.000000413840
26.54	0.000000413474
26.55	0.000000415342
26.56	0.000000419636
26.57	0.000000426833
26.58	0.000000436966
26.59	0.000000450562
26.6	0.000000467809
26.61	0.000000489137
26.62	0.000000514867
26.63	0.000000545295
26.64	0.000000581022
26.65	0.000000622291
26.66	0.000000669598
26.67	0.000000723297
26.68	0.000000783762
26.69	0.000000851449
26.7	0.000000926783
26.71	0.000001010020
26.72	0.000001101482
26.73	0.000001201402
26.74	0.000001309862
26.75	0.000001426817
26.76	0.000001552337
26.77	0.000001686253
26.78	0.000001828252
26.79	0.000001978019
26.8	0.000002135068
26.81	0.000002298807
26.82	0.000002468664
26.83	0.000002644072
26.84	0.000002824276
26.85	0.000003008419
26.86	0.000003195776
26.87	0.000003385433
26.88	0.000003576387
26.89	0.000003767731
26.9	0.000003958286
26.91	0.000004147127
26.92	0.000004332918
26.93	0.000004514606
26.94	0.000004690987
26.95	0.000004860821
26.96	0.000005023051
26.97	0.000005176461
26.98	0.000005319890
26.99	0.000005452302
27	0.000005572865
27.01	0.000005680800
27.02	0.000005775498
27.03	0.000005856289
27.04	0.000005922976
27.05	0.000005975273
27.06	0.000006013268
27.07	0.000006037114
27.08	0.000006046835
27.09	0.000006043294
27.1	0.000006026700
27.11	0.000005998004
27.12	0.000005957841
27.13	0.000005907505
27.14	0.000005847700
27.15	0.000005779617
27.16	0.000005704348
27.17	0.000005623071
27.18	0.000005536765
27.19	0.000005446590
27.2	0.000005353571
27.21	0.000005258675
27.22	0.000005162694
27.23	0.000005066697
27.24	0.000004971287
27.25	0.000004877239
27.26	0.000004785148
27.27	0.000004695537
27.28	0.000004608718
27.29	0.000004525293
27.3	0.000004445509
27.31	0.000004369564
27.32	0.000004297653
27.33	0.000004229831
27.34	0.000004166307
27.35	0.000004107071
27.36	0.000004052046
27.37	0.000004001226
27.38	0.000003954497
27.39	0.000003911810
27.4	0.000003873079
27.41	0.000003838232
27.42	0.000003807033
27.43	0.000003779310
27.44	0.000003754988
27.45	0.000003733825
27.46	0.000003715704
27.47	0.000003700463
27.48	0.000003687840
27.49	0.000003677702
27.5	0.000003669932
27.51	0.000003664307
27.52	0.000003660634
27.53	0.000003658788
27.54	0.000003658639
27.55	0.000003659995
27.56	0.000003662718
27.57	0.000003666643
27.58	0.000003671704
27.59	0.000003677720
27.6	0.000003684536
27.61	0.000003692069
27.62	0.000003700145
27.63	0.000003708797
27.64	0.000003718098
27.65	0.000003728083
27.66	0.000003738774
27.67	0.000003750316
27.68	0.000003762858
27.69	0.000003776524
27.7	0.000003791601
27.71	0.000003808342
27.72	0.000003827091
27.73	0.000003848139
27.74	0.000003871999
27.75	0.000003898794
27.76	0.000003928892
27.77	0.000003962420
27.78	0.000003999404
27.79	0.000004040447
27.8	0.000004085979
27.81	0.000004136156
27.82	0.000004191273
27.83	0.000004251514
27.84	0.000004316704
27.85	0.000004386457
27.86	0.000004460107
27.87	0.000004536838
27.88	0.000004615403
27.89	0.000004694338
27.9	0.000004772026
27.91	0.000004846720
27.92	0.000004916763
27.93	0.000004980591
27.94	0.000005036855
27.95	0.000005084250
27.96	0.000005121836
27.97	0.000005148830
27.98	0.000005164692
27.99	0.000005169172
28	0.000005162238
 
