0.01	0.0000063342
0.02	0.0000051878
0.03	0.0000048673
0.04	0.0000048491
0.05	0.0000049911
0.06	0.0000052349
0.07	0.0000055505
0.08	0.0000059229
0.09	0.0000063447
0.1	0.0000068131
0.11	0.0000073255
0.12	0.0000078830
0.13	0.0000084855
0.14	0.0000091329
0.15	0.0000098264
0.16	0.0000105678
0.17	0.0000113572
0.18	0.0000121987
0.19	0.0000130912
0.2	0.0000140354
0.21	0.0000150290
0.22	0.0000160759
0.23	0.0000171720
0.24	0.0000183138
0.25	0.0000194973
0.26	0.0000207251
0.27	0.0000219894
0.28	0.0000232788
0.29	0.0000245935
0.3	0.0000259363
0.31	0.0000272950
0.32	0.0000286573
0.33	0.0000300344
0.34	0.0000314260
0.35	0.0000328205
0.36	0.0000342229
0.37	0.0000356330
0.38	0.0000370591
0.39	0.0000384811
0.4	0.0000399026
0.41	0.0000413134
0.42	0.0000427185
0.43	0.0000440905
0.44	0.0000454405
0.45	0.0000467517
0.46	0.0000480218
0.47	0.0000492333
0.48	0.0000503842
0.49	0.0000514594
0.5	0.0000524546
0.51	0.0000533640
0.52	0.0000541801
0.53	0.0000549094
0.54	0.0000555524
0.55	0.0000560991
0.56	0.0000565518
0.57	0.0000569032
0.58	0.0000571492
0.59	0.0000572677
0.6	0.0000572708
0.61	0.0000571842
0.62	0.0000570240
0.63	0.0000568139
0.64	0.0000565536
0.65	0.0000562631
0.66	0.0000559351
0.67	0.0000555867
0.68	0.0000552241
0.69	0.0000548522
0.7	0.0000544706
0.71	0.0000540793
0.72	0.0000536978
0.73	0.0000533177
0.74	0.0000529437
0.75	0.0000525663
0.76	0.0000521851
0.77	0.0000518000
0.78	0.0000514156
0.79	0.0000510342
0.8	0.0000506503
0.81	0.0000502657
0.82	0.0000498854
0.83	0.0000495092
0.84	0.0000491281
0.85	0.0000487481
0.86	0.0000483534
0.87	0.0000479606
0.88	0.0000475528
0.89	0.0000471428
0.9	0.0000467265
0.91	0.0000463010
0.92	0.0000458628
0.93	0.0000454116
0.94	0.0000449439
0.95	0.0000444602
0.96	0.0000439582
0.97	0.0000434374
0.98	0.0000428949
0.99	0.0000423386
1	0.0000417595
1.01	0.0000411633
1.02	0.0000405460
1.03	0.0000399113
1.04	0.0000392563
1.05	0.0000385813
1.06	0.0000378887
1.07	0.0000371751
1.08	0.0000364396
1.09	0.0000356848
1.1	0.0000349103
1.11	0.0000341167
1.12	0.0000333054
1.13	0.0000324806
1.14	0.0000316344
1.15	0.0000307765
1.16	0.0000299035
1.17	0.0000290167
1.18	0.0000281184
1.19	0.0000272084
1.2	0.0000262875
1.21	0.0000253593
1.22	0.0000244207
1.23	0.0000234764
1.24	0.0000225260
1.25	0.0000215707
1.26	0.0000206124
1.27	0.0000196504
1.28	0.0000186883
1.29	0.0000177262
1.3	0.0000167661
1.31	0.0000158080
1.32	0.0000148560
1.33	0.0000139131
1.34	0.0000129732
1.35	0.0000120459
1.36	0.0000111262
1.37	0.0000102168
1.38	0.0000093173
1.39	0.0000084302
1.4	0.0000075541
1.41	0.0000066944
1.42	0.0000058534
1.43	0.0000050270
1.44	0.0000042170
1.45	0.0000034216
1.46	0.0000026435
1.47	0.0000018805
1.48	0.0000011380
1.49	0.0000004183
1.5	-0.0000002823
1.51	-0.0000009649
1.52	-0.0000016332
1.53	-0.0000022822
1.54	-0.0000029107
1.55	-0.0000035182
1.56	-0.0000041067
1.57	-0.0000046795
1.58	-0.0000052364
1.59	-0.0000057749
1.6	-0.0000062920
1.61	-0.0000067925
1.62	-0.0000072788
1.63	-0.0000077473
1.64	-0.0000081944
1.65	-0.0000086242
1.66	-0.0000090396
1.67	-0.0000094342
1.68	-0.0000098097
1.69	-0.0000101642
1.7	-0.0000105011
1.71	-0.0000108193
1.72	-0.0000111127
1.73	-0.0000113922
1.74	-0.0000116448
1.75	-0.0000118817
1.76	-0.0000121031
1.77	-0.0000122970
1.78	-0.0000124862
1.79	-0.0000126556
1.8	-0.0000128134
1.81	-0.0000129723
1.82	-0.0000131153
1.83	-0.0000132707
1.84	-0.0000134254
1.85	-0.0000135973
1.86	-0.0000137851
1.87	-0.0000140034
1.88	-0.0000142562
1.89	-0.0000145542
1.9	-0.0000149145
1.91	-0.0000153421
1.92	-0.0000158585
1.93	-0.0000164817
1.94	-0.0000172231
1.95	-0.0000181153
1.96	-0.0000191741
1.97	-0.0000204278
1.98	-0.0000218961
1.99	-0.0000236054
2	-0.0000255705
2.01	-0.0000277997
2.02	-0.0000302896
2.03	-0.0000330192
2.04	-0.0000359562
2.05	-0.0000390404
2.06	-0.0000422183
2.07	-0.0000454248
2.08	-0.0000485926
2.09	-0.0000516665
2.1	-0.0000546106
2.11	-0.0000573772
2.12	-0.0000599309
2.13	-0.0000622495
2.14	-0.0000643178
2.15	-0.0000661122
2.16	-0.0000676219
2.17	-0.0000688496
2.18	-0.0000697979
2.19	-0.0000704704
2.2	-0.0000708802
2.21	-0.0000710449
2.22	-0.0000709859
2.23	-0.0000707234
2.24	-0.0000702824
2.25	-0.0000696874
2.26	-0.0000689631
2.27	-0.0000681363
2.28	-0.0000672323
2.29	-0.0000662757
2.3	-0.0000652836
2.31	-0.0000642765
2.32	-0.0000632707
2.33	-0.0000622779
2.34	-0.0000613114
2.35	-0.0000603785
2.36	-0.0000594863
2.37	-0.0000586401
2.38	-0.0000578463
2.39	-0.0000571084
2.4	-0.0000564293
2.41	-0.0000558090
2.42	-0.0000552492
2.43	-0.0000547487
2.44	-0.0000543087
2.45	-0.0000539292
2.46	-0.0000536089
2.47	-0.0000533492
2.48	-0.0000531501
2.49	-0.0000530119
2.5	-0.0000529353
2.51	-0.0000529203
2.52	-0.0000529683
2.53	-0.0000530798
2.54	-0.0000532549
2.55	-0.0000534942
2.56	-0.0000537979
2.57	-0.0000541673
2.58	-0.0000546025
2.59	-0.0000551048
2.6	-0.0000556740
2.61	-0.0000563108
2.62	-0.0000570156
2.63	-0.0000577885
2.64	-0.0000586309
2.65	-0.0000595426
2.66	-0.0000605239
2.67	-0.0000615766
2.68	-0.0000627001
2.69	-0.0000638954
2.7	-0.0000651657
2.71	-0.0000665125
2.72	-0.0000679395
2.73	-0.0000694510
2.74	-0.0000710533
2.75	-0.0000727521
2.76	-0.0000745561
2.77	-0.0000764785
2.78	-0.0000785294
2.79	-0.0000807252
2.8	-0.0000830859
2.81	-0.0000856261
2.82	-0.0000883759
2.83	-0.0000913483
2.84	-0.0000945693
2.85	-0.0000980453
2.86	-0.0001018021
2.87	-0.0001058373
2.88	-0.0001101615
2.89	-0.0001147449
2.9	-0.0001195116
2.91	-0.0001243879
2.92	-0.0001292560
2.93	-0.0001339396
2.94	-0.0001382128
2.95	-0.0001418635
2.96	-0.0001447019
2.97	-0.0001465606
2.98	-0.0001473383
2.99	-0.0001470317
3	-0.0001457240
3.01	-0.0001435737
3.02	-0.0001408379
3.03	-0.0001377965
3.04	-0.0001347449
3.05	-0.0001319338
3.06	-0.0001295823
3.07	-0.0001278468
3.08	-0.0001268070
3.09	-0.0001264722
3.1	-0.0001268428
3.11	-0.0001278205
3.12	-0.0001293249
3.13	-0.0001312322
3.14	-0.0001333979
3.15	-0.0001356682
3.16	-0.0001379021
3.17	-0.0001399642
3.18	-0.0001417708
3.19	-0.0001432914
3.2	-0.0001444812
3.21	-0.0001454212
3.22	-0.0001461420
3.23	-0.0001466905
3.24	-0.0001471100
3.25	-0.0001474590
3.26	-0.0001477884
3.27	-0.0001481528
3.28	-0.0001485592
3.29	-0.0001490334
3.3	-0.0001495644
3.31	-0.0001501600
3.32	-0.0001508018
3.33	-0.0001514827
3.34	-0.0001521844
3.35	-0.0001529160
3.36	-0.0001536653
3.37	-0.0001544460
3.38	-0.0001552933
3.39	-0.0001562543
3.4	-0.0001573859
3.41	-0.0001587392
3.42	-0.0001603695
3.43	-0.0001623292
3.44	-0.0001646494
3.45	-0.0001673501
3.46	-0.0001704045
3.47	-0.0001737986
3.48	-0.0001775117
3.49	-0.0001815210
3.5	-0.0001857889
3.51	-0.0001902808
3.52	-0.0001949456
3.53	-0.0001996648
3.54	-0.0002042184
3.55	-0.0002083241
3.56	-0.0002116722
3.57	-0.0002139954
3.58	-0.0002149709
3.59	-0.0002144559
3.6	-0.0002124419
3.61	-0.0002090636
3.62	-0.0002045601
3.63	-0.0001992033
3.64	-0.0001932827
3.65	-0.0001870078
3.66	-0.0001805073
3.67	-0.0001738179
3.68	-0.0001669110
3.69	-0.0001597090
3.7	-0.0001521735
3.71	-0.0001443294
3.72	-0.0001362540
3.73	-0.0001281004
3.74	-0.0001200311
3.75	-0.0001122105
3.76	-0.0001047787
3.77	-0.0000978545
3.78	-0.0000915240
3.79	-0.0000858307
3.8	-0.0000807955
3.81	-0.0000764064
3.82	-0.0000726287
3.83	-0.0000694226
3.84	-0.0000667253
3.85	-0.0000644619
3.86	-0.0000625754
3.87	-0.0000610095
3.88	-0.0000596883
3.89	-0.0000585663
3.9	-0.0000576069
3.91	-0.0000567649
3.92	-0.0000560109
3.93	-0.0000553356
3.94	-0.0000547205
3.95	-0.0000541540
3.96	-0.0000536232
3.97	-0.0000531174
3.98	-0.0000526238
3.99	-0.0000521305
4	-0.0000516215
4.01	-0.0000510845
4.02	-0.0000505049
4.03	-0.0000498673
4.04	-0.0000491537
4.05	-0.0000483497
4.06	-0.0000474417
4.07	-0.0000464208
4.08	-0.0000452666
4.09	-0.0000439776
4.1	-0.0000425433
4.11	-0.0000409675
4.12	-0.0000392453
4.13	-0.0000373822
4.14	-0.0000353930
4.15	-0.0000332903
4.16	-0.0000310695
4.17	-0.0000287475
4.18	-0.0000263289
4.19	-0.0000238120
4.2	-0.0000211996
4.21	-0.0000184909
4.22	-0.0000156854
4.23	-0.0000127934
4.24	-0.0000098271
4.25	-0.0000067980
4.26	-0.0000037210
4.27	-0.0000006180
4.28	0.0000024895
4.29	0.0000055739
4.3	0.0000086070
4.31	0.0000115615
4.32	0.0000144122
4.33	0.0000171376
4.34	0.0000197206
4.35	0.0000221466
4.36	0.0000244064
4.37	0.0000264963
4.38	0.0000284201
4.39	0.0000301796
4.4	0.0000318004
4.41	0.0000332840
4.42	0.0000346489
4.43	0.0000359121
4.44	0.0000370884
4.45	0.0000381911
4.46	0.0000392297
4.47	0.0000402125
4.48	0.0000411433
4.49	0.0000420235
4.5	0.0000428529
4.51	0.0000436302
4.52	0.0000443521
4.53	0.0000450163
4.54	0.0000456199
4.55	0.0000461642
4.56	0.0000466487
4.57	0.0000470745
4.58	0.0000474461
4.59	0.0000477665
4.6	0.0000480414
4.61	0.0000482756
4.62	0.0000484756
4.63	0.0000486452
4.64	0.0000487914
4.65	0.0000489167
4.66	0.0000490233
4.67	0.0000491147
4.68	0.0000491929
4.69	0.0000492592
4.7	0.0000493160
4.71	0.0000493635
4.72	0.0000494032
4.73	0.0000494346
4.74	0.0000494589
4.75	0.0000494748
4.76	0.0000494831
4.77	0.0000494834
4.78	0.0000494761
4.79	0.0000494593
4.8	0.0000494334
4.81	0.0000493961
4.82	0.0000493484
4.83	0.0000492873
4.84	0.0000492131
4.85	0.0000491235
4.86	0.0000490175
4.87	0.0000488933
4.88	0.0000487493
4.89	0.0000485859
4.9	0.0000483998
4.91	0.0000481895
4.92	0.0000479538
4.93	0.0000476904
4.94	0.0000473986
4.95	0.0000470763
4.96	0.0000467229
4.97	0.0000463368
4.98	0.0000459154
4.99	0.0000454587
5	0.0000449665
5.01	0.0000444368
5.02	0.0000438687
5.03	0.0000432636
5.04	0.0000426194
5.05	0.0000419352
5.06	0.0000412124
5.07	0.0000404531
5.08	0.0000396585
5.09	0.0000388266
5.1	0.0000379610
5.11	0.0000370639
5.12	0.0000361403
5.13	0.0000351927
5.14	0.0000342230
5.15	0.0000332367
5.16	0.0000322424
5.17	0.0000312434
5.18	0.0000302464
5.19	0.0000292601
5.2	0.0000282907
5.21	0.0000273489
5.22	0.0000264412
5.23	0.0000255789
5.24	0.0000247702
5.25	0.0000240257
5.26	0.0000233529
5.27	0.0000227627
5.28	0.0000222617
5.29	0.0000218614
5.3	0.0000215666
5.31	0.0000213817
5.32	0.0000213119
5.33	0.0000213585
5.34	0.0000215192
5.35	0.0000217917
5.36	0.0000221695
5.37	0.0000226453
5.38	0.0000232081
5.39	0.0000238473
5.4	0.0000245457
5.41	0.0000252841
5.42	0.0000260417
5.43	0.0000267941
5.44	0.0000275238
5.45	0.0000282068
5.46	0.0000288312
5.47	0.0000293795
5.48	0.0000298419
5.49	0.0000302102
5.5	0.0000304825
5.51	0.0000306548
5.52	0.0000307384
5.53	0.0000307289
5.54	0.0000306428
5.55	0.0000304757
5.56	0.0000302360
5.57	0.0000299429
5.58	0.0000295854
5.59	0.0000291915
5.6	0.0000287464
5.61	0.0000282791
5.62	0.0000277796
5.63	0.0000272692
5.64	0.0000267456
5.65	0.0000262184
5.66	0.0000256921
5.67	0.0000251669
5.68	0.0000246546
5.69	0.0000241443
5.7	0.0000236471
5.71	0.0000231503
5.72	0.0000226634
5.73	0.0000221754
5.74	0.0000216879
5.75	0.0000211983
5.76	0.0000207076
5.77	0.0000202184
5.78	0.0000197383
5.79	0.0000192749
5.8	0.0000188388
5.81	0.0000184470
5.82	0.0000181173
5.83	0.0000178740
5.84	0.0000177513
5.85	0.0000177975
5.86	0.0000180951
5.87	0.0000187805
5.88	0.0000200402
5.89	0.0000221292
5.9	0.0000253140
5.91	0.0000298501
5.92	0.0000359006
5.93	0.0000435260
5.94	0.0000523217
5.95	0.0000616554
5.96	0.0000709257
5.97	0.0000797943
5.98	0.0000882469
5.99	0.0000964162
6	0.0001043933
6.01	0.0001119979
6.02	0.0001188981
6.03	0.0001247505
6.04	0.0001293594
6.05	0.0001327377
6.06	0.0001349873
6.07	0.0001362944
6.08	0.0001369185
6.09	0.0001370985
6.1	0.0001370040
6.11	0.0001367595
6.12	0.0001364544
6.13	0.0001360912
6.14	0.0001356560
6.15	0.0001351030
6.16	0.0001344220
6.17	0.0001335967
6.18	0.0001326244
6.19	0.0001315266
6.2	0.0001303572
6.21	0.0001291465
6.22	0.0001279438
6.23	0.0001267974
6.24	0.0001257431
6.25	0.0001248325
6.26	0.0001240691
6.27	0.0001235071
6.28	0.0001231367
6.29	0.0001229748
6.3	0.0001230057
6.31	0.0001232221
6.32	0.0001236114
6.33	0.0001241566
6.34	0.0001248464
6.35	0.0001256654
6.36	0.0001266103
6.37	0.0001276817
6.38	0.0001288836
6.39	0.0001302181
6.4	0.0001316906
6.41	0.0001333106
6.42	0.0001350781
6.43	0.0001369815
6.44	0.0001389974
6.45	0.0001410962
6.46	0.0001432315
6.47	0.0001453607
6.48	0.0001474406
6.49	0.0001494426
6.5	0.0001513564
6.51	0.0001531765
6.52	0.0001549250
6.53	0.0001566371
6.54	0.0001583593
6.55	0.0001601614
6.56	0.0001621142
6.57	0.0001643010
6.58	0.0001668096
6.59	0.0001697262
6.6	0.0001731284
6.61	0.0001770776
6.62	0.0001815845
6.63	0.0001865988
6.64	0.0001920015
6.65	0.0001975886
6.66	0.0002030886
6.67	0.0002081953
6.68	0.0002126595
6.69	0.0002162823
6.7	0.0002189574
6.71	0.0002206499
6.72	0.0002213838
6.73	0.0002212337
6.74	0.0002202689
6.75	0.0002185337
6.76	0.0002160487
6.77	0.0002128139
6.78	0.0002088224
6.79	0.0002041120
6.8	0.0001987720
6.81	0.0001929485
6.82	0.0001868385
6.83	0.0001806481
6.84	0.0001745520
6.85	0.0001686854
6.86	0.0001631358
6.87	0.0001579695
6.88	0.0001532183
6.89	0.0001489000
6.9	0.0001450075
6.91	0.0001415346
6.92	0.0001384606
6.93	0.0001357611
6.94	0.0001334111
6.95	0.0001313842
6.96	0.0001296568
6.97	0.0001282030
6.98	0.0001269948
6.99	0.0001260035
7	0.0001251976
7.01	0.0001245603
7.02	0.0001240635
7.03	0.0001236823
7.04	0.0001233911
7.05	0.0001231678
7.06	0.0001229919
7.07	0.0001228428
7.08	0.0001227106
7.09	0.0001225725
7.1	0.0001224206
7.11	0.0001222439
7.12	0.0001220406
7.13	0.0001218037
7.14	0.0001215271
7.15	0.0001212127
7.16	0.0001208613
7.17	0.0001204748
7.18	0.0001200511
7.19	0.0001195927
7.2	0.0001191022
7.21	0.0001185794
7.22	0.0001180241
7.23	0.0001174343
7.24	0.0001168029
7.25	0.0001161279
7.26	0.0001153998
7.27	0.0001146099
7.28	0.0001137464
7.29	0.0001127998
7.3	0.0001117632
7.31	0.0001106285
7.32	0.0001093810
7.33	0.0001080035
7.34	0.0001064792
7.35	0.0001047926
7.36	0.0001029327
7.37	0.0001008921
7.38	0.0000986640
7.39	0.0000962490
7.4	0.0000936533
7.41	0.0000908884
7.42	0.0000879690
7.43	0.0000849133
7.44	0.0000817396
7.45	0.0000784697
7.46	0.0000751255
7.47	0.0000717304
7.48	0.0000683054
7.49	0.0000648698
7.5	0.0000614434
7.51	0.0000580429
7.52	0.0000546869
7.53	0.0000513889
7.54	0.0000481612
7.55	0.0000450148
7.56	0.0000419621
7.57	0.0000390038
7.58	0.0000361468
7.59	0.0000333913
7.6	0.0000307382
7.61	0.0000281919
7.62	0.0000257518
7.63	0.0000234178
7.64	0.0000211869
7.65	0.0000190567
7.66	0.0000170243
7.67	0.0000150837
7.68	0.0000132292
7.69	0.0000114546
7.7	0.0000097566
7.71	0.0000081269
7.72	0.0000065670
7.73	0.0000050687
7.74	0.0000036293
7.75	0.0000022435
7.76	0.0000009047
7.77	-0.0000003910
7.78	-0.0000016496
7.79	-0.0000028721
7.8	-0.0000040658
7.81	-0.0000052320
7.82	-0.0000063748
7.83	-0.0000074933
7.84	-0.0000085897
7.85	-0.0000096620
7.86	-0.0000107102
7.87	-0.0000117315
7.88	-0.0000127220
7.89	-0.0000136789
7.9	-0.0000145981
7.91	-0.0000154696
7.92	-0.0000162911
7.93	-0.0000170541
7.94	-0.0000177526
7.95	-0.0000183814
7.96	-0.0000189331
7.97	-0.0000194041
7.98	-0.0000197902
7.99	-0.0000200881
8	-0.0000202993
8.01	-0.0000204251
8.02	-0.0000204670
8.03	-0.0000204309
8.04	-0.0000203256
8.05	-0.0000201601
8.06	-0.0000199482
8.07	-0.0000197006
8.08	-0.0000194304
8.09	-0.0000191519
8.1	-0.0000188763
8.11	-0.0000186160
8.12	-0.0000183823
8.13	-0.0000181850
8.14	-0.0000180317
8.15	-0.0000179282
8.16	-0.0000178793
8.17	-0.0000178884
8.18	-0.0000179560
8.19	-0.0000180819
8.2	-0.0000182642
8.21	-0.0000185009
8.22	-0.0000187883
8.23	-0.0000191221
8.24	-0.0000194977
8.25	-0.0000199103
8.26	-0.0000203538
8.27	-0.0000208228
8.28	-0.0000213133
8.29	-0.0000218198
8.3	-0.0000223368
8.31	-0.0000228592
8.32	-0.0000233827
8.33	-0.0000239030
8.34	-0.0000244165
8.35	-0.0000249186
8.36	-0.0000254070
8.37	-0.0000258784
8.38	-0.0000263297
8.39	-0.0000267594
8.4	-0.0000271657
8.41	-0.0000275484
8.42	-0.0000279055
8.43	-0.0000282367
8.44	-0.0000285410
8.45	-0.0000288178
8.46	-0.0000290664
8.47	-0.0000292868
8.48	-0.0000294799
8.49	-0.0000296457
8.5	-0.0000297858
8.51	-0.0000298984
8.52	-0.0000299832
8.53	-0.0000300432
8.54	-0.0000300816
8.55	-0.0000300968
8.56	-0.0000300875
8.57	-0.0000300568
8.58	-0.0000300095
8.59	-0.0000299422
8.6	-0.0000298549
8.61	-0.0000297509
8.62	-0.0000296327
8.63	-0.0000294987
8.64	-0.0000293497
8.65	-0.0000291898
8.66	-0.0000290171
8.67	-0.0000288333
8.68	-0.0000286430
8.69	-0.0000284415
8.7	-0.0000282336
8.71	-0.0000280199
8.72	-0.0000277991
8.73	-0.0000275760
8.74	-0.0000273477
8.75	-0.0000271169
8.76	-0.0000268866
8.77	-0.0000266603
8.78	-0.0000264351
8.79	-0.0000262141
8.8	-0.0000259976
8.81	-0.0000257879
8.82	-0.0000255892
8.83	-0.0000253962
8.84	-0.0000252106
8.85	-0.0000250315
8.86	-0.0000248599
8.87	-0.0000246944
8.88	-0.0000245337
8.89	-0.0000243735
8.9	-0.0000242104
8.91	-0.0000240413
8.92	-0.0000238611
8.93	-0.0000236643
8.94	-0.0000234446
8.95	-0.0000231972
8.96	-0.0000229137
8.97	-0.0000225880
8.98	-0.0000222147
8.99	-0.0000217894
9	-0.0000213102
9.01	-0.0000207722
9.02	-0.0000201714
9.03	-0.0000195128
9.04	-0.0000187961
9.05	-0.0000180234
9.06	-0.0000171987
9.07	-0.0000163262
9.08	-0.0000154158
9.09	-0.0000144718
9.1	-0.0000135043
9.11	-0.0000125175
9.12	-0.0000115192
9.13	-0.0000105175
9.14	-0.0000095177
9.15	-0.0000085311
9.16	-0.0000075693
9.17	-0.0000066423
9.18	-0.0000057674
9.19	-0.0000049625
9.2	-0.0000042511
9.21	-0.0000036596
9.22	-0.0000032283
9.23	-0.0000030097
9.24	-0.0000030774
9.25	-0.0000035145
9.26	-0.0000044404
9.27	-0.0000059412
9.28	-0.0000081590
9.29	-0.0000111953
9.3	-0.0000151676
9.31	-0.0000201292
9.32	-0.0000260038
9.33	-0.0000325679
9.34	-0.0000395868
9.35	-0.0000468061
9.36	-0.0000540568
9.37	-0.0000613379
9.38	-0.0000687143
9.39	-0.0000762817
9.4	-0.0000839805
9.41	-0.0000916000
9.42	-0.0000989106
9.43	-0.0001056800
9.44	-0.0001117851
9.45	-0.0001172150
9.46	-0.0001220225
9.47	-0.0001263166
9.48	-0.0001302207
9.49	-0.0001338575
9.5	-0.0001372622
9.51	-0.0001404208
9.52	-0.0001432641
9.53	-0.0001456941
9.54	-0.0001476211
9.55	-0.0001489899
9.56	-0.0001498174
9.57	-0.0001501721
9.58	-0.0001501619
9.59	-0.0001499057
9.6	-0.0001495095
9.61	-0.0001490591
9.62	-0.0001486080
9.63	-0.0001481800
9.64	-0.0001477855
9.65	-0.0001474138
9.66	-0.0001470500
9.67	-0.0001466659
9.68	-0.0001462493
9.69	-0.0001457990
9.7	-0.0001453129
9.71	-0.0001448019
9.72	-0.0001442691
9.73	-0.0001437332
9.74	-0.0001432074
9.75	-0.0001426975
9.76	-0.0001422274
9.77	-0.0001418022
9.78	-0.0001414291
9.79	-0.0001411245
9.8	-0.0001408874
9.81	-0.0001407155
9.82	-0.0001406213
9.83	-0.0001405947
9.84	-0.0001406322
9.85	-0.0001407353
9.86	-0.0001409036
9.87	-0.0001411309
9.88	-0.0001414189
9.89	-0.0001417722
9.9	-0.0001421952
9.91	-0.0001426876
9.92	-0.0001432599
9.93	-0.0001439282
9.94	-0.0001446986
9.95	-0.0001455850
9.96	-0.0001466115
9.97	-0.0001478017
9.98	-0.0001491904
9.99	-0.0001508181
10	-0.0001527198
10.01	-0.0001549379
10.02	-0.0001575169
10.03	-0.0001604980
10.04	-0.0001639201
10.05	-0.0001678042
10.06	-0.0001721501
10.07	-0.0001769176
10.08	-0.0001820482
10.09	-0.0001874274
10.1	-0.0001928975
10.11	-0.0001982864
10.12	-0.0002034129
10.13	-0.0002081232
10.14	-0.0002122980
10.15	-0.0002158626
10.16	-0.0002187841
10.17	-0.0002210525
10.18	-0.0002226568
10.19	-0.0002235980
10.2	-0.0002238399
10.21	-0.0002233289
10.22	-0.0002219955
10.23	-0.0002197618
10.24	-0.0002165949
10.25	-0.0002125167
10.26	-0.0002076287
10.27	-0.0002020984
10.28	-0.0001961168
10.29	-0.0001898974
10.3	-0.0001836142
10.31	-0.0001774170
10.32	-0.0001714161
10.33	-0.0001656925
10.34	-0.0001603051
10.35	-0.0001553024
10.36	-0.0001507010
10.37	-0.0001465132
10.38	-0.0001427281
10.39	-0.0001393356
10.4	-0.0001363169
10.41	-0.0001336429
10.42	-0.0001312832
10.43	-0.0001292081
10.44	-0.0001273900
10.45	-0.0001257988
10.46	-0.0001244106
10.47	-0.0001231975
10.48	-0.0001221378
10.49	-0.0001212243
10.5	-0.0001204315
10.51	-0.0001197519
10.52	-0.0001191675
10.53	-0.0001186636
10.54	-0.0001182312
10.55	-0.0001178556
10.56	-0.0001175279
10.57	-0.0001172326
10.58	-0.0001169539
10.59	-0.0001166804
10.6	-0.0001164024
10.61	-0.0001161082
10.62	-0.0001157919
10.63	-0.0001154486
10.64	-0.0001150794
10.65	-0.0001146840
10.66	-0.0001142635
10.67	-0.0001138273
10.68	-0.0001133777
10.69	-0.0001129006
10.7	-0.0001124010
10.71	-0.0001118787
10.72	-0.0001113140
10.73	-0.0001106864
10.74	-0.0001099765
10.75	-0.0001091631
10.76	-0.0001082186
10.77	-0.0001071169
10.78	-0.0001058295
10.79	-0.0001043306
10.8	-0.0001025984
10.81	-0.0001006180
10.82	-0.0000983847
10.83	-0.0000959013
10.84	-0.0000931784
10.85	-0.0000902340
10.86	-0.0000870942
10.87	-0.0000837889
10.88	-0.0000803504
10.89	-0.0000768127
10.9	-0.0000732096
10.91	-0.0000695730
10.92	-0.0000659346
10.93	-0.0000623177
10.94	-0.0000587463
10.95	-0.0000552402
10.96	-0.0000518173
10.97	-0.0000484899
10.98	-0.0000452688
10.99	-0.0000421647
11	-0.0000391845
11.01	-0.0000363341
11.02	-0.0000336134
11.03	-0.0000310227
11.04	-0.0000285605
11.05	-0.0000262239
11.06	-0.0000240082
11.07	-0.0000219084
11.08	-0.0000199174
11.09	-0.0000180259
11.1	-0.0000162251
11.11	-0.0000145056
11.12	-0.0000128580
11.13	-0.0000112741
11.14	-0.0000097452
11.15	-0.0000082638
11.16	-0.0000068237
11.17	-0.0000054209
11.18	-0.0000040517
11.19	-0.0000027136
11.2	-0.0000014008
11.21	-0.0000001159
11.22	0.0000011479
11.23	0.0000023864
11.24	0.0000036071
11.25	0.0000048033
11.26	0.0000059773
11.27	0.0000071265
11.28	0.0000082490
11.29	0.0000093439
11.3	0.0000104055
11.31	0.0000114303
11.32	0.0000124099
11.33	0.0000133417
11.34	0.0000142193
11.35	0.0000150371
11.36	0.0000157880
11.37	0.0000164654
11.38	0.0000170637
11.39	0.0000175784
11.4	0.0000180063
11.41	0.0000183476
11.42	0.0000186025
11.43	0.0000187728
11.44	0.0000188648
11.45	0.0000188849
11.46	0.0000188427
11.47	0.0000187493
11.48	0.0000186170
11.49	0.0000184583
11.5	0.0000182851
11.51	0.0000181117
11.52	0.0000179501
11.53	0.0000178113
11.54	0.0000177066
11.55	0.0000176436
11.56	0.0000176288
11.57	0.0000176670
11.58	0.0000177613
11.59	0.0000179138
11.6	0.0000181245
11.61	0.0000183929
11.62	0.0000187165
11.63	0.0000190924
11.64	0.0000195169
11.65	0.0000199854
11.66	0.0000204930
11.67	0.0000210341
11.68	0.0000216038
11.69	0.0000221959
11.7	0.0000228055
11.71	0.0000234279
11.72	0.0000240575
11.73	0.0000246893
11.74	0.0000253184
11.75	0.0000259405
11.76	0.0000265517
11.77	0.0000271487
11.78	0.0000277287
11.79	0.0000282878
11.8	0.0000288235
11.81	0.0000293329
11.82	0.0000298156
11.83	0.0000302697
11.84	0.0000306947
11.85	0.0000310896
11.86	0.0000314541
11.87	0.0000317875
11.88	0.0000320894
11.89	0.0000323597
11.9	0.0000325997
11.91	0.0000328090
11.92	0.0000329887
11.93	0.0000331398
11.94	0.0000332621
11.95	0.0000333560
11.96	0.0000334228
11.97	0.0000334639
11.98	0.0000334813
11.99	0.0000334750
12	0.0000334451
12.01	0.0000333934
12.02	0.0000333219
12.03	0.0000332324
12.04	0.0000331240
12.05	0.0000329972
12.06	0.0000328540
12.07	0.0000326983
12.08	0.0000325272
12.09	0.0000323412
12.1	0.0000321451
12.11	0.0000319379
12.12	0.0000317184
12.13	0.0000314909
12.14	0.0000312556
12.15	0.0000310113
12.16	0.0000307599
12.17	0.0000305019
12.18	0.0000302367
12.19	0.0000299666
12.2	0.0000296916
12.21	0.0000294115
12.22	0.0000291311
12.23	0.0000288504
12.24	0.0000285697
12.25	0.0000282905
12.26	0.0000280132
12.27	0.0000277393
12.28	0.0000274692
12.29	0.0000272012
12.3	0.0000269357
12.31	0.0000266730
12.32	0.0000264117
12.33	0.0000261522
12.34	0.0000258921
12.35	0.0000256280
12.36	0.0000253592
12.37	0.0000250822
12.38	0.0000247921
12.39	0.0000244851
12.4	0.0000241565
12.41	0.0000238015
12.42	0.0000234148
12.43	0.0000229905
12.44	0.0000225268
12.45	0.0000220170
12.46	0.0000214619
12.47	0.0000208582
12.48	0.0000202015
12.49	0.0000194928
12.5	0.0000187357
12.51	0.0000179346
12.52	0.0000170888
12.53	0.0000162006
12.54	0.0000152796
12.55	0.0000143343
12.56	0.0000133719
12.57	0.0000123987
12.58	0.0000114224
12.59	0.0000104474
12.6	0.0000094808
12.61	0.0000085271
12.62	0.0000075938
12.63	0.0000066889
12.64	0.0000058221
12.65	0.0000050059
12.66	0.0000042531
12.67	0.0000035818
12.68	0.0000030091
12.69	0.0000025592
12.7	0.0000022654
12.71	0.0000021716
12.72	0.0000023393
12.73	0.0000028292
12.74	0.0000037219
12.75	0.0000050903
12.76	0.0000070555
12.77	0.0000097267
12.78	0.0000132144
12.79	0.0000175621
12.8	0.0000227822
12.81	0.0000287094
12.82	0.0000351426
12.83	0.0000418525
12.84	0.0000486784
12.85	0.0000555874
12.86	0.0000625971
12.87	0.0000697813
12.88	0.0000771364
12.89	0.0000845601
12.9	0.0000918765
12.91	0.0000988777
12.92	0.0001053875
12.93	0.0001112959
12.94	0.0001165962
12.95	0.0001213646
12.96	0.0001256852
12.97	0.0001296479
12.98	0.0001333206
12.99	0.0001367236
13	0.0001397992
13.01	0.0001424537
13.02	0.0001445804
13.03	0.0001461055
13.04	0.0001470284
13.05	0.0001474178
13.06	0.0001473790
13.07	0.0001470277
13.08	0.0001464803
13.09	0.0001458321
13.1	0.0001451381
13.11	0.0001444383
13.12	0.0001437339
13.13	0.0001430340
13.14	0.0001423047
13.15	0.0001415493
13.16	0.0001407537
13.17	0.0001399241
13.18	0.0001390618
13.19	0.0001381880
13.2	0.0001373214
13.21	0.0001364695
13.22	0.0001356563
13.23	0.0001348976
13.24	0.0001342063
13.25	0.0001335979
13.26	0.0001330748
13.27	0.0001326484
13.28	0.0001323216
13.29	0.0001320862
13.3	0.0001319451
13.31	0.0001318974
13.32	0.0001319220
13.33	0.0001320227
13.34	0.0001321964
13.35	0.0001324351
13.36	0.0001327358
13.37	0.0001331055
13.38	0.0001335457
13.39	0.0001340572
13.4	0.0001346456
13.41	0.0001353283
13.42	0.0001361116
13.43	0.0001370068
13.44	0.0001380343
13.45	0.0001392137
13.46	0.0001405732
13.47	0.0001421442
13.48	0.0001439671
13.49	0.0001460838
13.5	0.0001485403
13.51	0.0001513834
13.52	0.0001546674
13.53	0.0001584456
13.54	0.0001627474
13.55	0.0001675702
13.56	0.0001728862
13.57	0.0001786163
13.58	0.0001846280
13.59	0.0001907120
13.6	0.0001966283
13.61	0.0002021445
13.62	0.0002070625
13.63	0.0002112389
13.64	0.0002145933
13.65	0.0002170978
13.66	0.0002187583
13.67	0.0002196000
13.68	0.0002196440
13.69	0.0002188743
13.7	0.0002172465
13.71	0.0002147138
13.72	0.0002112566
13.73	0.0002069159
13.74	0.0002018138
13.75	0.0001961521
13.76	0.0001901595
13.77	0.0001840609
13.78	0.0001780350
13.79	0.0001722233
13.8	0.0001667237
13.81	0.0001616072
13.82	0.0001569133
13.83	0.0001526680
13.84	0.0001488810
13.85	0.0001455431
13.86	0.0001426327
13.87	0.0001401270
13.88	0.0001379938
13.89	0.0001362034
13.9	0.0001347121
13.91	0.0001334809
13.92	0.0001324820
13.93	0.0001316847
13.94	0.0001310591
13.95	0.0001305865
13.96	0.0001302435
13.97	0.0001300141
13.98	0.0001298851
13.99	0.0001298368
14	0.0001298561
14.01	0.0001299307
14.02	0.0001300482
14.03	0.0001301982
14.04	0.0001303669
14.05	0.0001305394
14.06	0.0001307078
14.07	0.0001308608
14.08	0.0001309900
14.09	0.0001310918
14.1	0.0001311604
14.11	0.0001311945
14.12	0.0001311921
14.13	0.0001311535
14.14	0.0001310758
14.15	0.0001309616
14.16	0.0001308065
14.17	0.0001306042
14.18	0.0001303459
14.19	0.0001299967
14.2	0.0001295226
14.21	0.0001289032
14.22	0.0001281127
14.23	0.0001271235
14.24	0.0001259130
14.25	0.0001244627
14.26	0.0001227578
14.27	0.0001207901
14.28	0.0001185602
14.29	0.0001160739
14.3	0.0001133446
14.31	0.0001103894
14.32	0.0001072325
14.33	0.0001039024
14.34	0.0001004306
14.35	0.0000968496
14.36	0.0000931930
14.37	0.0000894897
14.38	0.0000857674
14.39	0.0000820508
14.4	0.0000783647
14.41	0.0000747276
14.42	0.0000711570
14.43	0.0000676683
14.44	0.0000642765
14.45	0.0000609910
14.46	0.0000578220
14.47	0.0000547761
14.48	0.0000518590
14.49	0.0000490730
14.5	0.0000464188
14.51	0.0000438957
14.52	0.0000415007
14.53	0.0000392303
14.54	0.0000370784
14.55	0.0000350365
14.56	0.0000330976
14.57	0.0000312522
14.58	0.0000294918
14.59	0.0000278073
14.6	0.0000261929
14.61	0.0000246407
14.62	0.0000231442
14.63	0.0000217005
14.64	0.0000203026
14.65	0.0000189460
14.66	0.0000176285
14.67	0.0000163444
14.68	0.0000150921
14.69	0.0000138675
14.7	0.0000126696
14.71	0.0000114944
14.72	0.0000103404
14.73	0.0000092071
14.74	0.0000080936
14.75	0.0000069991
14.76	0.0000059241
14.77	0.0000048698
14.78	0.0000038380
14.79	0.0000028320
14.8	0.0000018517
14.81	0.0000009013
14.82	-0.0000000202
14.83	-0.0000009107
14.84	-0.0000017669
14.85	-0.0000025860
14.86	-0.0000033669
14.87	-0.0000041087
14.88	-0.0000048089
14.89	-0.0000054691
14.9	-0.0000060903
14.91	-0.0000066747
14.92	-0.0000072264
14.93	-0.0000077498
14.94	-0.0000082509
14.95	-0.0000087355
14.96	-0.0000092115
14.97	-0.0000096852
14.98	-0.0000101642
14.99	-0.0000106543
15	-0.0000111612
15.01	-0.0000116897
15.02	-0.0000122430
15.03	-0.0000128241
15.04	-0.0000134339
15.05	-0.0000140732
15.06	-0.0000147410
15.07	-0.0000154361
15.08	-0.0000161551
15.09	-0.0000168969
15.1	-0.0000176570
15.11	-0.0000184318
15.12	-0.0000192182
15.13	-0.0000200122
15.14	-0.0000208089
15.15	-0.0000216044
15.16	-0.0000223949
15.17	-0.0000231759
15.18	-0.0000239435
15.19	-0.0000246946
15.2	-0.0000254266
15.21	-0.0000261365
15.22	-0.0000268217
15.23	-0.0000274794
15.24	-0.0000281083
15.25	-0.0000287069
15.26	-0.0000292746
15.27	-0.0000298101
15.28	-0.0000303123
15.29	-0.0000307806
15.3	-0.0000312171
15.31	-0.0000316201
15.32	-0.0000319910
15.33	-0.0000323290
15.34	-0.0000326352
15.35	-0.0000329098
15.36	-0.0000331534
15.37	-0.0000333667
15.38	-0.0000335498
15.39	-0.0000337034
15.4	-0.0000338293
15.41	-0.0000339277
15.42	-0.0000339994
15.43	-0.0000340447
15.44	-0.0000340646
15.45	-0.0000340619
15.46	-0.0000340370
15.47	-0.0000339904
15.48	-0.0000339230
15.49	-0.0000338359
15.5	-0.0000337300
15.51	-0.0000336077
15.52	-0.0000334678
15.53	-0.0000333119
15.54	-0.0000331415
15.55	-0.0000329579
15.56	-0.0000327610
15.57	-0.0000325512
15.58	-0.0000323303
15.59	-0.0000321016
15.6	-0.0000318613
15.61	-0.0000316119
15.62	-0.0000313569
15.63	-0.0000310925
15.64	-0.0000308205
15.65	-0.0000305455
15.66	-0.0000302637
15.67	-0.0000299765
15.68	-0.0000296885
15.69	-0.0000293991
15.7	-0.0000291087
15.71	-0.0000288195
15.72	-0.0000285308
15.73	-0.0000282453
15.74	-0.0000279651
15.75	-0.0000276877
15.76	-0.0000274126
15.77	-0.0000271418
15.78	-0.0000268725
15.79	-0.0000266062
15.8	-0.0000263418
15.81	-0.0000260753
15.82	-0.0000258075
15.83	-0.0000255332
15.84	-0.0000252503
15.85	-0.0000249535
15.86	-0.0000246397
15.87	-0.0000243046
15.88	-0.0000239420
15.89	-0.0000235477
15.9	-0.0000231149
15.91	-0.0000226410
15.92	-0.0000221202
15.93	-0.0000215534
15.94	-0.0000209378
15.95	-0.0000202674
15.96	-0.0000195467
15.97	-0.0000187764
15.98	-0.0000179633
15.99	-0.0000171029
16	-0.0000162051
16.01	-0.0000152746
16.02	-0.0000143174
16.03	-0.0000133427
16.04	-0.0000123569
16.05	-0.0000113679
16.06	-0.0000103805
16.07	-0.0000093998
16.08	-0.0000084326
16.09	-0.0000074829
16.1	-0.0000065592
16.11	-0.0000056667
16.12	-0.0000048177
16.13	-0.0000040222
16.14	-0.0000032936
16.15	-0.0000026482
16.16	-0.0000021030
16.17	-0.0000016836
16.18	-0.0000014234
16.19	-0.0000013685
16.2	-0.0000015769
16.21	-0.0000021218
16.22	-0.0000030992
16.23	-0.0000045788
16.24	-0.0000066967
16.25	-0.0000095846
16.26	-0.0000133422
16.27	-0.0000180470
16.28	-0.0000236824
16.29	-0.0000300668
16.3	-0.0000369726
16.31	-0.0000441580
16.32	-0.0000514406
16.33	-0.0000587964
16.34	-0.0000662680
16.35	-0.0000739289
16.36	-0.0000817489
16.37	-0.0000896104
16.38	-0.0000972968
16.39	-0.0001045543
16.4	-0.0001112314
16.41	-0.0001172586
16.42	-0.0001226292
16.43	-0.0001273945
16.44	-0.0001316876
16.45	-0.0001355767
16.46	-0.0001391238
16.47	-0.0001423271
16.48	-0.0001451360
16.49	-0.0001474712
16.5	-0.0001492535
16.51	-0.0001504263
16.52	-0.0001510044
16.53	-0.0001510476
16.54	-0.0001506784
16.55	-0.0001500045
16.56	-0.0001491419
16.57	-0.0001481798
16.58	-0.0001471818
16.59	-0.0001461792
16.6	-0.0001452014
16.61	-0.0001442482
16.62	-0.0001433129
16.63	-0.0001423940
16.64	-0.0001414869
16.65	-0.0001405809
16.66	-0.0001396989
16.67	-0.0001388364
16.68	-0.0001380061
16.69	-0.0001372216
16.7	-0.0001364857
16.71	-0.0001358168
16.72	-0.0001352207
16.73	-0.0001347011
16.74	-0.0001342724
16.75	-0.0001339342
16.76	-0.0001336898
16.77	-0.0001335433
16.78	-0.0001334903
16.79	-0.0001335275
16.8	-0.0001336557
16.81	-0.0001338640
16.82	-0.0001341470
16.83	-0.0001345063
16.84	-0.0001349382
16.85	-0.0001354362
16.86	-0.0001360105
16.87	-0.0001366630
16.88	-0.0001373959
16.89	-0.0001382224
16.9	-0.0001391518
16.91	-0.0001401985
16.92	-0.0001413799
16.93	-0.0001427216
16.94	-0.0001442622
16.95	-0.0001460413
16.96	-0.0001481036
16.97	-0.0001505022
16.98	-0.0001532943
16.99	-0.0001565400
17	-0.0001603086
17.01	-0.0001646431
17.02	-0.0001695559
17.03	-0.0001750174
17.04	-0.0001809488
17.05	-0.0001872130
17.06	-0.0001935904
17.07	-0.0001998273
17.08	-0.0002056703
17.09	-0.0002109041
17.1	-0.0002153694
17.11	-0.0002189723
17.12	-0.0002216685
17.13	-0.0002234610
17.14	-0.0002243885
17.15	-0.0002244893
17.16	-0.0002237811
17.17	-0.0002222405
17.18	-0.0002198163
17.19	-0.0002164813
17.2	-0.0002122398
17.21	-0.0002071821
17.22	-0.0002014870
17.23	-0.0001953785
17.24	-0.0001890932
17.25	-0.0001828314
17.26	-0.0001767556
17.27	-0.0001709742
17.28	-0.0001655730
17.29	-0.0001605994
17.3	-0.0001560890
17.31	-0.0001520483
17.32	-0.0001484770
17.33	-0.0001453539
17.34	-0.0001426532
17.35	-0.0001403462
17.36	-0.0001383976
17.37	-0.0001367605
17.38	-0.0001353972
17.39	-0.0001342769
17.4	-0.0001333632
17.41	-0.0001326280
17.42	-0.0001320469
17.43	-0.0001315995
17.44	-0.0001312697
17.45	-0.0001310373
17.46	-0.0001308879
17.47	-0.0001308077
17.48	-0.0001307827
17.49	-0.0001308053
17.5	-0.0001308601
17.51	-0.0001309309
17.52	-0.0001310063
17.53	-0.0001310783
17.54	-0.0001311351
17.55	-0.0001311668
17.56	-0.0001311745
17.57	-0.0001311487
17.58	-0.0001310931
17.59	-0.0001310081
17.6	-0.0001308916
17.61	-0.0001307514
17.62	-0.0001305835
17.63	-0.0001303857
17.64	-0.0001301550
17.65	-0.0001298579
17.66	-0.0001294650
17.67	-0.0001289545
17.68	-0.0001283008
17.69	-0.0001274721
17.7	-0.0001264436
17.71	-0.0001251933
17.72	-0.0001237002
17.73	-0.0001219458
17.74	-0.0001199201
17.75	-0.0001176233
17.76	-0.0001150633
17.77	-0.0001122557
17.78	-0.0001092152
17.79	-0.0001059689
17.8	-0.0001025469
17.81	-0.0000989822
17.82	-0.0000953087
17.83	-0.0000915593
17.84	-0.0000877668
17.85	-0.0000839578
17.86	-0.0000801624
17.87	-0.0000764004
17.88	-0.0000726937
17.89	-0.0000690593
17.9	-0.0000655118
17.91	-0.0000620638
17.92	-0.0000587272
17.93	-0.0000555108
17.94	-0.0000524211
17.95	-0.0000494619
17.96	-0.0000466371
17.97	-0.0000439479
17.98	-0.0000413930
17.99	-0.0000389704
18	-0.0000366757
18.01	-0.0000345034
18.02	-0.0000324465
18.03	-0.0000304971
18.04	-0.0000286451
18.05	-0.0000268804
18.06	-0.0000251941
18.07	-0.0000235766
18.08	-0.0000220210
18.09	-0.0000205185
18.1	-0.0000190633
18.11	-0.0000176485
18.12	-0.0000162697
18.13	-0.0000149219
18.14	-0.0000135975
18.15	-0.0000122990
18.16	-0.0000110158
18.17	-0.0000097488
18.18	-0.0000084948
18.19	-0.0000072519
18.2	-0.0000060167
18.21	-0.0000047920
18.22	-0.0000035773
18.23	-0.0000023750
18.24	-0.0000011880
18.25	-0.0000000234
18.26	0.0000011156
18.27	0.0000022285
18.28	0.0000033079
18.29	0.0000043486
18.3	0.0000053459
18.31	0.0000062944
18.32	0.0000071879
18.33	0.0000080235
18.34	0.0000088015
18.35	0.0000095165
18.36	0.0000101713
18.37	0.0000107677
18.38	0.0000113114
18.39	0.0000118076
18.4	0.0000122656
18.41	0.0000126950
18.42	0.0000131060
18.43	0.0000135080
18.44	0.0000139128
18.45	0.0000143273
18.46	0.0000147614
18.47	0.0000152202
18.48	0.0000157098
18.49	0.0000162335
18.5	0.0000167940
18.51	0.0000173923
18.52	0.0000180276
18.53	0.0000186984
18.54	0.0000194029
18.55	0.0000201381
18.56	0.0000209004
18.57	0.0000216852
18.58	0.0000224881
18.59	0.0000233044
18.6	0.0000241287
18.61	0.0000249583
18.62	0.0000257866
18.63	0.0000266097
18.64	0.0000274235
18.65	0.0000282240
18.66	0.0000290074
18.67	0.0000297707
18.68	0.0000305111
18.69	0.0000312260
18.7	0.0000319131
18.71	0.0000325703
18.72	0.0000331970
18.73	0.0000337918
18.74	0.0000343542
18.75	0.0000348834
18.76	0.0000353787
18.77	0.0000358404
18.78	0.0000362688
18.79	0.0000366644
18.8	0.0000370274
18.81	0.0000373582
18.82	0.0000376585
18.83	0.0000379242
18.84	0.0000381606
18.85	0.0000383678
18.86	0.0000385464
18.87	0.0000386966
18.88	0.0000388182
18.89	0.0000389113
18.9	0.0000389769
18.91	0.0000390146
18.92	0.0000390273
18.93	0.0000390153
18.94	0.0000389798
18.95	0.0000389208
18.96	0.0000388386
18.97	0.0000387355
18.98	0.0000386103
18.99	0.0000384661
19	0.0000383028
19.01	0.0000381213
19.02	0.0000379213
19.03	0.0000377040
19.04	0.0000374725
19.05	0.0000372256
19.06	0.0000369629
19.07	0.0000366867
19.08	0.0000363998
19.09	0.0000360999
19.1	0.0000357876
19.11	0.0000354654
19.12	0.0000351350
19.13	0.0000347927
19.14	0.0000344411
19.15	0.0000340829
19.16	0.0000337161
19.17	0.0000333416
19.18	0.0000329644
19.19	0.0000325826
19.2	0.0000321974
19.21	0.0000318107
19.22	0.0000314233
19.23	0.0000310381
19.24	0.0000306540
19.25	0.0000302732
19.26	0.0000298954
19.27	0.0000295226
19.28	0.0000291550
19.29	0.0000287904
19.3	0.0000284310
19.31	0.0000280746
19.32	0.0000277224
19.33	0.0000273729
19.34	0.0000270230
19.35	0.0000266719
19.36	0.0000263151
19.37	0.0000259516
19.38	0.0000255743
19.39	0.0000251810
19.4	0.0000247656
19.41	0.0000243244
19.42	0.0000238493
19.43	0.0000233392
19.44	0.0000227867
19.45	0.0000221918
19.46	0.0000215507
19.47	0.0000208661
19.48	0.0000201325
19.49	0.0000193506
19.5	0.0000185250
19.51	0.0000176594
19.52	0.0000167597
19.53	0.0000158272
19.54	0.0000148687
19.55	0.0000138898
19.56	0.0000129007
19.57	0.0000119092
19.58	0.0000109207
19.59	0.0000099443
19.6	0.0000089835
19.61	0.0000080413
19.62	0.0000071264
19.63	0.0000062399
19.64	0.0000053893
19.65	0.0000045842
19.66	0.0000038332
19.67	0.0000031480
19.68	0.0000025413
19.69	0.0000020312
19.7	0.0000016340
19.71	0.0000013744
19.72	0.0000012864
19.73	0.0000014132
19.74	0.0000018238
19.75	0.0000025797
19.76	0.0000037638
19.77	0.0000054781
19.78	0.0000078953
19.79	0.0000111069
19.8	0.0000152171
19.81	0.0000202813
19.82	0.0000262554
19.83	0.0000329220
19.84	0.0000400295
19.85	0.0000474154
19.86	0.0000548573
19.87	0.0000623678
19.88	0.0000699821
19.89	0.0000777798
19.9	0.0000857131
19.91	0.0000935710
19.92	0.0001011807
19.93	0.0001082526
19.94	0.0001146592
19.95	0.0001203562
19.96	0.0001253783
19.97	0.0001298007
19.98	0.0001337073
19.99	0.0001372028
20	0.0001403403
20.01	0.0001430863
20.02	0.0001453683
20.03	0.0001471060
20.04	0.0001482170
20.05	0.0001486857
20.06	0.0001485667
20.07	0.0001479689
20.08	0.0001470122
20.09	0.0001458356
20.1	0.0001445323
20.11	0.0001431996
20.12	0.0001418933
20.13	0.0001406367
20.14	0.0001394389
20.15	0.0001382976
20.16	0.0001372021
20.17	0.0001361452
20.18	0.0001351140
20.19	0.0001341082
20.2	0.0001331407
20.21	0.0001322010
20.22	0.0001313128
20.23	0.0001304732
20.24	0.0001296999
20.25	0.0001289996
20.26	0.0001283775
20.27	0.0001278505
20.28	0.0001274167
20.29	0.0001270827
20.3	0.0001268529
20.31	0.0001267260
20.32	0.0001266977
20.33	0.0001267694
20.34	0.0001269327
20.35	0.0001271818
20.36	0.0001275117
20.37	0.0001279151
20.38	0.0001283942
20.39	0.0001289490
20.4	0.0001295848
20.41	0.0001303018
20.42	0.0001311091
20.43	0.0001320162
20.44	0.0001330334
20.45	0.0001341761
20.46	0.0001354679
20.47	0.0001369358
20.48	0.0001386169
20.49	0.0001405575
20.5	0.0001428035
20.51	0.0001454033
20.52	0.0001484148
20.53	0.0001519218
20.54	0.0001559818
20.55	0.0001606450
20.56	0.0001659168
20.57	0.0001717318
20.58	0.0001779758
20.59	0.0001844538
20.6	0.0001908826
20.61	0.0001969652
20.62	0.0002024495
20.63	0.0002071373
20.64	0.0002109092
20.65	0.0002137109
20.66	0.0002155437
20.67	0.0002164577
20.68	0.0002165165
20.69	0.0002157681
20.7	0.0002142114
20.71	0.0002118158
20.72	0.0002085546
20.73	0.0002044154
20.74	0.0001994779
20.75	0.0001939143
20.76	0.0001879578
20.77	0.0001818506
20.78	0.0001758091
20.79	0.0001700014
20.8	0.0001645390
20.81	0.0001595083
20.82	0.0001549455
20.83	0.0001508725
20.84	0.0001472885
20.85	0.0001441858
20.86	0.0001415227
20.87	0.0001392802
20.88	0.0001374190
20.89	0.0001358979
20.9	0.0001346691
20.91	0.0001336936
20.92	0.0001329362
20.93	0.0001323666
20.94	0.0001319589
20.95	0.0001316856
20.96	0.0001315255
20.97	0.0001314599
20.98	0.0001314733
20.99	0.0001315551
21	0.0001316895
21.01	0.0001318651
21.02	0.0001320677
21.03	0.0001322887
21.04	0.0001325163
21.05	0.0001327404
21.06	0.0001329544
21.07	0.0001331449
21.08	0.0001333087
21.09	0.0001334412
21.1	0.0001335386
21.11	0.0001335991
21.12	0.0001336272
21.13	0.0001336174
21.14	0.0001335725
21.15	0.0001334928
21.16	0.0001333775
21.17	0.0001332233
21.18	0.0001330149
21.19	0.0001327422
21.2	0.0001323693
21.21	0.0001318596
21.22	0.0001311838
21.23	0.0001303192
21.24	0.0001292385
21.25	0.0001279236
21.26	0.0001263596
21.27	0.0001245401
21.28	0.0001224629
21.29	0.0001201329
21.3	0.0001175609
21.31	0.0001147611
21.32	0.0001117568
21.33	0.0001085732
21.34	0.0001052396
21.35	0.0001017839
21.36	0.0000982374
21.37	0.0000946285
21.38	0.0000909837
21.39	0.0000873264
21.4	0.0000836775
21.41	0.0000800584
21.42	0.0000764852
21.43	0.0000729725
21.44	0.0000695335
21.45	0.0000661829
21.46	0.0000629291
21.47	0.0000597802
21.48	0.0000567439
21.49	0.0000538266
21.5	0.0000510284
21.51	0.0000483518
21.52	0.0000457958
21.53	0.0000433581
21.54	0.0000410380
21.55	0.0000388309
21.56	0.0000367312
21.57	0.0000347342
21.58	0.0000328314
21.59	0.0000310181
21.6	0.0000292886
21.61	0.0000276384
21.62	0.0000260615
21.63	0.0000245536
21.64	0.0000231084
21.65	0.0000217232
21.66	0.0000203926
21.67	0.0000191124
21.68	0.0000178770
21.69	0.0000166848
21.7	0.0000155303
21.71	0.0000144106
21.72	0.0000133222
21.73	0.0000122626
21.74	0.0000112281
21.75	0.0000102169
21.76	0.0000092264
21.77	0.0000082557
21.78	0.0000073041
21.79	0.0000063700
21.8	0.0000054541
21.81	0.0000045577
21.82	0.0000036816
21.83	0.0000028250
21.84	0.0000019890
21.85	0.0000011755
21.86	0.0000003832
21.87	-0.0000003882
21.88	-0.0000011369
21.89	-0.0000018619
21.9	-0.0000025622
21.91	-0.0000032390
21.92	-0.0000038946
21.93	-0.0000045303
21.94	-0.0000051492
21.95	-0.0000057551
21.96	-0.0000063502
21.97	-0.0000069393
21.98	-0.0000075248
21.99	-0.0000081106
22	-0.0000087012
22.01	-0.0000092990
22.02	-0.0000099072
22.03	-0.0000105283
22.04	-0.0000111640
22.05	-0.0000118150
22.06	-0.0000124814
22.07	-0.0000131622
22.08	-0.0000138566
22.09	-0.0000145632
22.1	-0.0000152800
22.11	-0.0000160044
22.12	-0.0000167331
22.13	-0.0000174644
22.14	-0.0000181944
22.15	-0.0000189202
22.16	-0.0000196383
22.17	-0.0000203456
22.18	-0.0000210392
22.19	-0.0000217159
22.2	-0.0000223737
22.21	-0.0000230101
22.22	-0.0000236231
22.23	-0.0000242115
22.24	-0.0000247721
22.25	-0.0000253053
22.26	-0.0000258095
22.27	-0.0000262821
22.28	-0.0000267267
22.29	-0.0000271397
22.3	-0.0000275215
22.31	-0.0000278727
22.32	-0.0000281940
22.33	-0.0000284865
22.34	-0.0000287506
22.35	-0.0000289864
22.36	-0.0000291946
22.37	-0.0000293754
22.38	-0.0000295296
22.39	-0.0000296580
22.4	-0.0000297617
22.41	-0.0000298415
22.42	-0.0000298988
22.43	-0.0000299323
22.44	-0.0000299433
22.45	-0.0000299337
22.46	-0.0000299064
22.47	-0.0000298616
22.48	-0.0000297987
22.49	-0.0000297189
22.5	-0.0000296238
22.51	-0.0000295160
22.52	-0.0000293946
22.53	-0.0000292596
22.54	-0.0000291128
22.55	-0.0000289573
22.56	-0.0000287916
22.57	-0.0000286156
22.58	-0.0000284327
22.59	-0.0000282439
22.6	-0.0000280472
22.61	-0.0000278455
22.62	-0.0000276409
22.63	-0.0000274294
22.64	-0.0000272136
22.65	-0.0000269956
22.66	-0.0000267760
22.67	-0.0000265556
22.68	-0.0000263350
22.69	-0.0000261142
22.7	-0.0000258946
22.71	-0.0000256802
22.72	-0.0000254696
22.73	-0.0000252629
22.74	-0.0000250605
22.75	-0.0000248609
22.76	-0.0000246649
22.77	-0.0000244727
22.78	-0.0000242815
22.79	-0.0000240932
22.8	-0.0000239015
22.81	-0.0000237063
22.82	-0.0000235042
22.83	-0.0000232918
22.84	-0.0000230655
22.85	-0.0000228196
22.86	-0.0000225511
22.87	-0.0000222533
22.88	-0.0000219219
22.89	-0.0000215511
22.9	-0.0000211370
22.91	-0.0000206801
22.92	-0.0000201747
22.93	-0.0000196178
22.94	-0.0000190076
22.95	-0.0000183495
22.96	-0.0000176449
22.97	-0.0000168923
22.98	-0.0000160971
22.99	-0.0000152636
23	-0.0000143990
23.01	-0.0000135106
23.02	-0.0000126056
23.03	-0.0000116876
23.04	-0.0000107654
23.05	-0.0000098433
23.06	-0.0000089281
23.07	-0.0000080227
23.08	-0.0000071383
23.09	-0.0000062797
23.1	-0.0000054600
23.11	-0.0000046895
23.12	-0.0000039821
23.13	-0.0000033536
23.14	-0.0000028275
23.15	-0.0000024278
23.16	-0.0000021939
23.17	-0.0000021788
23.18	-0.0000024537
23.19	-0.0000030958
23.2	-0.0000042114
23.21	-0.0000058745
23.22	-0.0000082208
23.23	-0.0000113684
23.24	-0.0000154322
23.25	-0.0000204515
23.26	-0.0000263380
23.27	-0.0000328761
23.28	-0.0000398464
23.29	-0.0000470215
23.3	-0.0000542109
23.31	-0.0000614439
23.32	-0.0000687687
23.33	-0.0000762896
23.34	-0.0000839500
23.35	-0.0000915677
23.36	-0.0000989253
23.37	-0.0001057929
23.38	-0.0001120448
23.39	-0.0001176268
23.4	-0.0001225746
23.41	-0.0001269748
23.42	-0.0001308988
23.43	-0.0001344551
23.44	-0.0001377062
23.45	-0.0001406554
23.46	-0.0001432371
23.47	-0.0001453964
23.48	-0.0001470486
23.49	-0.0001481577
23.5	-0.0001487221
23.51	-0.0001488234
23.52	-0.0001485485
23.53	-0.0001479973
23.54	-0.0001472837
23.55	-0.0001464693
23.56	-0.0001456304
23.57	-0.0001447928
23.58	-0.0001439828
23.59	-0.0001432074
23.6	-0.0001424540
23.61	-0.0001417233
23.62	-0.0001410043
23.63	-0.0001402969
23.64	-0.0001396069
23.65	-0.0001389346
23.66	-0.0001382824
23.67	-0.0001376684
23.68	-0.0001370899
23.69	-0.0001365636
23.7	-0.0001360922
23.71	-0.0001356828
23.72	-0.0001353453
23.73	-0.0001350814
23.74	-0.0001348968
23.75	-0.0001347945
23.76	-0.0001347738
23.77	-0.0001348356
23.78	-0.0001349805
23.79	-0.0001352005
23.8	-0.0001354928
23.81	-0.0001358634
23.82	-0.0001363084
23.83	-0.0001368266
23.84	-0.0001374230
23.85	-0.0001381034
23.86	-0.0001388705
23.87	-0.0001397379
23.88	-0.0001407133
23.89	-0.0001418112
23.9	-0.0001430504
23.91	-0.0001444556
23.92	-0.0001460615
23.93	-0.0001479079
23.94	-0.0001500423
23.95	-0.0001525133
23.96	-0.0001553763
23.97	-0.0001586934
23.98	-0.0001625117
23.99	-0.0001668663
24	-0.0001717589
24.01	-0.0001771468
24.02	-0.0001829409
24.03	-0.0001889907
24.04	-0.0001951044
24.05	-0.0002010611
24.06	-0.0002066414
24.07	-0.0002116600
24.08	-0.0002159802
24.09	-0.0002195161
24.1	-0.0002222329
24.11	-0.0002241194
24.12	-0.0002251930
24.13	-0.0002254790
24.14	-0.0002249649
24.15	-0.0002236270
24.16	-0.0002214220
24.17	-0.0002183275
24.18	-0.0002143615
24.19	-0.0002096105
24.2	-0.0002042426
24.21	-0.0001984658
24.22	-0.0001924923
24.23	-0.0001865081
24.24	-0.0001806620
24.25	-0.0001750611
24.26	-0.0001697821
24.27	-0.0001648720
24.28	-0.0001603727
24.29	-0.0001563004
24.3	-0.0001526545
24.31	-0.0001494246
24.32	-0.0001465972
24.33	-0.0001441432
24.34	-0.0001420356
24.35	-0.0001402334
24.36	-0.0001387073
24.37	-0.0001374218
24.38	-0.0001363472
24.39	-0.0001354566
24.4	-0.0001347250
24.41	-0.0001341331
24.42	-0.0001336661
24.43	-0.0001333073
24.44	-0.0001330393
24.45	-0.0001328479
24.46	-0.0001327213
24.47	-0.0001326459
24.48	-0.0001326111
24.49	-0.0001325994
24.5	-0.0001325992
24.51	-0.0001326006
24.52	-0.0001325904
24.53	-0.0001325575
24.54	-0.0001325016
24.55	-0.0001324172
24.56	-0.0001323032
24.57	-0.0001321588
24.58	-0.0001319871
24.59	-0.0001317900
24.6	-0.0001315651
24.61	-0.0001313174
24.62	-0.0001310235
24.63	-0.0001306588
24.64	-0.0001301989
24.65	-0.0001296232
24.66	-0.0001289012
24.67	-0.0001280059
24.68	-0.0001269137
24.69	-0.0001256011
24.7	-0.0001240482
24.71	-0.0001222376
24.72	-0.0001201592
24.73	-0.0001178105
24.74	-0.0001151997
24.75	-0.0001123376
24.76	-0.0001092426
24.77	-0.0001059416
24.78	-0.0001024639
24.79	-0.0000988432
24.8	-0.0000951139
24.81	-0.0000913094
24.82	-0.0000874616
24.83	-0.0000836006
24.84	-0.0000797542
24.85	-0.0000759459
24.86	-0.0000721944
24.87	-0.0000685182
24.88	-0.0000649319
24.89	-0.0000614498
24.9	-0.0000580842
24.91	-0.0000548422
24.92	-0.0000517287
24.93	-0.0000487474
24.94	-0.0000459014
24.95	-0.0000431900
24.96	-0.0000406139
24.97	-0.0000381659
24.98	-0.0000358409
24.99	-0.0000336321
25	-0.0000315323
25.01	-0.0000295317
25.02	-0.0000276211
25.03	-0.0000257922
25.04	-0.0000240328
25.05	-0.0000223365
25.06	-0.0000206928
25.07	-0.0000190981
25.08	-0.0000175446
25.09	-0.0000160269
25.1	-0.0000145408
25.11	-0.0000130806
25.12	-0.0000116407
25.13	-0.0000102194
25.14	-0.0000088131
25.15	-0.0000074197
25.16	-0.0000060362
25.17	-0.0000046611
25.18	-0.0000032942
25.19	-0.0000019372
25.2	-0.0000005920
25.21	0.0000007360
25.22	0.0000020411
25.23	0.0000033213
25.24	0.0000045666
25.25	0.0000057719
25.26	0.0000069355
25.27	0.0000080427
25.28	0.0000090890
25.29	0.0000100675
25.3	0.0000109739
25.31	0.0000118027
25.32	0.0000125543
25.33	0.0000132305
25.34	0.0000138350
25.35	0.0000143752
25.36	0.0000148607
25.37	0.0000153028
25.38	0.0000157127
25.39	0.0000161026
25.4	0.0000164849
25.41	0.0000168714
25.42	0.0000172731
25.43	0.0000176985
25.44	0.0000181563
25.45	0.0000186516
25.46	0.0000191879
25.47	0.0000197676
25.48	0.0000203913
25.49	0.0000210582
25.5	0.0000217665
25.51	0.0000225134
25.52	0.0000232949
25.53	0.0000241066
25.54	0.0000249430
25.55	0.0000257994
25.56	0.0000266701
25.57	0.0000275504
25.58	0.0000284352
25.59	0.0000293181
25.6	0.0000301951
25.61	0.0000310621
25.62	0.0000319137
25.63	0.0000327468
25.64	0.0000335578
25.65	0.0000343440
25.66	0.0000351031
25.67	0.0000358322
25.68	0.0000365297
25.69	0.0000371934
25.7	0.0000378233
25.71	0.0000384178
25.72	0.0000389764
25.73	0.0000394995
25.74	0.0000399863
25.75	0.0000404379
25.76	0.0000408546
25.77	0.0000412357
25.78	0.0000415837
25.79	0.0000418981
25.8	0.0000421792
25.81	0.0000424282
25.82	0.0000426455
25.83	0.0000428318
25.84	0.0000429876
25.85	0.0000431142
25.86	0.0000432096
25.87	0.0000432765
25.88	0.0000433141
25.89	0.0000433245
25.9	0.0000433076
25.91	0.0000432645
25.92	0.0000431955
25.93	0.0000431013
25.94	0.0000429824
25.95	0.0000428401
25.96	0.0000426760
25.97	0.0000424918
25.98	0.0000422863
25.99	0.0000420600
26	0.0000418137
26.01	0.0000415497
26.02	0.0000412688
26.03	0.0000409708
26.04	0.0000406557
26.05	0.0000403257
26.06	0.0000399818
26.07	0.0000396247
26.08	0.0000392530
26.09	0.0000388695
26.1	0.0000384748
26.11	0.0000380692
26.12	0.0000376513
26.13	0.0000372243
26.14	0.0000367875
26.15	0.0000363401
26.16	0.0000358863
26.17	0.0000354263
26.18	0.0000349592
26.19	0.0000344881
26.2	0.0000340126
26.21	0.0000335361
26.22	0.0000330598
26.23	0.0000325825
26.24	0.0000321089
26.25	0.0000316380
26.26	0.0000311722
26.27	0.0000307134
26.28	0.0000302597
26.29	0.0000298141
26.3	0.0000293747
26.31	0.0000289447
26.32	0.0000285216
26.33	0.0000281070
26.34	0.0000276978
26.35	0.0000272945
26.36	0.0000268956
26.37	0.0000264978
26.38	0.0000260999
26.39	0.0000256959
26.4	0.0000252838
26.41	0.0000248582
26.42	0.0000244151
26.43	0.0000239489
26.44	0.0000234537
26.45	0.0000229238
26.46	0.0000223571
26.47	0.0000217485
26.48	0.0000210982
26.49	0.0000204052
26.5	0.0000196712
26.51	0.0000188927
26.52	0.0000180742
26.53	0.0000172203
26.54	0.0000163368
26.55	0.0000154281
26.56	0.0000144981
26.57	0.0000135539
26.58	0.0000126012
26.59	0.0000116498
26.6	0.0000107071
26.61	0.0000097803
26.62	0.0000088750
26.63	0.0000079927
26.64	0.0000071401
26.65	0.0000063217
26.66	0.0000055391
26.67	0.0000048007
26.68	0.0000041157
26.69	0.0000034919
26.7	0.0000029419
26.71	0.0000024803
26.72	0.0000021224
26.73	0.0000018834
26.74	0.0000017913
26.75	0.0000018826
26.76	0.0000022036
26.77	0.0000028169
26.78	0.0000037904
26.79	0.0000052213
26.8	0.0000072651
26.81	0.0000100510
26.82	0.0000136793
26.83	0.0000182524
26.84	0.0000238064
26.85	0.0000302336
26.86	0.0000372866
26.87	0.0000446889
26.88	0.0000522453
26.89	0.0000598490
26.9	0.0000674920
26.91	0.0000752312
26.92	0.0000830688
26.93	0.0000909274
26.94	0.0000985802
26.95	0.0001057990
26.96	0.0001123903
26.97	0.0001182178
26.98	0.0001232700
26.99	0.0001275844
27	0.0001313006
27.01	0.0001345164
27.02	0.0001373175
27.03	0.0001397323
27.04	0.0001417461
27.05	0.0001432808
27.06	0.0001442660
27.07	0.0001446527
27.08	0.0001444476
27.09	0.0001437249
27.1	0.0001426039
27.11	0.0001412106
27.12	0.0001396677
27.13	0.0001380773
27.14	0.0001365132
27.15	0.0001350213
27.16	0.0001336240
27.17	0.0001323395
27.18	0.0001311514
27.19	0.0001300437
27.2	0.0001290020
27.21	0.0001280176
27.22	0.0001270789
27.23	0.0001261812
27.24	0.0001253327
27.25	0.0001245252
27.26	0.0001237746
27.27	0.0001230839
27.28	0.0001224557
27.29	0.0001219067
27.3	0.0001214412
27.31	0.0001210629
27.32	0.0001207841
27.33	0.0001206053
27.34	0.0001205267
27.35	0.0001205535
27.36	0.0001206797
27.37	0.0001209017
27.38	0.0001212171
27.39	0.0001216179
27.4	0.0001221037
27.41	0.0001226729
27.42	0.0001233283
27.43	0.0001240677
27.44	0.0001248980
27.45	0.0001258266
27.46	0.0001268614
27.47	0.0001280134
27.48	0.0001292988
27.49	0.0001307431
27.5	0.0001323749
27.51	0.0001342358
27.52	0.0001363702
27.53	0.0001388258
27.54	0.0001416474
27.55	0.0001449275
27.56	0.0001487376
27.57	0.0001531381
27.58	0.0001581641
27.59	0.0001637689
27.6	0.0001698529
27.61	0.0001762525
27.62	0.0001826896
27.63	0.0001888447
27.64	0.0001944381
27.65	0.0001992443
27.66	0.0002031275
27.67	0.0002060246
27.68	0.0002079310
27.69	0.0002089002
27.7	0.0002090012
27.71	0.0002083039
27.72	0.0002068219
27.73	0.0002045614
27.74	0.0002014792
27.75	0.0001975749
27.76	0.0001929172
27.77	0.0001876602
27.78	0.0001820226
27.79	0.0001762484
27.8	0.0001705523
27.81	0.0001651062
27.82	0.0001600260
27.83	0.0001553866
27.84	0.0001512214
27.85	0.0001475448
27.86	0.0001443524
27.87	0.0001416250
27.88	0.0001393204
27.89	0.0001374174
27.9	0.0001358703
27.91	0.0001346394
27.92	0.0001336809
27.93	0.0001329584
27.94	0.0001324355
27.95	0.0001320782
27.96	0.0001318622
27.97	0.0001317632
27.98	0.0001317594
27.99	0.0001318364
28	0.0001319823
 
